2000 4000 
1 1981 1
1 21 1
1 20 1
1 2 -1
2 1982 -1
2 22 1
2 3 1
3 1983 -1
3 23 1
3 4 -1
4 1984 1
4 24 1
4 5 1
5 1985 1
5 25 1
5 6 1
6 1986 1
6 26 1
6 7 1
7 1987 1
7 27 -1
7 8 1
8 1988 -1
8 28 1
8 9 -1
9 1989 1
9 29 -1
9 10 1
10 1990 1
10 30 1
10 11 1
11 1991 -1
11 31 -1
11 12 -1
12 1992 1
12 32 1
12 13 1
13 1993 1
13 33 1
13 14 -1
14 1994 1
14 34 1
14 15 -1
15 1995 -1
15 35 1
15 16 1
16 1996 1
16 36 1
16 17 1
17 1997 -1
17 37 1
17 18 -1
18 1998 -1
18 38 1
18 19 1
19 1999 1
19 39 1
19 20 1
20 2000 1
20 40 -1
21 41 1
21 40 -1
21 22 1
22 42 -1
22 23 1
23 43 -1
23 24 -1
24 44 1
24 25 1
25 45 -1
25 26 -1
26 46 -1
26 27 1
27 47 -1
27 28 -1
28 48 -1
28 29 1
29 49 -1
29 30 1
30 50 -1
30 31 -1
31 51 -1
31 32 1
32 52 -1
32 33 -1
33 53 1
33 34 1
34 54 1
34 35 1
35 55 1
35 36 1
36 56 -1
36 37 -1
37 57 1
37 38 1
38 58 1
38 39 -1
39 59 1
39 40 1
40 60 -1
41 61 -1
41 60 -1
41 42 -1
42 62 -1
42 43 1
43 63 -1
43 44 -1
44 64 1
44 45 1
45 65 -1
45 46 -1
46 66 -1
46 47 1
47 67 -1
47 48 -1
48 68 -1
48 49 -1
49 69 1
49 50 -1
50 70 1
50 51 -1
51 71 1
51 52 -1
52 72 1
52 53 -1
53 73 1
53 54 -1
54 74 1
54 55 1
55 75 -1
55 56 1
56 76 1
56 57 -1
57 77 1
57 58 1
58 78 1
58 59 -1
59 79 1
59 60 -1
60 80 1
61 81 -1
61 80 -1
61 62 -1
62 82 -1
62 63 -1
63 83 1
63 64 1
64 84 -1
64 65 -1
65 85 1
65 66 -1
66 86 -1
66 67 1
67 87 -1
67 68 1
68 88 -1
68 69 -1
69 89 -1
69 70 1
70 90 1
70 71 -1
71 91 -1
71 72 -1
72 92 1
72 73 1
73 93 1
73 74 1
74 94 1
74 75 -1
75 95 1
75 76 -1
76 96 -1
76 77 1
77 97 -1
77 78 -1
78 98 -1
78 79 -1
79 99 1
79 80 1
80 100 1
81 101 -1
81 100 1
81 82 1
82 102 1
82 83 -1
83 103 1
83 84 1
84 104 1
84 85 1
85 105 1
85 86 1
86 106 -1
86 87 -1
87 107 1
87 88 -1
88 108 -1
88 89 -1
89 109 -1
89 90 1
90 110 -1
90 91 1
91 111 1
91 92 -1
92 112 1
92 93 1
93 113 1
93 94 -1
94 114 -1
94 95 -1
95 115 -1
95 96 -1
96 116 1
96 97 -1
97 117 -1
97 98 -1
98 118 -1
98 99 1
99 119 1
99 100 1
100 120 1
101 121 1
101 120 1
101 102 1
102 122 -1
102 103 -1
103 123 -1
103 104 1
104 124 -1
104 105 1
105 125 -1
105 106 -1
106 126 -1
106 107 -1
107 127 1
107 108 1
108 128 1
108 109 -1
109 129 1
109 110 1
110 130 1
110 111 -1
111 131 -1
111 112 -1
112 132 -1
112 113 -1
113 133 -1
113 114 -1
114 134 -1
114 115 1
115 135 -1
115 116 1
116 136 1
116 117 1
117 137 -1
117 118 -1
118 138 -1
118 119 1
119 139 -1
119 120 -1
120 140 1
121 141 1
121 140 -1
121 122 -1
122 142 1
122 123 1
123 143 1
123 124 1
124 144 1
124 125 1
125 145 1
125 126 -1
126 146 -1
126 127 -1
127 147 -1
127 128 -1
128 148 1
128 129 1
129 149 -1
129 130 -1
130 150 1
130 131 -1
131 151 1
131 132 -1
132 152 1
132 133 1
133 153 -1
133 134 -1
134 154 1
134 135 -1
135 155 1
135 136 1
136 156 1
136 137 1
137 157 1
137 138 -1
138 158 -1
138 139 -1
139 159 -1
139 140 1
140 160 -1
141 161 -1
141 160 1
141 142 -1
142 162 1
142 143 -1
143 163 -1
143 144 -1
144 164 -1
144 145 1
145 165 -1
145 146 -1
146 166 1
146 147 1
147 167 -1
147 148 -1
148 168 1
148 149 -1
149 169 -1
149 150 1
150 170 -1
150 151 -1
151 171 -1
151 152 1
152 172 -1
152 153 -1
153 173 1
153 154 -1
154 174 -1
154 155 -1
155 175 1
155 156 -1
156 176 -1
156 157 -1
157 177 -1
157 158 -1
158 178 -1
158 159 1
159 179 1
159 160 -1
160 180 -1
161 181 -1
161 180 1
161 162 -1
162 182 -1
162 163 1
163 183 -1
163 164 1
164 184 1
164 165 1
165 185 -1
165 166 -1
166 186 1
166 167 1
167 187 1
167 168 1
168 188 1
168 169 -1
169 189 -1
169 170 1
170 190 -1
170 171 -1
171 191 1
171 172 1
172 192 1
172 173 -1
173 193 1
173 174 1
174 194 -1
174 175 -1
175 195 1
175 176 -1
176 196 -1
176 177 -1
177 197 -1
177 178 -1
178 198 1
178 179 1
179 199 -1
179 180 1
180 200 1
181 201 1
181 200 -1
181 182 -1
182 202 -1
182 183 1
183 203 1
183 184 1
184 204 1
184 185 -1
185 205 -1
185 186 1
186 206 -1
186 187 -1
187 207 1
187 188 1
188 208 -1
188 189 -1
189 209 1
189 190 1
190 210 -1
190 191 1
191 211 1
191 192 1
192 212 -1
192 193 -1
193 213 -1
193 194 1
194 214 -1
194 195 -1
195 215 1
195 196 1
196 216 1
196 197 -1
197 217 -1
197 198 1
198 218 1
198 199 1
199 219 1
199 200 1
200 220 -1
201 221 1
201 220 1
201 202 1
202 222 1
202 203 1
203 223 -1
203 204 -1
204 224 1
204 205 -1
205 225 -1
205 206 -1
206 226 1
206 207 1
207 227 -1
207 208 -1
208 228 1
208 209 -1
209 229 1
209 210 1
210 230 1
210 211 1
211 231 -1
211 212 1
212 232 -1
212 213 -1
213 233 1
213 214 -1
214 234 -1
214 215 1
215 235 1
215 216 -1
216 236 1
216 217 1
217 237 -1
217 218 1
218 238 1
218 219 -1
219 239 1
219 220 1
220 240 1
221 241 1
221 240 1
221 222 -1
222 242 -1
222 223 -1
223 243 1
223 224 -1
224 244 -1
224 225 -1
225 245 -1
225 226 -1
226 246 -1
226 227 -1
227 247 -1
227 228 -1
228 248 1
228 229 -1
229 249 1
229 230 1
230 250 -1
230 231 1
231 251 -1
231 232 1
232 252 1
232 233 1
233 253 -1
233 234 -1
234 254 -1
234 235 1
235 255 -1
235 236 1
236 256 -1
236 237 -1
237 257 1
237 238 1
238 258 1
238 239 -1
239 259 1
239 240 1
240 260 1
241 261 -1
241 260 1
241 242 1
242 262 1
242 243 -1
243 263 -1
243 244 -1
244 264 -1
244 245 1
245 265 -1
245 246 -1
246 266 -1
246 247 1
247 267 1
247 248 1
248 268 -1
248 249 -1
249 269 1
249 250 -1
250 270 -1
250 251 -1
251 271 -1
251 252 1
252 272 1
252 253 1
253 273 1
253 254 1
254 274 -1
254 255 1
255 275 -1
255 256 1
256 276 1
256 257 1
257 277 1
257 258 1
258 278 -1
258 259 -1
259 279 -1
259 260 -1
260 280 1
261 281 1
261 280 1
261 262 -1
262 282 -1
262 263 1
263 283 -1
263 264 1
264 284 1
264 265 1
265 285 1
265 266 -1
266 286 -1
266 267 -1
267 287 1
267 268 1
268 288 1
268 269 1
269 289 1
269 270 1
270 290 -1
270 271 1
271 291 -1
271 272 1
272 292 1
272 273 -1
273 293 -1
273 274 -1
274 294 1
274 275 1
275 295 1
275 276 -1
276 296 1
276 277 -1
277 297 -1
277 278 1
278 298 -1
278 279 1
279 299 -1
279 280 -1
280 300 1
281 301 -1
281 300 -1
281 282 -1
282 302 -1
282 283 1
283 303 -1
283 284 1
284 304 -1
284 285 -1
285 305 -1
285 286 -1
286 306 -1
286 287 -1
287 307 -1
287 288 -1
288 308 1
288 289 1
289 309 -1
289 290 1
290 310 -1
290 291 1
291 311 1
291 292 1
292 312 -1
292 293 1
293 313 1
293 294 1
294 314 1
294 295 -1
295 315 1
295 296 -1
296 316 -1
296 297 1
297 317 1
297 298 -1
298 318 1
298 299 1
299 319 1
299 300 -1
300 320 1
301 321 1
301 320 -1
301 302 -1
302 322 1
302 303 -1
303 323 1
303 304 -1
304 324 1
304 305 -1
305 325 1
305 306 1
306 326 1
306 307 1
307 327 -1
307 308 1
308 328 1
308 309 -1
309 329 -1
309 310 -1
310 330 -1
310 311 1
311 331 -1
311 312 1
312 332 1
312 313 1
313 333 -1
313 314 1
314 334 -1
314 315 1
315 335 1
315 316 1
316 336 1
316 317 -1
317 337 -1
317 318 1
318 338 -1
318 319 1
319 339 -1
319 320 -1
320 340 1
321 341 -1
321 340 -1
321 322 -1
322 342 1
322 323 1
323 343 -1
323 324 -1
324 344 -1
324 325 -1
325 345 1
325 326 1
326 346 1
326 327 1
327 347 1
327 328 1
328 348 1
328 329 -1
329 349 -1
329 330 -1
330 350 -1
330 331 -1
331 351 -1
331 332 1
332 352 -1
332 333 1
333 353 1
333 334 1
334 354 1
334 335 -1
335 355 -1
335 336 -1
336 356 1
336 337 1
337 357 1
337 338 -1
338 358 -1
338 339 -1
339 359 1
339 340 -1
340 360 -1
341 361 -1
341 360 -1
341 342 1
342 362 -1
342 343 1
343 363 -1
343 344 -1
344 364 -1
344 345 -1
345 365 -1
345 346 -1
346 366 -1
346 347 -1
347 367 1
347 348 1
348 368 1
348 349 1
349 369 1
349 350 -1
350 370 1
350 351 -1
351 371 1
351 352 1
352 372 1
352 353 -1
353 373 -1
353 354 -1
354 374 1
354 355 -1
355 375 1
355 356 1
356 376 1
356 357 1
357 377 -1
357 358 1
358 378 -1
358 359 1
359 379 -1
359 360 -1
360 380 1
361 381 1
361 380 1
361 362 1
362 382 -1
362 363 -1
363 383 1
363 364 1
364 384 1
364 365 1
365 385 1
365 366 1
366 386 -1
366 367 1
367 387 -1
367 368 -1
368 388 1
368 369 1
369 389 -1
369 370 1
370 390 -1
370 371 1
371 391 1
371 372 -1
372 392 -1
372 373 -1
373 393 -1
373 374 -1
374 394 -1
374 375 -1
375 395 -1
375 376 1
376 396 -1
376 377 1
377 397 1
377 378 -1
378 398 -1
378 379 1
379 399 1
379 380 1
380 400 -1
381 401 1
381 400 -1
381 382 1
382 402 -1
382 383 -1
383 403 -1
383 384 -1
384 404 -1
384 385 -1
385 405 1
385 386 -1
386 406 1
386 387 -1
387 407 1
387 388 -1
388 408 1
388 389 -1
389 409 1
389 390 1
390 410 -1
390 391 -1
391 411 -1
391 392 -1
392 412 -1
392 393 1
393 413 -1
393 394 -1
394 414 -1
394 395 1
395 415 1
395 396 1
396 416 1
396 397 -1
397 417 -1
397 398 -1
398 418 -1
398 399 -1
399 419 1
399 400 1
400 420 -1
401 421 1
401 420 -1
401 402 1
402 422 -1
402 403 -1
403 423 -1
403 404 1
404 424 1
404 405 -1
405 425 1
405 406 -1
406 426 1
406 407 -1
407 427 1
407 408 1
408 428 1
408 409 -1
409 429 1
409 410 1
410 430 -1
410 411 -1
411 431 1
411 412 -1
412 432 -1
412 413 -1
413 433 -1
413 414 1
414 434 -1
414 415 -1
415 435 1
415 416 1
416 436 -1
416 417 1
417 437 1
417 418 -1
418 438 -1
418 419 1
419 439 -1
419 420 1
420 440 -1
421 441 -1
421 440 -1
421 422 1
422 442 -1
422 423 -1
423 443 1
423 424 -1
424 444 -1
424 425 1
425 445 -1
425 426 -1
426 446 -1
426 427 1
427 447 1
427 428 -1
428 448 -1
428 429 -1
429 449 -1
429 430 -1
430 450 -1
430 431 -1
431 451 -1
431 432 1
432 452 1
432 433 1
433 453 -1
433 434 1
434 454 1
434 435 -1
435 455 1
435 436 1
436 456 1
436 437 1
437 457 1
437 438 -1
438 458 1
438 439 1
439 459 1
439 440 -1
440 460 -1
441 461 1
441 460 1
441 442 -1
442 462 -1
442 443 -1
443 463 1
443 444 -1
444 464 1
444 445 -1
445 465 -1
445 446 -1
446 466 1
446 447 1
447 467 -1
447 448 -1
448 468 1
448 449 -1
449 469 -1
449 450 -1
450 470 1
450 451 -1
451 471 1
451 452 -1
452 472 -1
452 453 1
453 473 -1
453 454 -1
454 474 -1
454 455 1
455 475 -1
455 456 -1
456 476 -1
456 457 1
457 477 -1
457 458 1
458 478 -1
458 459 1
459 479 1
459 460 1
460 480 1
461 481 -1
461 480 1
461 462 -1
462 482 1
462 463 -1
463 483 -1
463 464 1
464 484 1
464 465 -1
465 485 1
465 466 -1
466 486 -1
466 467 1
467 487 1
467 468 1
468 488 1
468 469 1
469 489 1
469 470 1
470 490 -1
470 471 1
471 491 -1
471 472 -1
472 492 -1
472 473 -1
473 493 -1
473 474 1
474 494 1
474 475 1
475 495 1
475 476 -1
476 496 -1
476 477 1
477 497 1
477 478 1
478 498 1
478 479 -1
479 499 1
479 480 1
480 500 -1
481 501 -1
481 500 1
481 482 1
482 502 -1
482 483 -1
483 503 -1
483 484 1
484 504 -1
484 485 -1
485 505 1
485 486 1
486 506 1
486 487 -1
487 507 1
487 488 -1
488 508 1
488 489 -1
489 509 1
489 490 1
490 510 -1
490 491 -1
491 511 -1
491 492 1
492 512 -1
492 493 -1
493 513 -1
493 494 1
494 514 1
494 495 1
495 515 1
495 496 1
496 516 -1
496 497 -1
497 517 -1
497 498 1
498 518 -1
498 499 1
499 519 -1
499 500 1
500 520 1
501 521 1
501 520 1
501 502 -1
502 522 -1
502 503 -1
503 523 1
503 504 -1
504 524 -1
504 505 1
505 525 -1
505 506 1
506 526 -1
506 507 -1
507 527 -1
507 508 -1
508 528 1
508 509 1
509 529 1
509 510 1
510 530 1
510 511 1
511 531 -1
511 512 1
512 532 1
512 513 1
513 533 -1
513 514 1
514 534 1
514 515 -1
515 535 -1
515 516 1
516 536 -1
516 517 1
517 537 -1
517 518 -1
518 538 1
518 519 1
519 539 -1
519 520 -1
520 540 -1
521 541 1
521 540 -1
521 522 1
522 542 1
522 523 -1
523 543 1
523 524 1
524 544 1
524 525 -1
525 545 1
525 526 -1
526 546 1
526 527 1
527 547 -1
527 528 -1
528 548 -1
528 529 -1
529 549 1
529 530 -1
530 550 1
530 531 1
531 551 1
531 532 -1
532 552 -1
532 533 1
533 553 1
533 534 -1
534 554 -1
534 535 1
535 555 -1
535 536 1
536 556 1
536 537 -1
537 557 -1
537 538 -1
538 558 -1
538 539 1
539 559 1
539 540 1
540 560 1
541 561 -1
541 560 -1
541 542 -1
542 562 1
542 543 -1
543 563 1
543 544 1
544 564 1
544 545 -1
545 565 1
545 546 -1
546 566 -1
546 547 -1
547 567 -1
547 548 1
548 568 -1
548 549 1
549 569 -1
549 550 -1
550 570 1
550 551 1
551 571 -1
551 552 1
552 572 -1
552 553 -1
553 573 1
553 554 1
554 574 1
554 555 -1
555 575 -1
555 556 1
556 576 -1
556 557 -1
557 577 1
557 558 1
558 578 1
558 559 -1
559 579 -1
559 560 1
560 580 1
561 581 1
561 580 1
561 562 1
562 582 1
562 563 -1
563 583 1
563 564 -1
564 584 -1
564 565 1
565 585 1
565 566 -1
566 586 -1
566 567 -1
567 587 -1
567 568 -1
568 588 1
568 569 -1
569 589 -1
569 570 1
570 590 -1
570 571 -1
571 591 1
571 572 1
572 592 -1
572 573 -1
573 593 -1
573 574 1
574 594 1
574 575 1
575 595 1
575 576 1
576 596 1
576 577 1
577 597 1
577 578 -1
578 598 1
578 579 -1
579 599 1
579 580 1
580 600 1
581 601 -1
581 600 -1
581 582 -1
582 602 -1
582 583 1
583 603 -1
583 584 -1
584 604 -1
584 585 1
585 605 -1
585 586 1
586 606 1
586 587 1
587 607 -1
587 588 1
588 608 -1
588 589 1
589 609 1
589 590 1
590 610 -1
590 591 -1
591 611 -1
591 592 1
592 612 1
592 593 1
593 613 1
593 594 1
594 614 -1
594 595 1
595 615 1
595 596 -1
596 616 -1
596 597 1
597 617 1
597 598 -1
598 618 1
598 599 1
599 619 -1
599 600 -1
600 620 1
601 621 1
601 620 -1
601 602 -1
602 622 1
602 603 -1
603 623 -1
603 604 1
604 624 -1
604 605 1
605 625 -1
605 606 -1
606 626 1
606 607 -1
607 627 1
607 608 1
608 628 -1
608 609 1
609 629 -1
609 610 -1
610 630 1
610 611 -1
611 631 1
611 612 -1
612 632 1
612 613 1
613 633 1
613 614 1
614 634 -1
614 615 1
615 635 1
615 616 -1
616 636 1
616 617 -1
617 637 -1
617 618 1
618 638 1
618 619 1
619 639 -1
619 620 -1
620 640 -1
621 641 1
621 640 -1
621 622 -1
622 642 -1
622 623 1
623 643 1
623 624 1
624 644 1
624 625 1
625 645 1
625 626 -1
626 646 -1
626 627 1
627 647 -1
627 628 1
628 648 1
628 629 1
629 649 -1
629 630 -1
630 650 1
630 631 1
631 651 -1
631 632 -1
632 652 1
632 633 -1
633 653 -1
633 634 -1
634 654 1
634 635 -1
635 655 1
635 636 1
636 656 -1
636 637 -1
637 657 1
637 638 1
638 658 1
638 639 1
639 659 -1
639 640 -1
640 660 -1
641 661 1
641 660 -1
641 642 1
642 662 1
642 643 1
643 663 1
643 644 -1
644 664 -1
644 645 -1
645 665 -1
645 646 1
646 666 1
646 647 1
647 667 -1
647 648 1
648 668 1
648 649 -1
649 669 1
649 650 -1
650 670 -1
650 651 -1
651 671 -1
651 652 -1
652 672 1
652 653 1
653 673 -1
653 654 -1
654 674 1
654 655 1
655 675 -1
655 656 -1
656 676 1
656 657 -1
657 677 1
657 658 1
658 678 -1
658 659 -1
659 679 1
659 660 -1
660 680 -1
661 681 -1
661 680 -1
661 662 1
662 682 1
662 663 1
663 683 1
663 664 1
664 684 -1
664 665 -1
665 685 -1
665 666 -1
666 686 -1
666 667 1
667 687 1
667 668 1
668 688 -1
668 669 -1
669 689 1
669 670 -1
670 690 1
670 671 -1
671 691 1
671 672 1
672 692 -1
672 673 -1
673 693 -1
673 674 -1
674 694 1
674 675 -1
675 695 -1
675 676 1
676 696 -1
676 677 1
677 697 1
677 678 -1
678 698 -1
678 679 1
679 699 -1
679 680 1
680 700 -1
681 701 -1
681 700 -1
681 682 1
682 702 -1
682 683 1
683 703 -1
683 684 -1
684 704 -1
684 685 -1
685 705 -1
685 686 -1
686 706 -1
686 687 -1
687 707 -1
687 688 -1
688 708 1
688 689 1
689 709 1
689 690 -1
690 710 -1
690 691 1
691 711 -1
691 692 -1
692 712 1
692 693 -1
693 713 -1
693 694 -1
694 714 1
694 695 1
695 715 -1
695 696 1
696 716 -1
696 697 1
697 717 1
697 698 -1
698 718 -1
698 699 1
699 719 -1
699 700 -1
700 720 1
701 721 1
701 720 -1
701 702 1
702 722 1
702 703 -1
703 723 1
703 704 -1
704 724 1
704 705 -1
705 725 1
705 706 1
706 726 -1
706 707 1
707 727 -1
707 708 1
708 728 1
708 709 -1
709 729 1
709 710 -1
710 730 -1
710 711 1
711 731 1
711 712 -1
712 732 1
712 713 -1
713 733 -1
713 714 1
714 734 1
714 715 -1
715 735 -1
715 716 -1
716 736 -1
716 717 1
717 737 1
717 718 1
718 738 1
718 719 1
719 739 1
719 720 1
720 740 1
721 741 -1
721 740 -1
721 722 -1
722 742 1
722 723 1
723 743 1
723 724 -1
724 744 1
724 725 -1
725 745 -1
725 726 1
726 746 1
726 727 -1
727 747 -1
727 728 1
728 748 1
728 729 -1
729 749 1
729 730 1
730 750 -1
730 731 1
731 751 1
731 732 -1
732 752 1
732 733 -1
733 753 -1
733 734 1
734 754 1
734 735 -1
735 755 -1
735 736 -1
736 756 1
736 737 -1
737 757 -1
737 738 -1
738 758 -1
738 739 1
739 759 1
739 740 -1
740 760 1
741 761 -1
741 760 -1
741 742 1
742 762 1
742 743 -1
743 763 -1
743 744 1
744 764 1
744 745 1
745 765 1
745 746 1
746 766 -1
746 747 -1
747 767 1
747 748 1
748 768 1
748 749 1
749 769 -1
749 750 -1
750 770 1
750 751 -1
751 771 1
751 752 1
752 772 1
752 753 -1
753 773 1
753 754 -1
754 774 1
754 755 -1
755 775 -1
755 756 1
756 776 -1
756 757 -1
757 777 -1
757 758 -1
758 778 1
758 759 1
759 779 -1
759 760 -1
760 780 1
761 781 -1
761 780 1
761 762 -1
762 782 1
762 763 -1
763 783 -1
763 764 -1
764 784 1
764 765 1
765 785 1
765 766 1
766 786 1
766 767 -1
767 787 -1
767 768 -1
768 788 -1
768 769 1
769 789 1
769 770 1
770 790 1
770 771 -1
771 791 1
771 772 1
772 792 1
772 773 -1
773 793 -1
773 774 1
774 794 1
774 775 -1
775 795 -1
775 776 1
776 796 1
776 777 1
777 797 1
777 778 1
778 798 -1
778 779 1
779 799 -1
779 780 1
780 800 -1
781 801 1
781 800 -1
781 782 -1
782 802 1
782 783 -1
783 803 -1
783 784 -1
784 804 -1
784 785 1
785 805 1
785 786 1
786 806 1
786 787 1
787 807 1
787 788 1
788 808 -1
788 789 1
789 809 1
789 790 1
790 810 -1
790 791 -1
791 811 -1
791 792 -1
792 812 1
792 793 -1
793 813 1
793 794 1
794 814 1
794 795 -1
795 815 -1
795 796 1
796 816 1
796 797 -1
797 817 -1
797 798 -1
798 818 -1
798 799 1
799 819 1
799 800 -1
800 820 -1
801 821 -1
801 820 1
801 802 -1
802 822 -1
802 803 -1
803 823 -1
803 804 1
804 824 -1
804 805 1
805 825 -1
805 806 -1
806 826 1
806 807 -1
807 827 -1
807 808 1
808 828 -1
808 809 1
809 829 1
809 810 1
810 830 -1
810 811 -1
811 831 -1
811 812 1
812 832 -1
812 813 -1
813 833 -1
813 814 1
814 834 -1
814 815 -1
815 835 1
815 816 -1
816 836 1
816 817 -1
817 837 -1
817 818 1
818 838 1
818 819 1
819 839 1
819 820 -1
820 840 -1
821 841 -1
821 840 1
821 822 -1
822 842 -1
822 823 -1
823 843 1
823 824 1
824 844 -1
824 825 -1
825 845 -1
825 826 -1
826 846 1
826 827 -1
827 847 -1
827 828 -1
828 848 -1
828 829 1
829 849 1
829 830 1
830 850 1
830 831 1
831 851 1
831 832 1
832 852 -1
832 833 1
833 853 -1
833 834 1
834 854 -1
834 835 -1
835 855 -1
835 836 -1
836 856 -1
836 837 -1
837 857 -1
837 838 -1
838 858 -1
838 839 1
839 859 -1
839 840 -1
840 860 -1
841 861 -1
841 860 1
841 842 1
842 862 1
842 843 -1
843 863 -1
843 844 1
844 864 1
844 845 -1
845 865 -1
845 846 1
846 866 1
846 847 -1
847 867 -1
847 848 -1
848 868 1
848 849 -1
849 869 -1
849 850 1
850 870 1
850 851 1
851 871 1
851 852 -1
852 872 1
852 853 -1
853 873 -1
853 854 1
854 874 -1
854 855 1
855 875 -1
855 856 -1
856 876 1
856 857 -1
857 877 1
857 858 -1
858 878 -1
858 859 1
859 879 -1
859 860 -1
860 880 1
861 881 1
861 880 -1
861 862 1
862 882 1
862 863 -1
863 883 -1
863 864 -1
864 884 1
864 865 -1
865 885 -1
865 866 -1
866 886 -1
866 867 1
867 887 -1
867 868 -1
868 888 -1
868 869 1
869 889 -1
869 870 1
870 890 1
870 871 -1
871 891 -1
871 872 -1
872 892 1
872 873 -1
873 893 -1
873 874 1
874 894 1
874 875 1
875 895 1
875 876 -1
876 896 1
876 877 1
877 897 1
877 878 -1
878 898 1
878 879 1
879 899 1
879 880 -1
880 900 -1
881 901 1
881 900 -1
881 882 1
882 902 1
882 883 -1
883 903 1
883 884 1
884 904 1
884 885 -1
885 905 1
885 886 -1
886 906 1
886 887 1
887 907 1
887 888 1
888 908 1
888 889 1
889 909 -1
889 890 1
890 910 -1
890 891 -1
891 911 1
891 892 1
892 912 -1
892 893 1
893 913 1
893 894 1
894 914 -1
894 895 -1
895 915 1
895 896 -1
896 916 1
896 897 1
897 917 1
897 898 1
898 918 1
898 899 -1
899 919 1
899 900 -1
900 920 1
901 921 1
901 920 -1
901 902 -1
902 922 -1
902 903 -1
903 923 -1
903 904 -1
904 924 -1
904 905 -1
905 925 -1
905 906 -1
906 926 -1
906 907 -1
907 927 -1
907 908 1
908 928 1
908 909 1
909 929 1
909 910 -1
910 930 1
910 911 -1
911 931 1
911 912 1
912 932 1
912 913 1
913 933 1
913 914 1
914 934 1
914 915 1
915 935 -1
915 916 1
916 936 1
916 917 1
917 937 -1
917 918 1
918 938 1
918 919 1
919 939 -1
919 920 1
920 940 -1
921 941 1
921 940 -1
921 922 1
922 942 1
922 923 1
923 943 -1
923 924 -1
924 944 1
924 925 -1
925 945 -1
925 926 1
926 946 1
926 927 1
927 947 -1
927 928 -1
928 948 1
928 929 -1
929 949 -1
929 930 1
930 950 -1
930 931 -1
931 951 -1
931 932 -1
932 952 1
932 933 -1
933 953 1
933 934 1
934 954 1
934 935 -1
935 955 -1
935 936 1
936 956 -1
936 937 1
937 957 1
937 938 -1
938 958 1
938 939 -1
939 959 -1
939 940 1
940 960 -1
941 961 -1
941 960 -1
941 942 1
942 962 -1
942 943 -1
943 963 -1
943 944 -1
944 964 1
944 945 -1
945 965 1
945 946 1
946 966 1
946 947 -1
947 967 1
947 948 -1
948 968 1
948 949 -1
949 969 1
949 950 1
950 970 1
950 951 1
951 971 1
951 952 -1
952 972 1
952 953 1
953 973 1
953 954 1
954 974 -1
954 955 -1
955 975 1
955 956 1
956 976 -1
956 957 1
957 977 1
957 958 1
958 978 -1
958 959 -1
959 979 1
959 960 -1
960 980 -1
961 981 1
961 980 -1
961 962 -1
962 982 -1
962 963 1
963 983 -1
963 964 1
964 984 -1
964 965 1
965 985 -1
965 966 -1
966 986 1
966 967 -1
967 987 1
967 968 -1
968 988 -1
968 969 1
969 989 -1
969 970 1
970 990 -1
970 971 -1
971 991 1
971 972 1
972 992 -1
972 973 -1
973 993 1
973 974 1
974 994 -1
974 975 1
975 995 1
975 976 1
976 996 1
976 977 -1
977 997 -1
977 978 1
978 998 1
978 979 -1
979 999 -1
979 980 -1
980 1000 -1
981 1001 1
981 1000 -1
981 982 1
982 1002 -1
982 983 1
983 1003 1
983 984 1
984 1004 1
984 985 -1
985 1005 -1
985 986 -1
986 1006 1
986 987 1
987 1007 1
987 988 1
988 1008 -1
988 989 -1
989 1009 1
989 990 -1
990 1010 1
990 991 1
991 1011 -1
991 992 -1
992 1012 1
992 993 -1
993 1013 1
993 994 1
994 1014 -1
994 995 -1
995 1015 -1
995 996 1
996 1016 -1
996 997 1
997 1017 1
997 998 -1
998 1018 1
998 999 -1
999 1019 1
999 1000 1
1000 1020 1
1001 1021 -1
1001 1020 1
1001 1002 -1
1002 1022 -1
1002 1003 1
1003 1023 1
1003 1004 -1
1004 1024 -1
1004 1005 -1
1005 1025 1
1005 1006 -1
1006 1026 -1
1006 1007 1
1007 1027 -1
1007 1008 1
1008 1028 -1
1008 1009 -1
1009 1029 1
1009 1010 1
1010 1030 -1
1010 1011 1
1011 1031 -1
1011 1012 -1
1012 1032 1
1012 1013 -1
1013 1033 -1
1013 1014 1
1014 1034 -1
1014 1015 1
1015 1035 1
1015 1016 1
1016 1036 -1
1016 1017 -1
1017 1037 1
1017 1018 -1
1018 1038 1
1018 1019 -1
1019 1039 -1
1019 1020 1
1020 1040 1
1021 1041 -1
1021 1040 -1
1021 1022 1
1022 1042 1
1022 1023 -1
1023 1043 1
1023 1024 1
1024 1044 1
1024 1025 -1
1025 1045 -1
1025 1026 -1
1026 1046 1
1026 1027 -1
1027 1047 -1
1027 1028 1
1028 1048 -1
1028 1029 1
1029 1049 1
1029 1030 1
1030 1050 -1
1030 1031 -1
1031 1051 -1
1031 1032 -1
1032 1052 1
1032 1033 1
1033 1053 1
1033 1034 1
1034 1054 1
1034 1035 -1
1035 1055 -1
1035 1036 -1
1036 1056 -1
1036 1037 -1
1037 1057 -1
1037 1038 -1
1038 1058 1
1038 1039 -1
1039 1059 1
1039 1040 -1
1040 1060 1
1041 1061 1
1041 1060 1
1041 1042 -1
1042 1062 1
1042 1043 1
1043 1063 1
1043 1044 -1
1044 1064 1
1044 1045 1
1045 1065 1
1045 1046 -1
1046 1066 1
1046 1047 1
1047 1067 1
1047 1048 -1
1048 1068 -1
1048 1049 1
1049 1069 1
1049 1050 -1
1050 1070 -1
1050 1051 -1
1051 1071 1
1051 1052 1
1052 1072 1
1052 1053 1
1053 1073 -1
1053 1054 -1
1054 1074 -1
1054 1055 -1
1055 1075 -1
1055 1056 -1
1056 1076 1
1056 1057 -1
1057 1077 1
1057 1058 1
1058 1078 1
1058 1059 1
1059 1079 -1
1059 1060 1
1060 1080 -1
1061 1081 1
1061 1080 -1
1061 1062 1
1062 1082 -1
1062 1063 1
1063 1083 -1
1063 1064 1
1064 1084 1
1064 1065 1
1065 1085 -1
1065 1066 -1
1066 1086 -1
1066 1067 -1
1067 1087 1
1067 1068 -1
1068 1088 -1
1068 1069 1
1069 1089 1
1069 1070 1
1070 1090 -1
1070 1071 1
1071 1091 1
1071 1072 1
1072 1092 -1
1072 1073 -1
1073 1093 -1
1073 1074 1
1074 1094 1
1074 1075 1
1075 1095 -1
1075 1076 1
1076 1096 1
1076 1077 1
1077 1097 -1
1077 1078 1
1078 1098 -1
1078 1079 1
1079 1099 1
1079 1080 1
1080 1100 1
1081 1101 -1
1081 1100 1
1081 1082 -1
1082 1102 1
1082 1083 -1
1083 1103 1
1083 1084 -1
1084 1104 1
1084 1085 1
1085 1105 -1
1085 1086 -1
1086 1106 -1
1086 1087 -1
1087 1107 -1
1087 1088 1
1088 1108 -1
1088 1089 -1
1089 1109 -1
1089 1090 1
1090 1110 1
1090 1091 1
1091 1111 1
1091 1092 -1
1092 1112 -1
1092 1093 1
1093 1113 1
1093 1094 1
1094 1114 1
1094 1095 1
1095 1115 -1
1095 1096 -1
1096 1116 1
1096 1097 -1
1097 1117 1
1097 1098 1
1098 1118 -1
1098 1099 -1
1099 1119 1
1099 1100 -1
1100 1120 -1
1101 1121 1
1101 1120 1
1101 1102 -1
1102 1122 -1
1102 1103 1
1103 1123 -1
1103 1104 1
1104 1124 1
1104 1105 1
1105 1125 1
1105 1106 1
1106 1126 1
1106 1107 -1
1107 1127 -1
1107 1108 -1
1108 1128 -1
1108 1109 1
1109 1129 -1
1109 1110 1
1110 1130 1
1110 1111 1
1111 1131 -1
1111 1112 -1
1112 1132 -1
1112 1113 1
1113 1133 -1
1113 1114 1
1114 1134 1
1114 1115 1
1115 1135 1
1115 1116 -1
1116 1136 -1
1116 1117 1
1117 1137 -1
1117 1118 -1
1118 1138 -1
1118 1119 -1
1119 1139 1
1119 1120 -1
1120 1140 -1
1121 1141 -1
1121 1140 1
1121 1122 1
1122 1142 -1
1122 1123 -1
1123 1143 -1
1123 1124 -1
1124 1144 -1
1124 1125 -1
1125 1145 1
1125 1126 -1
1126 1146 1
1126 1127 1
1127 1147 1
1127 1128 -1
1128 1148 1
1128 1129 -1
1129 1149 1
1129 1130 1
1130 1150 1
1130 1131 1
1131 1151 1
1131 1132 -1
1132 1152 1
1132 1133 1
1133 1153 -1
1133 1134 -1
1134 1154 1
1134 1135 -1
1135 1155 -1
1135 1136 1
1136 1156 -1
1136 1137 1
1137 1157 -1
1137 1138 -1
1138 1158 1
1138 1139 -1
1139 1159 1
1139 1140 -1
1140 1160 -1
1141 1161 1
1141 1160 1
1141 1142 1
1142 1162 -1
1142 1143 1
1143 1163 -1
1143 1144 1
1144 1164 -1
1144 1145 -1
1145 1165 1
1145 1146 -1
1146 1166 1
1146 1147 -1
1147 1167 -1
1147 1148 1
1148 1168 -1
1148 1149 1
1149 1169 1
1149 1150 1
1150 1170 1
1150 1151 -1
1151 1171 1
1151 1152 -1
1152 1172 -1
1152 1153 -1
1153 1173 -1
1153 1154 -1
1154 1174 1
1154 1155 -1
1155 1175 -1
1155 1156 1
1156 1176 -1
1156 1157 -1
1157 1177 1
1157 1158 -1
1158 1178 1
1158 1159 1
1159 1179 -1
1159 1160 1
1160 1180 -1
1161 1181 -1
1161 1180 -1
1161 1162 1
1162 1182 1
1162 1163 -1
1163 1183 1
1163 1164 -1
1164 1184 -1
1164 1165 1
1165 1185 -1
1165 1166 1
1166 1186 -1
1166 1167 1
1167 1187 -1
1167 1168 -1
1168 1188 -1
1168 1169 1
1169 1189 -1
1169 1170 1
1170 1190 -1
1170 1171 -1
1171 1191 -1
1171 1172 -1
1172 1192 1
1172 1173 -1
1173 1193 -1
1173 1174 -1
1174 1194 1
1174 1175 1
1175 1195 -1
1175 1176 1
1176 1196 -1
1176 1177 1
1177 1197 1
1177 1178 -1
1178 1198 -1
1178 1179 1
1179 1199 -1
1179 1180 1
1180 1200 -1
1181 1201 1
1181 1200 -1
1181 1182 1
1182 1202 -1
1182 1183 -1
1183 1203 1
1183 1184 -1
1184 1204 1
1184 1185 1
1185 1205 -1
1185 1186 1
1186 1206 1
1186 1187 1
1187 1207 1
1187 1188 1
1188 1208 1
1188 1189 -1
1189 1209 -1
1189 1190 1
1190 1210 -1
1190 1191 -1
1191 1211 -1
1191 1192 1
1192 1212 -1
1192 1193 1
1193 1213 -1
1193 1194 -1
1194 1214 -1
1194 1195 -1
1195 1215 -1
1195 1196 -1
1196 1216 1
1196 1197 -1
1197 1217 -1
1197 1198 -1
1198 1218 -1
1198 1199 1
1199 1219 -1
1199 1200 1
1200 1220 1
1201 1221 1
1201 1220 1
1201 1202 -1
1202 1222 -1
1202 1203 1
1203 1223 -1
1203 1204 1
1204 1224 1
1204 1205 1
1205 1225 -1
1205 1206 1
1206 1226 1
1206 1207 1
1207 1227 -1
1207 1208 1
1208 1228 1
1208 1209 -1
1209 1229 1
1209 1210 1
1210 1230 -1
1210 1211 -1
1211 1231 -1
1211 1212 1
1212 1232 1
1212 1213 1
1213 1233 1
1213 1214 1
1214 1234 1
1214 1215 1
1215 1235 1
1215 1216 1
1216 1236 -1
1216 1217 -1
1217 1237 -1
1217 1218 1
1218 1238 -1
1218 1219 1
1219 1239 1
1219 1220 1
1220 1240 -1
1221 1241 -1
1221 1240 -1
1221 1222 1
1222 1242 -1
1222 1223 1
1223 1243 -1
1223 1224 -1
1224 1244 -1
1224 1225 1
1225 1245 -1
1225 1226 -1
1226 1246 -1
1226 1227 -1
1227 1247 -1
1227 1228 -1
1228 1248 -1
1228 1229 1
1229 1249 1
1229 1230 1
1230 1250 -1
1230 1231 -1
1231 1251 1
1231 1232 -1
1232 1252 -1
1232 1233 -1
1233 1253 -1
1233 1234 -1
1234 1254 -1
1234 1235 -1
1235 1255 1
1235 1236 -1
1236 1256 -1
1236 1237 -1
1237 1257 1
1237 1238 1
1238 1258 1
1238 1239 1
1239 1259 -1
1239 1240 1
1240 1260 1
1241 1261 -1
1241 1260 1
1241 1242 1
1242 1262 1
1242 1243 -1
1243 1263 -1
1243 1244 1
1244 1264 1
1244 1245 -1
1245 1265 1
1245 1246 1
1246 1266 1
1246 1247 -1
1247 1267 -1
1247 1248 1
1248 1268 -1
1248 1249 1
1249 1269 -1
1249 1250 1
1250 1270 1
1250 1251 1
1251 1271 1
1251 1252 -1
1252 1272 -1
1252 1253 1
1253 1273 -1
1253 1254 -1
1254 1274 -1
1254 1255 1
1255 1275 1
1255 1256 1
1256 1276 1
1256 1257 1
1257 1277 1
1257 1258 -1
1258 1278 1
1258 1259 1
1259 1279 1
1259 1260 -1
1260 1280 1
1261 1281 -1
1261 1280 1
1261 1262 1
1262 1282 1
1262 1263 1
1263 1283 1
1263 1264 -1
1264 1284 1
1264 1265 1
1265 1285 -1
1265 1266 -1
1266 1286 1
1266 1267 1
1267 1287 1
1267 1268 1
1268 1288 -1
1268 1269 -1
1269 1289 -1
1269 1270 -1
1270 1290 1
1270 1271 -1
1271 1291 1
1271 1272 -1
1272 1292 1
1272 1273 -1
1273 1293 1
1273 1274 1
1274 1294 1
1274 1275 -1
1275 1295 1
1275 1276 -1
1276 1296 1
1276 1277 -1
1277 1297 1
1277 1278 1
1278 1298 -1
1278 1279 1
1279 1299 -1
1279 1280 -1
1280 1300 -1
1281 1301 1
1281 1300 1
1281 1282 1
1282 1302 1
1282 1283 -1
1283 1303 1
1283 1284 -1
1284 1304 -1
1284 1285 -1
1285 1305 -1
1285 1286 -1
1286 1306 -1
1286 1287 1
1287 1307 1
1287 1288 1
1288 1308 1
1288 1289 -1
1289 1309 1
1289 1290 1
1290 1310 -1
1290 1291 -1
1291 1311 1
1291 1292 -1
1292 1312 -1
1292 1293 -1
1293 1313 -1
1293 1294 -1
1294 1314 1
1294 1295 1
1295 1315 -1
1295 1296 1
1296 1316 1
1296 1297 1
1297 1317 -1
1297 1298 1
1298 1318 1
1298 1299 -1
1299 1319 1
1299 1300 -1
1300 1320 1
1301 1321 1
1301 1320 -1
1301 1302 -1
1302 1322 1
1302 1303 1
1303 1323 1
1303 1304 1
1304 1324 1
1304 1305 -1
1305 1325 -1
1305 1306 1
1306 1326 -1
1306 1307 -1
1307 1327 1
1307 1308 1
1308 1328 1
1308 1309 1
1309 1329 -1
1309 1310 -1
1310 1330 -1
1310 1311 -1
1311 1331 -1
1311 1312 -1
1312 1332 -1
1312 1313 -1
1313 1333 -1
1313 1314 1
1314 1334 -1
1314 1315 -1
1315 1335 1
1315 1316 -1
1316 1336 1
1316 1317 1
1317 1337 1
1317 1318 -1
1318 1338 -1
1318 1319 1
1319 1339 -1
1319 1320 1
1320 1340 1
1321 1341 1
1321 1340 1
1321 1322 1
1322 1342 -1
1322 1323 1
1323 1343 -1
1323 1324 -1
1324 1344 -1
1324 1325 -1
1325 1345 -1
1325 1326 1
1326 1346 1
1326 1327 1
1327 1347 -1
1327 1328 1
1328 1348 1
1328 1329 -1
1329 1349 -1
1329 1330 -1
1330 1350 -1
1330 1331 -1
1331 1351 -1
1331 1332 1
1332 1352 1
1332 1333 1
1333 1353 1
1333 1334 -1
1334 1354 1
1334 1335 1
1335 1355 1
1335 1336 1
1336 1356 1
1336 1337 -1
1337 1357 1
1337 1338 -1
1338 1358 -1
1338 1339 -1
1339 1359 -1
1339 1340 -1
1340 1360 1
1341 1361 -1
1341 1360 -1
1341 1342 1
1342 1362 1
1342 1343 1
1343 1363 1
1343 1344 -1
1344 1364 1
1344 1345 -1
1345 1365 -1
1345 1346 -1
1346 1366 -1
1346 1347 -1
1347 1367 1
1347 1348 1
1348 1368 1
1348 1349 -1
1349 1369 1
1349 1350 -1
1350 1370 -1
1350 1351 -1
1351 1371 -1
1351 1352 -1
1352 1372 1
1352 1353 -1
1353 1373 1
1353 1354 1
1354 1374 1
1354 1355 -1
1355 1375 1
1355 1356 1
1356 1376 -1
1356 1357 1
1357 1377 -1
1357 1358 -1
1358 1378 1
1358 1359 -1
1359 1379 -1
1359 1360 -1
1360 1380 -1
1361 1381 1
1361 1380 -1
1361 1362 -1
1362 1382 1
1362 1363 -1
1363 1383 -1
1363 1364 -1
1364 1384 1
1364 1365 -1
1365 1385 -1
1365 1366 1
1366 1386 1
1366 1367 1
1367 1387 1
1367 1368 1
1368 1388 1
1368 1369 1
1369 1389 -1
1369 1370 -1
1370 1390 1
1370 1371 -1
1371 1391 -1
1371 1372 1
1372 1392 1
1372 1373 1
1373 1393 1
1373 1374 -1
1374 1394 1
1374 1375 1
1375 1395 -1
1375 1376 1
1376 1396 1
1376 1377 1
1377 1397 -1
1377 1378 1
1378 1398 1
1378 1379 1
1379 1399 1
1379 1380 -1
1380 1400 1
1381 1401 1
1381 1400 1
1381 1382 1
1382 1402 -1
1382 1383 1
1383 1403 -1
1383 1384 -1
1384 1404 1
1384 1385 1
1385 1405 1
1385 1386 -1
1386 1406 1
1386 1387 -1
1387 1407 1
1387 1388 -1
1388 1408 1
1388 1389 -1
1389 1409 -1
1389 1390 1
1390 1410 1
1390 1391 1
1391 1411 1
1391 1392 1
1392 1412 1
1392 1393 -1
1393 1413 -1
1393 1394 -1
1394 1414 1
1394 1395 -1
1395 1415 1
1395 1396 -1
1396 1416 -1
1396 1397 -1
1397 1417 -1
1397 1398 -1
1398 1418 -1
1398 1399 1
1399 1419 -1
1399 1400 1
1400 1420 -1
1401 1421 -1
1401 1420 1
1401 1402 -1
1402 1422 1
1402 1403 -1
1403 1423 -1
1403 1404 1
1404 1424 -1
1404 1405 -1
1405 1425 1
1405 1406 1
1406 1426 -1
1406 1407 1
1407 1427 -1
1407 1408 1
1408 1428 1
1408 1409 -1
1409 1429 -1
1409 1410 1
1410 1430 -1
1410 1411 1
1411 1431 1
1411 1412 -1
1412 1432 1
1412 1413 1
1413 1433 1
1413 1414 1
1414 1434 -1
1414 1415 -1
1415 1435 1
1415 1416 -1
1416 1436 1
1416 1417 -1
1417 1437 -1
1417 1418 -1
1418 1438 1
1418 1419 -1
1419 1439 -1
1419 1420 -1
1420 1440 1
1421 1441 1
1421 1440 -1
1421 1422 -1
1422 1442 1
1422 1423 -1
1423 1443 1
1423 1424 1
1424 1444 -1
1424 1425 -1
1425 1445 -1
1425 1426 -1
1426 1446 1
1426 1427 1
1427 1447 1
1427 1428 1
1428 1448 1
1428 1429 -1
1429 1449 1
1429 1430 -1
1430 1450 -1
1430 1431 -1
1431 1451 1
1431 1432 1
1432 1452 1
1432 1433 1
1433 1453 -1
1433 1434 1
1434 1454 1
1434 1435 1
1435 1455 1
1435 1436 1
1436 1456 -1
1436 1437 -1
1437 1457 -1
1437 1438 -1
1438 1458 -1
1438 1439 1
1439 1459 -1
1439 1440 1
1440 1460 1
1441 1461 1
1441 1460 1
1441 1442 1
1442 1462 -1
1442 1443 -1
1443 1463 -1
1443 1444 1
1444 1464 1
1444 1445 -1
1445 1465 1
1445 1446 1
1446 1466 -1
1446 1447 1
1447 1467 -1
1447 1448 1
1448 1468 1
1448 1449 1
1449 1469 -1
1449 1450 -1
1450 1470 1
1450 1451 1
1451 1471 1
1451 1452 1
1452 1472 -1
1452 1453 -1
1453 1473 1
1453 1454 1
1454 1474 1
1454 1455 -1
1455 1475 -1
1455 1456 -1
1456 1476 1
1456 1457 -1
1457 1477 -1
1457 1458 1
1458 1478 1
1458 1459 -1
1459 1479 1
1459 1460 -1
1460 1480 -1
1461 1481 1
1461 1480 -1
1461 1462 1
1462 1482 1
1462 1463 -1
1463 1483 -1
1463 1464 1
1464 1484 -1
1464 1465 -1
1465 1485 1
1465 1466 -1
1466 1486 -1
1466 1467 1
1467 1487 1
1467 1468 1
1468 1488 1
1468 1469 1
1469 1489 -1
1469 1470 1
1470 1490 1
1470 1471 1
1471 1491 -1
1471 1472 1
1472 1492 1
1472 1473 1
1473 1493 1
1473 1474 -1
1474 1494 -1
1474 1475 1
1475 1495 1
1475 1476 -1
1476 1496 1
1476 1477 -1
1477 1497 -1
1477 1478 -1
1478 1498 1
1478 1479 -1
1479 1499 1
1479 1480 1
1480 1500 -1
1481 1501 -1
1481 1500 -1
1481 1482 -1
1482 1502 -1
1482 1483 -1
1483 1503 1
1483 1484 -1
1484 1504 -1
1484 1485 1
1485 1505 1
1485 1486 -1
1486 1506 1
1486 1487 1
1487 1507 -1
1487 1488 1
1488 1508 -1
1488 1489 -1
1489 1509 -1
1489 1490 1
1490 1510 -1
1490 1491 1
1491 1511 -1
1491 1492 1
1492 1512 -1
1492 1493 1
1493 1513 1
1493 1494 1
1494 1514 -1
1494 1495 -1
1495 1515 1
1495 1496 1
1496 1516 -1
1496 1497 1
1497 1517 -1
1497 1498 1
1498 1518 1
1498 1499 -1
1499 1519 -1
1499 1500 1
1500 1520 1
1501 1521 -1
1501 1520 1
1501 1502 -1
1502 1522 -1
1502 1503 1
1503 1523 -1
1503 1504 1
1504 1524 1
1504 1505 1
1505 1525 -1
1505 1506 -1
1506 1526 -1
1506 1507 1
1507 1527 1
1507 1508 -1
1508 1528 1
1508 1509 1
1509 1529 -1
1509 1510 -1
1510 1530 1
1510 1511 1
1511 1531 1
1511 1512 -1
1512 1532 -1
1512 1513 1
1513 1533 1
1513 1514 -1
1514 1534 -1
1514 1515 -1
1515 1535 -1
1515 1516 -1
1516 1536 1
1516 1517 1
1517 1537 -1
1517 1518 1
1518 1538 -1
1518 1519 -1
1519 1539 -1
1519 1520 -1
1520 1540 1
1521 1541 1
1521 1540 -1
1521 1522 -1
1522 1542 1
1522 1523 -1
1523 1543 1
1523 1524 -1
1524 1544 1
1524 1525 -1
1525 1545 1
1525 1526 1
1526 1546 1
1526 1527 -1
1527 1547 1
1527 1528 -1
1528 1548 1
1528 1529 1
1529 1549 1
1529 1530 1
1530 1550 -1
1530 1531 1
1531 1551 1
1531 1532 -1
1532 1552 -1
1532 1533 1
1533 1553 -1
1533 1534 1
1534 1554 1
1534 1535 -1
1535 1555 1
1535 1536 1
1536 1556 -1
1536 1537 -1
1537 1557 -1
1537 1538 1
1538 1558 -1
1538 1539 -1
1539 1559 1
1539 1540 -1
1540 1560 1
1541 1561 -1
1541 1560 -1
1541 1542 -1
1542 1562 1
1542 1543 1
1543 1563 -1
1543 1544 1
1544 1564 1
1544 1545 1
1545 1565 -1
1545 1546 1
1546 1566 -1
1546 1547 1
1547 1567 1
1547 1548 -1
1548 1568 1
1548 1549 -1
1549 1569 -1
1549 1550 -1
1550 1570 1
1550 1551 1
1551 1571 1
1551 1552 -1
1552 1572 -1
1552 1553 1
1553 1573 -1
1553 1554 -1
1554 1574 1
1554 1555 1
1555 1575 -1
1555 1556 -1
1556 1576 -1
1556 1557 1
1557 1577 1
1557 1558 -1
1558 1578 -1
1558 1559 1
1559 1579 -1
1559 1560 1
1560 1580 1
1561 1581 1
1561 1580 -1
1561 1562 -1
1562 1582 -1
1562 1563 -1
1563 1583 1
1563 1564 -1
1564 1584 -1
1564 1565 1
1565 1585 -1
1565 1566 1
1566 1586 -1
1566 1567 1
1567 1587 -1
1567 1568 1
1568 1588 1
1568 1569 1
1569 1589 -1
1569 1570 -1
1570 1590 1
1570 1571 -1
1571 1591 -1
1571 1572 1
1572 1592 -1
1572 1573 1
1573 1593 1
1573 1574 1
1574 1594 -1
1574 1575 1
1575 1595 -1
1575 1576 -1
1576 1596 -1
1576 1577 1
1577 1597 1
1577 1578 1
1578 1598 -1
1578 1579 -1
1579 1599 -1
1579 1580 -1
1580 1600 1
1581 1601 1
1581 1600 -1
1581 1582 1
1582 1602 -1
1582 1583 -1
1583 1603 1
1583 1584 -1
1584 1604 1
1584 1585 1
1585 1605 1
1585 1586 -1
1586 1606 1
1586 1587 -1
1587 1607 1
1587 1588 1
1588 1608 1
1588 1589 1
1589 1609 1
1589 1590 1
1590 1610 1
1590 1591 -1
1591 1611 1
1591 1592 1
1592 1612 -1
1592 1593 1
1593 1613 -1
1593 1594 -1
1594 1614 -1
1594 1595 -1
1595 1615 1
1595 1596 1
1596 1616 -1
1596 1597 1
1597 1617 1
1597 1598 -1
1598 1618 -1
1598 1599 -1
1599 1619 -1
1599 1600 -1
1600 1620 -1
1601 1621 1
1601 1620 1
1601 1602 1
1602 1622 1
1602 1603 1
1603 1623 1
1603 1604 1
1604 1624 1
1604 1605 1
1605 1625 1
1605 1606 -1
1606 1626 1
1606 1607 -1
1607 1627 -1
1607 1608 -1
1608 1628 1
1608 1609 1
1609 1629 1
1609 1610 1
1610 1630 -1
1610 1611 -1
1611 1631 1
1611 1612 -1
1612 1632 1
1612 1613 1
1613 1633 1
1613 1614 1
1614 1634 1
1614 1615 1
1615 1635 1
1615 1616 1
1616 1636 1
1616 1617 -1
1617 1637 1
1617 1618 -1
1618 1638 -1
1618 1619 1
1619 1639 1
1619 1620 -1
1620 1640 1
1621 1641 -1
1621 1640 1
1621 1622 1
1622 1642 1
1622 1623 -1
1623 1643 1
1623 1624 -1
1624 1644 -1
1624 1625 -1
1625 1645 1
1625 1626 -1
1626 1646 1
1626 1627 -1
1627 1647 -1
1627 1628 -1
1628 1648 -1
1628 1629 1
1629 1649 -1
1629 1630 1
1630 1650 -1
1630 1631 -1
1631 1651 -1
1631 1632 -1
1632 1652 -1
1632 1633 -1
1633 1653 1
1633 1634 1
1634 1654 1
1634 1635 1
1635 1655 -1
1635 1636 -1
1636 1656 1
1636 1637 1
1637 1657 1
1637 1638 -1
1638 1658 1
1638 1639 -1
1639 1659 -1
1639 1640 -1
1640 1660 1
1641 1661 -1
1641 1660 -1
1641 1642 1
1642 1662 -1
1642 1643 1
1643 1663 1
1643 1644 -1
1644 1664 -1
1644 1645 -1
1645 1665 -1
1645 1646 1
1646 1666 -1
1646 1647 -1
1647 1667 1
1647 1648 1
1648 1668 1
1648 1649 -1
1649 1669 -1
1649 1650 1
1650 1670 -1
1650 1651 1
1651 1671 1
1651 1652 1
1652 1672 -1
1652 1653 1
1653 1673 1
1653 1654 -1
1654 1674 1
1654 1655 -1
1655 1675 -1
1655 1656 1
1656 1676 -1
1656 1657 1
1657 1677 -1
1657 1658 1
1658 1678 1
1658 1659 1
1659 1679 1
1659 1660 -1
1660 1680 1
1661 1681 1
1661 1680 1
1661 1662 -1
1662 1682 -1
1662 1663 -1
1663 1683 1
1663 1664 1
1664 1684 -1
1664 1665 -1
1665 1685 1
1665 1666 1
1666 1686 1
1666 1667 -1
1667 1687 -1
1667 1668 1
1668 1688 1
1668 1669 1
1669 1689 -1
1669 1670 1
1670 1690 -1
1670 1671 -1
1671 1691 -1
1671 1672 -1
1672 1692 1
1672 1673 1
1673 1693 -1
1673 1674 -1
1674 1694 -1
1674 1675 -1
1675 1695 1
1675 1676 -1
1676 1696 1
1676 1677 -1
1677 1697 1
1677 1678 -1
1678 1698 -1
1678 1679 1
1679 1699 1
1679 1680 -1
1680 1700 1
1681 1701 1
1681 1700 1
1681 1682 1
1682 1702 1
1682 1683 1
1683 1703 -1
1683 1684 -1
1684 1704 1
1684 1685 1
1685 1705 1
1685 1686 -1
1686 1706 -1
1686 1687 1
1687 1707 -1
1687 1688 1
1688 1708 1
1688 1689 -1
1689 1709 -1
1689 1690 -1
1690 1710 1
1690 1691 -1
1691 1711 -1
1691 1692 -1
1692 1712 -1
1692 1693 -1
1693 1713 1
1693 1694 -1
1694 1714 1
1694 1695 1
1695 1715 -1
1695 1696 -1
1696 1716 1
1696 1697 -1
1697 1717 -1
1697 1698 1
1698 1718 1
1698 1699 1
1699 1719 1
1699 1700 1
1700 1720 -1
1701 1721 -1
1701 1720 -1
1701 1702 -1
1702 1722 1
1702 1703 1
1703 1723 -1
1703 1704 1
1704 1724 -1
1704 1705 1
1705 1725 -1
1705 1706 1
1706 1726 -1
1706 1707 1
1707 1727 1
1707 1708 1
1708 1728 -1
1708 1709 -1
1709 1729 1
1709 1710 1
1710 1730 1
1710 1711 1
1711 1731 1
1711 1712 -1
1712 1732 1
1712 1713 -1
1713 1733 -1
1713 1714 -1
1714 1734 1
1714 1715 -1
1715 1735 -1
1715 1716 -1
1716 1736 -1
1716 1717 -1
1717 1737 -1
1717 1718 1
1718 1738 1
1718 1719 -1
1719 1739 1
1719 1720 -1
1720 1740 1
1721 1741 1
1721 1740 -1
1721 1722 -1
1722 1742 -1
1722 1723 1
1723 1743 1
1723 1724 1
1724 1744 1
1724 1725 -1
1725 1745 -1
1725 1726 1
1726 1746 -1
1726 1727 -1
1727 1747 -1
1727 1728 1
1728 1748 -1
1728 1729 1
1729 1749 1
1729 1730 1
1730 1750 -1
1730 1731 1
1731 1751 1
1731 1732 -1
1732 1752 1
1732 1733 -1
1733 1753 1
1733 1734 -1
1734 1754 1
1734 1735 1
1735 1755 1
1735 1736 -1
1736 1756 1
1736 1737 -1
1737 1757 1
1737 1738 -1
1738 1758 1
1738 1739 1
1739 1759 1
1739 1740 1
1740 1760 -1
1741 1761 1
1741 1760 1
1741 1742 -1
1742 1762 1
1742 1743 1
1743 1763 -1
1743 1744 -1
1744 1764 -1
1744 1745 -1
1745 1765 -1
1745 1746 -1
1746 1766 -1
1746 1747 -1
1747 1767 -1
1747 1748 -1
1748 1768 1
1748 1749 1
1749 1769 -1
1749 1750 1
1750 1770 1
1750 1751 -1
1751 1771 -1
1751 1752 1
1752 1772 -1
1752 1753 1
1753 1773 1
1753 1754 -1
1754 1774 -1
1754 1755 -1
1755 1775 1
1755 1756 -1
1756 1776 -1
1756 1757 1
1757 1777 1
1757 1758 1
1758 1778 -1
1758 1759 -1
1759 1779 -1
1759 1760 -1
1760 1780 1
1761 1781 -1
1761 1780 -1
1761 1762 -1
1762 1782 -1
1762 1763 1
1763 1783 1
1763 1764 -1
1764 1784 -1
1764 1765 1
1765 1785 -1
1765 1766 -1
1766 1786 -1
1766 1767 -1
1767 1787 -1
1767 1768 -1
1768 1788 1
1768 1769 -1
1769 1789 -1
1769 1770 1
1770 1790 1
1770 1771 1
1771 1791 -1
1771 1772 1
1772 1792 1
1772 1773 1
1773 1793 -1
1773 1774 1
1774 1794 1
1774 1775 -1
1775 1795 1
1775 1776 1
1776 1796 -1
1776 1777 -1
1777 1797 -1
1777 1778 -1
1778 1798 1
1778 1779 -1
1779 1799 1
1779 1780 -1
1780 1800 -1
1781 1801 1
1781 1800 1
1781 1782 -1
1782 1802 -1
1782 1783 -1
1783 1803 -1
1783 1784 -1
1784 1804 -1
1784 1785 1
1785 1805 -1
1785 1786 1
1786 1806 -1
1786 1787 -1
1787 1807 1
1787 1788 1
1788 1808 -1
1788 1789 1
1789 1809 1
1789 1790 1
1790 1810 1
1790 1791 -1
1791 1811 -1
1791 1792 -1
1792 1812 1
1792 1793 -1
1793 1813 1
1793 1794 -1
1794 1814 -1
1794 1795 1
1795 1815 -1
1795 1796 -1
1796 1816 1
1796 1797 -1
1797 1817 1
1797 1798 1
1798 1818 -1
1798 1799 -1
1799 1819 1
1799 1800 -1
1800 1820 -1
1801 1821 1
1801 1820 1
1801 1802 1
1802 1822 -1
1802 1803 1
1803 1823 -1
1803 1804 -1
1804 1824 -1
1804 1805 -1
1805 1825 -1
1805 1806 -1
1806 1826 -1
1806 1807 -1
1807 1827 -1
1807 1808 -1
1808 1828 -1
1808 1809 -1
1809 1829 1
1809 1810 -1
1810 1830 -1
1810 1811 -1
1811 1831 -1
1811 1812 -1
1812 1832 -1
1812 1813 1
1813 1833 -1
1813 1814 -1
1814 1834 -1
1814 1815 -1
1815 1835 1
1815 1816 1
1816 1836 -1
1816 1817 1
1817 1837 -1
1817 1818 1
1818 1838 -1
1818 1819 1
1819 1839 -1
1819 1820 -1
1820 1840 1
1821 1841 1
1821 1840 1
1821 1822 -1
1822 1842 -1
1822 1823 -1
1823 1843 -1
1823 1824 -1
1824 1844 1
1824 1825 1
1825 1845 1
1825 1826 -1
1826 1846 -1
1826 1827 1
1827 1847 -1
1827 1828 1
1828 1848 1
1828 1829 -1
1829 1849 1
1829 1830 -1
1830 1850 -1
1830 1831 1
1831 1851 -1
1831 1832 1
1832 1852 1
1832 1833 1
1833 1853 1
1833 1834 -1
1834 1854 1
1834 1835 1
1835 1855 1
1835 1836 1
1836 1856 1
1836 1837 -1
1837 1857 -1
1837 1838 -1
1838 1858 -1
1838 1839 -1
1839 1859 -1
1839 1840 1
1840 1860 1
1841 1861 1
1841 1860 -1
1841 1842 -1
1842 1862 1
1842 1843 1
1843 1863 -1
1843 1844 -1
1844 1864 1
1844 1845 1
1845 1865 1
1845 1846 -1
1846 1866 1
1846 1847 1
1847 1867 1
1847 1848 1
1848 1868 1
1848 1849 1
1849 1869 -1
1849 1850 -1
1850 1870 -1
1850 1851 -1
1851 1871 -1
1851 1852 1
1852 1872 -1
1852 1853 1
1853 1873 -1
1853 1854 -1
1854 1874 1
1854 1855 -1
1855 1875 1
1855 1856 -1
1856 1876 -1
1856 1857 1
1857 1877 -1
1857 1858 -1
1858 1878 -1
1858 1859 1
1859 1879 1
1859 1860 -1
1860 1880 1
1861 1881 -1
1861 1880 1
1861 1862 1
1862 1882 1
1862 1863 1
1863 1883 1
1863 1864 1
1864 1884 -1
1864 1865 -1
1865 1885 1
1865 1866 1
1866 1886 1
1866 1867 1
1867 1887 1
1867 1868 1
1868 1888 -1
1868 1869 -1
1869 1889 -1
1869 1870 -1
1870 1890 1
1870 1871 -1
1871 1891 1
1871 1872 -1
1872 1892 -1
1872 1873 1
1873 1893 1
1873 1874 -1
1874 1894 -1
1874 1875 -1
1875 1895 -1
1875 1876 -1
1876 1896 -1
1876 1877 -1
1877 1897 1
1877 1878 1
1878 1898 1
1878 1879 1
1879 1899 -1
1879 1880 -1
1880 1900 1
1881 1901 -1
1881 1900 -1
1881 1882 1
1882 1902 -1
1882 1883 -1
1883 1903 1
1883 1884 1
1884 1904 1
1884 1885 -1
1885 1905 1
1885 1886 1
1886 1906 1
1886 1887 1
1887 1907 1
1887 1888 -1
1888 1908 1
1888 1889 1
1889 1909 1
1889 1890 -1
1890 1910 1
1890 1891 -1
1891 1911 -1
1891 1892 -1
1892 1912 1
1892 1893 1
1893 1913 1
1893 1894 1
1894 1914 1
1894 1895 -1
1895 1915 1
1895 1896 1
1896 1916 1
1896 1897 1
1897 1917 -1
1897 1898 -1
1898 1918 1
1898 1899 1
1899 1919 1
1899 1900 1
1900 1920 1
1901 1921 -1
1901 1920 -1
1901 1902 1
1902 1922 -1
1902 1903 1
1903 1923 1
1903 1904 -1
1904 1924 1
1904 1905 -1
1905 1925 -1
1905 1906 -1
1906 1926 -1
1906 1907 1
1907 1927 -1
1907 1908 1
1908 1928 1
1908 1909 1
1909 1929 -1
1909 1910 1
1910 1930 1
1910 1911 -1
1911 1931 1
1911 1912 1
1912 1932 -1
1912 1913 1
1913 1933 -1
1913 1914 1
1914 1934 -1
1914 1915 1
1915 1935 1
1915 1916 1
1916 1936 -1
1916 1917 1
1917 1937 1
1917 1918 -1
1918 1938 1
1918 1919 1
1919 1939 1
1919 1920 1
1920 1940 -1
1921 1941 1
1921 1940 -1
1921 1922 1
1922 1942 1
1922 1923 1
1923 1943 1
1923 1924 1
1924 1944 1
1924 1925 1
1925 1945 -1
1925 1926 -1
1926 1946 -1
1926 1927 1
1927 1947 1
1927 1928 -1
1928 1948 1
1928 1929 -1
1929 1949 1
1929 1930 1
1930 1950 1
1930 1931 1
1931 1951 1
1931 1932 -1
1932 1952 1
1932 1933 -1
1933 1953 1
1933 1934 -1
1934 1954 1
1934 1935 -1
1935 1955 -1
1935 1936 -1
1936 1956 -1
1936 1937 1
1937 1957 -1
1937 1938 1
1938 1958 1
1938 1939 -1
1939 1959 -1
1939 1940 1
1940 1960 1
1941 1961 -1
1941 1960 -1
1941 1942 1
1942 1962 -1
1942 1943 1
1943 1963 1
1943 1944 1
1944 1964 1
1944 1945 -1
1945 1965 -1
1945 1946 1
1946 1966 1
1946 1947 1
1947 1967 1
1947 1948 -1
1948 1968 -1
1948 1949 1
1949 1969 -1
1949 1950 1
1950 1970 -1
1950 1951 -1
1951 1971 1
1951 1952 -1
1952 1972 -1
1952 1953 1
1953 1973 -1
1953 1954 -1
1954 1974 -1
1954 1955 -1
1955 1975 -1
1955 1956 1
1956 1976 -1
1956 1957 1
1957 1977 -1
1957 1958 -1
1958 1978 -1
1958 1959 -1
1959 1979 -1
1959 1960 -1
1960 1980 1
1961 1981 1
1961 1980 1
1961 1962 -1
1962 1982 1
1962 1963 1
1963 1983 -1
1963 1964 1
1964 1984 1
1964 1965 1
1965 1985 -1
1965 1966 -1
1966 1986 1
1966 1967 1
1967 1987 -1
1967 1968 -1
1968 1988 -1
1968 1969 -1
1969 1989 1
1969 1970 1
1970 1990 1
1970 1971 1
1971 1991 -1
1971 1972 -1
1972 1992 1
1972 1973 1
1973 1993 -1
1973 1974 -1
1974 1994 -1
1974 1975 -1
1975 1995 1
1975 1976 1
1976 1996 -1
1976 1977 -1
1977 1997 -1
1977 1978 -1
1978 1998 -1
1978 1979 1
1979 1999 1
1979 1980 -1
1980 2000 -1
1981 2000 1
1981 1982 -1
1982 1983 1
1983 1984 -1
1984 1985 -1
1985 1986 1
1986 1987 1
1987 1988 1
1988 1989 1
1989 1990 1
1990 1991 1
1991 1992 1
1992 1993 1
1993 1994 1
1994 1995 1
1995 1996 1
1996 1997 -1
1997 1998 1
1998 1999 -1
1999 2000 -1
