2000 4000 
1 1976 -1
1 26 1
1 25 1
1 2 -1
2 1977 -1
2 27 1
2 3 -1
3 1978 -1
3 28 -1
3 4 -1
4 1979 -1
4 29 1
4 5 1
5 1980 -1
5 30 -1
5 6 1
6 1981 -1
6 31 1
6 7 1
7 1982 -1
7 32 -1
7 8 1
8 1983 1
8 33 -1
8 9 1
9 1984 1
9 34 1
9 10 1
10 1985 1
10 35 -1
10 11 1
11 1986 1
11 36 1
11 12 1
12 1987 1
12 37 -1
12 13 1
13 1988 1
13 38 1
13 14 1
14 1989 1
14 39 1
14 15 1
15 1990 -1
15 40 1
15 16 1
16 1991 1
16 41 -1
16 17 1
17 1992 -1
17 42 -1
17 18 -1
18 1993 1
18 43 1
18 19 -1
19 1994 1
19 44 1
19 20 -1
20 1995 1
20 45 1
20 21 1
21 1996 1
21 46 1
21 22 -1
22 1997 -1
22 47 1
22 23 1
23 1998 1
23 48 1
23 24 1
24 1999 -1
24 49 1
24 25 -1
25 2000 1
25 50 1
26 51 1
26 50 -1
26 27 1
27 52 -1
27 28 1
28 53 -1
28 29 1
29 54 1
29 30 1
30 55 -1
30 31 1
31 56 1
31 32 -1
32 57 -1
32 33 1
33 58 -1
33 34 -1
34 59 1
34 35 1
35 60 1
35 36 1
36 61 1
36 37 -1
37 62 1
37 38 1
38 63 1
38 39 -1
39 64 -1
39 40 -1
40 65 1
40 41 -1
41 66 -1
41 42 -1
42 67 -1
42 43 1
43 68 -1
43 44 1
44 69 -1
44 45 1
45 70 -1
45 46 -1
46 71 -1
46 47 1
47 72 1
47 48 -1
48 73 1
48 49 -1
49 74 -1
49 50 1
50 75 1
51 76 1
51 75 -1
51 52 -1
52 77 -1
52 53 1
53 78 1
53 54 -1
54 79 1
54 55 1
55 80 1
55 56 -1
56 81 -1
56 57 -1
57 82 1
57 58 1
58 83 1
58 59 -1
59 84 1
59 60 -1
60 85 -1
60 61 1
61 86 1
61 62 -1
62 87 -1
62 63 1
63 88 1
63 64 -1
64 89 1
64 65 -1
65 90 -1
65 66 -1
66 91 -1
66 67 1
67 92 -1
67 68 -1
68 93 1
68 69 1
69 94 -1
69 70 1
70 95 1
70 71 1
71 96 1
71 72 -1
72 97 1
72 73 1
73 98 1
73 74 -1
74 99 1
74 75 1
75 100 -1
76 101 -1
76 100 1
76 77 1
77 102 1
77 78 -1
78 103 1
78 79 1
79 104 1
79 80 1
80 105 1
80 81 -1
81 106 1
81 82 -1
82 107 -1
82 83 1
83 108 -1
83 84 -1
84 109 -1
84 85 1
85 110 1
85 86 -1
86 111 -1
86 87 -1
87 112 -1
87 88 1
88 113 1
88 89 1
89 114 -1
89 90 1
90 115 -1
90 91 1
91 116 1
91 92 1
92 117 -1
92 93 1
93 118 1
93 94 1
94 119 1
94 95 -1
95 120 -1
95 96 -1
96 121 -1
96 97 -1
97 122 -1
97 98 1
98 123 1
98 99 -1
99 124 1
99 100 1
100 125 1
101 126 -1
101 125 1
101 102 -1
102 127 -1
102 103 -1
103 128 -1
103 104 1
104 129 1
104 105 1
105 130 -1
105 106 -1
106 131 -1
106 107 -1
107 132 1
107 108 -1
108 133 -1
108 109 -1
109 134 -1
109 110 -1
110 135 -1
110 111 1
111 136 1
111 112 -1
112 137 -1
112 113 1
113 138 1
113 114 1
114 139 1
114 115 -1
115 140 -1
115 116 -1
116 141 -1
116 117 -1
117 142 -1
117 118 1
118 143 1
118 119 1
119 144 -1
119 120 1
120 145 -1
120 121 1
121 146 -1
121 122 -1
122 147 1
122 123 1
123 148 1
123 124 -1
124 149 1
124 125 -1
125 150 1
126 151 -1
126 150 1
126 127 1
127 152 1
127 128 -1
128 153 1
128 129 1
129 154 -1
129 130 1
130 155 1
130 131 1
131 156 -1
131 132 1
132 157 -1
132 133 -1
133 158 1
133 134 1
134 159 1
134 135 -1
135 160 -1
135 136 1
136 161 1
136 137 -1
137 162 -1
137 138 1
138 163 1
138 139 -1
139 164 -1
139 140 1
140 165 1
140 141 -1
141 166 -1
141 142 1
142 167 1
142 143 1
143 168 1
143 144 -1
144 169 1
144 145 -1
145 170 1
145 146 1
146 171 1
146 147 1
147 172 -1
147 148 1
148 173 1
148 149 -1
149 174 -1
149 150 1
150 175 -1
151 176 1
151 175 -1
151 152 1
152 177 -1
152 153 -1
153 178 1
153 154 -1
154 179 -1
154 155 -1
155 180 1
155 156 -1
156 181 -1
156 157 -1
157 182 1
157 158 1
158 183 1
158 159 1
159 184 -1
159 160 -1
160 185 -1
160 161 1
161 186 1
161 162 1
162 187 1
162 163 1
163 188 -1
163 164 -1
164 189 1
164 165 1
165 190 1
165 166 1
166 191 1
166 167 1
167 192 1
167 168 1
168 193 1
168 169 -1
169 194 -1
169 170 -1
170 195 -1
170 171 1
171 196 1
171 172 -1
172 197 -1
172 173 -1
173 198 -1
173 174 -1
174 199 1
174 175 1
175 200 1
176 201 1
176 200 1
176 177 1
177 202 -1
177 178 -1
178 203 1
178 179 1
179 204 -1
179 180 -1
180 205 1
180 181 1
181 206 -1
181 182 1
182 207 -1
182 183 -1
183 208 -1
183 184 1
184 209 1
184 185 1
185 210 1
185 186 1
186 211 1
186 187 1
187 212 -1
187 188 -1
188 213 -1
188 189 -1
189 214 -1
189 190 1
190 215 -1
190 191 1
191 216 1
191 192 1
192 217 1
192 193 -1
193 218 -1
193 194 1
194 219 -1
194 195 1
195 220 -1
195 196 1
196 221 1
196 197 -1
197 222 -1
197 198 -1
198 223 -1
198 199 1
199 224 -1
199 200 -1
200 225 1
201 226 1
201 225 1
201 202 -1
202 227 1
202 203 1
203 228 1
203 204 -1
204 229 -1
204 205 1
205 230 1
205 206 -1
206 231 1
206 207 -1
207 232 1
207 208 -1
208 233 -1
208 209 -1
209 234 -1
209 210 -1
210 235 -1
210 211 -1
211 236 1
211 212 1
212 237 1
212 213 -1
213 238 1
213 214 1
214 239 -1
214 215 1
215 240 1
215 216 -1
216 241 -1
216 217 -1
217 242 -1
217 218 -1
218 243 -1
218 219 -1
219 244 1
219 220 1
220 245 1
220 221 -1
221 246 1
221 222 -1
222 247 -1
222 223 -1
223 248 -1
223 224 -1
224 249 -1
224 225 1
225 250 -1
226 251 -1
226 250 1
226 227 1
227 252 1
227 228 -1
228 253 -1
228 229 -1
229 254 1
229 230 -1
230 255 1
230 231 1
231 256 -1
231 232 -1
232 257 1
232 233 -1
233 258 -1
233 234 -1
234 259 1
234 235 -1
235 260 1
235 236 -1
236 261 -1
236 237 1
237 262 -1
237 238 1
238 263 1
238 239 1
239 264 1
239 240 1
240 265 1
240 241 1
241 266 1
241 242 1
242 267 1
242 243 1
243 268 1
243 244 -1
244 269 1
244 245 -1
245 270 -1
245 246 -1
246 271 -1
246 247 1
247 272 1
247 248 -1
248 273 -1
248 249 1
249 274 -1
249 250 1
250 275 1
251 276 -1
251 275 -1
251 252 -1
252 277 1
252 253 -1
253 278 -1
253 254 1
254 279 -1
254 255 -1
255 280 1
255 256 -1
256 281 1
256 257 -1
257 282 -1
257 258 -1
258 283 -1
258 259 -1
259 284 -1
259 260 1
260 285 -1
260 261 -1
261 286 -1
261 262 1
262 287 1
262 263 -1
263 288 -1
263 264 -1
264 289 -1
264 265 -1
265 290 1
265 266 -1
266 291 -1
266 267 1
267 292 1
267 268 1
268 293 1
268 269 -1
269 294 1
269 270 -1
270 295 -1
270 271 1
271 296 1
271 272 1
272 297 1
272 273 1
273 298 1
273 274 1
274 299 -1
274 275 1
275 300 -1
276 301 -1
276 300 1
276 277 -1
277 302 -1
277 278 1
278 303 1
278 279 -1
279 304 -1
279 280 -1
280 305 -1
280 281 1
281 306 -1
281 282 1
282 307 1
282 283 -1
283 308 1
283 284 -1
284 309 1
284 285 1
285 310 1
285 286 1
286 311 1
286 287 -1
287 312 -1
287 288 -1
288 313 -1
288 289 -1
289 314 1
289 290 -1
290 315 -1
290 291 1
291 316 1
291 292 -1
292 317 1
292 293 1
293 318 1
293 294 1
294 319 1
294 295 1
295 320 1
295 296 1
296 321 -1
296 297 1
297 322 1
297 298 -1
298 323 -1
298 299 1
299 324 -1
299 300 -1
300 325 1
301 326 -1
301 325 -1
301 302 -1
302 327 -1
302 303 1
303 328 1
303 304 -1
304 329 1
304 305 -1
305 330 1
305 306 1
306 331 -1
306 307 -1
307 332 -1
307 308 -1
308 333 -1
308 309 -1
309 334 1
309 310 -1
310 335 1
310 311 -1
311 336 1
311 312 1
312 337 -1
312 313 1
313 338 1
313 314 -1
314 339 1
314 315 1
315 340 1
315 316 1
316 341 1
316 317 -1
317 342 -1
317 318 -1
318 343 1
318 319 1
319 344 -1
319 320 1
320 345 1
320 321 -1
321 346 -1
321 322 -1
322 347 -1
322 323 1
323 348 -1
323 324 1
324 349 -1
324 325 1
325 350 1
326 351 -1
326 350 -1
326 327 -1
327 352 1
327 328 -1
328 353 -1
328 329 1
329 354 -1
329 330 -1
330 355 -1
330 331 -1
331 356 -1
331 332 -1
332 357 -1
332 333 1
333 358 1
333 334 1
334 359 1
334 335 -1
335 360 1
335 336 1
336 361 1
336 337 -1
337 362 1
337 338 -1
338 363 1
338 339 -1
339 364 1
339 340 1
340 365 -1
340 341 1
341 366 -1
341 342 -1
342 367 1
342 343 1
343 368 -1
343 344 1
344 369 -1
344 345 -1
345 370 -1
345 346 -1
346 371 1
346 347 -1
347 372 -1
347 348 -1
348 373 1
348 349 1
349 374 -1
349 350 -1
350 375 1
351 376 -1
351 375 1
351 352 1
352 377 1
352 353 -1
353 378 -1
353 354 -1
354 379 -1
354 355 1
355 380 1
355 356 1
356 381 1
356 357 -1
357 382 -1
357 358 1
358 383 -1
358 359 -1
359 384 1
359 360 1
360 385 1
360 361 1
361 386 -1
361 362 -1
362 387 -1
362 363 -1
363 388 -1
363 364 1
364 389 -1
364 365 1
365 390 -1
365 366 -1
366 391 -1
366 367 -1
367 392 1
367 368 1
368 393 -1
368 369 -1
369 394 -1
369 370 1
370 395 -1
370 371 -1
371 396 1
371 372 1
372 397 -1
372 373 -1
373 398 -1
373 374 -1
374 399 1
374 375 1
375 400 1
376 401 -1
376 400 -1
376 377 -1
377 402 1
377 378 1
378 403 -1
378 379 1
379 404 1
379 380 -1
380 405 1
380 381 -1
381 406 1
381 382 -1
382 407 -1
382 383 1
383 408 1
383 384 1
384 409 -1
384 385 -1
385 410 -1
385 386 1
386 411 1
386 387 1
387 412 1
387 388 1
388 413 1
388 389 -1
389 414 1
389 390 -1
390 415 -1
390 391 -1
391 416 -1
391 392 1
392 417 1
392 393 -1
393 418 1
393 394 -1
394 419 1
394 395 -1
395 420 -1
395 396 -1
396 421 -1
396 397 -1
397 422 1
397 398 1
398 423 1
398 399 -1
399 424 -1
399 400 -1
400 425 1
401 426 1
401 425 -1
401 402 -1
402 427 1
402 403 1
403 428 1
403 404 1
404 429 -1
404 405 -1
405 430 -1
405 406 1
406 431 -1
406 407 1
407 432 1
407 408 -1
408 433 1
408 409 1
409 434 -1
409 410 -1
410 435 -1
410 411 1
411 436 -1
411 412 -1
412 437 1
412 413 1
413 438 -1
413 414 1
414 439 -1
414 415 -1
415 440 1
415 416 1
416 441 -1
416 417 1
417 442 1
417 418 1
418 443 1
418 419 -1
419 444 1
419 420 1
420 445 1
420 421 -1
421 446 -1
421 422 -1
422 447 1
422 423 -1
423 448 1
423 424 -1
424 449 1
424 425 1
425 450 1
426 451 -1
426 450 1
426 427 1
427 452 -1
427 428 -1
428 453 1
428 429 1
429 454 1
429 430 1
430 455 -1
430 431 -1
431 456 1
431 432 1
432 457 1
432 433 1
433 458 1
433 434 -1
434 459 -1
434 435 1
435 460 1
435 436 -1
436 461 1
436 437 1
437 462 -1
437 438 -1
438 463 -1
438 439 1
439 464 1
439 440 1
440 465 -1
440 441 1
441 466 1
441 442 -1
442 467 1
442 443 1
443 468 -1
443 444 1
444 469 1
444 445 1
445 470 -1
445 446 -1
446 471 1
446 447 -1
447 472 1
447 448 1
448 473 -1
448 449 1
449 474 -1
449 450 -1
450 475 1
451 476 1
451 475 1
451 452 -1
452 477 1
452 453 1
453 478 -1
453 454 -1
454 479 1
454 455 -1
455 480 -1
455 456 1
456 481 1
456 457 -1
457 482 1
457 458 1
458 483 -1
458 459 1
459 484 1
459 460 1
460 485 1
460 461 -1
461 486 -1
461 462 1
462 487 -1
462 463 1
463 488 -1
463 464 -1
464 489 1
464 465 -1
465 490 -1
465 466 -1
466 491 1
466 467 -1
467 492 -1
467 468 -1
468 493 -1
468 469 1
469 494 -1
469 470 1
470 495 -1
470 471 -1
471 496 -1
471 472 -1
472 497 -1
472 473 1
473 498 -1
473 474 1
474 499 1
474 475 -1
475 500 -1
476 501 1
476 500 -1
476 477 -1
477 502 -1
477 478 -1
478 503 -1
478 479 1
479 504 1
479 480 -1
480 505 1
480 481 -1
481 506 -1
481 482 -1
482 507 1
482 483 1
483 508 -1
483 484 -1
484 509 1
484 485 1
485 510 1
485 486 1
486 511 1
486 487 -1
487 512 -1
487 488 1
488 513 -1
488 489 1
489 514 -1
489 490 -1
490 515 -1
490 491 1
491 516 -1
491 492 1
492 517 -1
492 493 1
493 518 -1
493 494 -1
494 519 1
494 495 1
495 520 1
495 496 1
496 521 1
496 497 -1
497 522 -1
497 498 1
498 523 -1
498 499 1
499 524 1
499 500 -1
500 525 -1
501 526 1
501 525 1
501 502 -1
502 527 1
502 503 1
503 528 -1
503 504 -1
504 529 -1
504 505 1
505 530 -1
505 506 1
506 531 1
506 507 1
507 532 1
507 508 1
508 533 -1
508 509 -1
509 534 1
509 510 1
510 535 1
510 511 1
511 536 -1
511 512 1
512 537 1
512 513 -1
513 538 -1
513 514 -1
514 539 1
514 515 1
515 540 -1
515 516 1
516 541 1
516 517 -1
517 542 1
517 518 1
518 543 -1
518 519 1
519 544 1
519 520 1
520 545 -1
520 521 -1
521 546 1
521 522 1
522 547 -1
522 523 1
523 548 -1
523 524 -1
524 549 -1
524 525 1
525 550 1
526 551 1
526 550 1
526 527 1
527 552 1
527 528 1
528 553 -1
528 529 -1
529 554 1
529 530 1
530 555 1
530 531 1
531 556 -1
531 532 1
532 557 1
532 533 -1
533 558 1
533 534 -1
534 559 1
534 535 -1
535 560 1
535 536 1
536 561 -1
536 537 1
537 562 -1
537 538 1
538 563 1
538 539 -1
539 564 -1
539 540 1
540 565 1
540 541 -1
541 566 -1
541 542 1
542 567 -1
542 543 -1
543 568 1
543 544 1
544 569 -1
544 545 -1
545 570 1
545 546 -1
546 571 -1
546 547 -1
547 572 1
547 548 1
548 573 1
548 549 1
549 574 1
549 550 -1
550 575 -1
551 576 -1
551 575 1
551 552 -1
552 577 1
552 553 -1
553 578 -1
553 554 -1
554 579 1
554 555 -1
555 580 -1
555 556 -1
556 581 -1
556 557 1
557 582 -1
557 558 -1
558 583 1
558 559 1
559 584 -1
559 560 1
560 585 1
560 561 -1
561 586 -1
561 562 -1
562 587 1
562 563 -1
563 588 1
563 564 -1
564 589 -1
564 565 1
565 590 1
565 566 -1
566 591 1
566 567 1
567 592 -1
567 568 1
568 593 -1
568 569 1
569 594 -1
569 570 1
570 595 -1
570 571 -1
571 596 -1
571 572 -1
572 597 1
572 573 -1
573 598 -1
573 574 1
574 599 -1
574 575 -1
575 600 -1
576 601 -1
576 600 -1
576 577 1
577 602 -1
577 578 1
578 603 1
578 579 1
579 604 1
579 580 -1
580 605 -1
580 581 1
581 606 1
581 582 1
582 607 -1
582 583 1
583 608 1
583 584 -1
584 609 1
584 585 1
585 610 -1
585 586 1
586 611 -1
586 587 1
587 612 1
587 588 1
588 613 1
588 589 -1
589 614 -1
589 590 1
590 615 1
590 591 -1
591 616 1
591 592 1
592 617 -1
592 593 -1
593 618 -1
593 594 1
594 619 -1
594 595 -1
595 620 -1
595 596 1
596 621 1
596 597 1
597 622 1
597 598 1
598 623 1
598 599 -1
599 624 -1
599 600 1
600 625 1
601 626 1
601 625 -1
601 602 -1
602 627 1
602 603 1
603 628 -1
603 604 1
604 629 1
604 605 1
605 630 -1
605 606 -1
606 631 1
606 607 -1
607 632 1
607 608 1
608 633 -1
608 609 1
609 634 -1
609 610 1
610 635 1
610 611 -1
611 636 -1
611 612 -1
612 637 1
612 613 1
613 638 1
613 614 -1
614 639 1
614 615 1
615 640 -1
615 616 1
616 641 -1
616 617 1
617 642 1
617 618 1
618 643 -1
618 619 1
619 644 1
619 620 1
620 645 -1
620 621 1
621 646 1
621 622 -1
622 647 1
622 623 1
623 648 -1
623 624 1
624 649 -1
624 625 -1
625 650 -1
626 651 -1
626 650 -1
626 627 1
627 652 -1
627 628 1
628 653 1
628 629 -1
629 654 1
629 630 -1
630 655 -1
630 631 1
631 656 1
631 632 -1
632 657 -1
632 633 1
633 658 -1
633 634 -1
634 659 1
634 635 1
635 660 1
635 636 -1
636 661 1
636 637 1
637 662 1
637 638 1
638 663 -1
638 639 1
639 664 1
639 640 -1
640 665 -1
640 641 -1
641 666 1
641 642 1
642 667 1
642 643 1
643 668 -1
643 644 1
644 669 1
644 645 1
645 670 -1
645 646 1
646 671 1
646 647 -1
647 672 -1
647 648 1
648 673 -1
648 649 1
649 674 1
649 650 -1
650 675 1
651 676 1
651 675 1
651 652 -1
652 677 -1
652 653 1
653 678 -1
653 654 1
654 679 -1
654 655 -1
655 680 1
655 656 1
656 681 -1
656 657 -1
657 682 1
657 658 -1
658 683 -1
658 659 -1
659 684 -1
659 660 1
660 685 1
660 661 -1
661 686 1
661 662 1
662 687 -1
662 663 1
663 688 -1
663 664 -1
664 689 -1
664 665 1
665 690 -1
665 666 1
666 691 1
666 667 -1
667 692 -1
667 668 -1
668 693 -1
668 669 1
669 694 1
669 670 -1
670 695 1
670 671 1
671 696 -1
671 672 1
672 697 -1
672 673 -1
673 698 1
673 674 -1
674 699 1
674 675 -1
675 700 1
676 701 1
676 700 -1
676 677 1
677 702 1
677 678 -1
678 703 -1
678 679 -1
679 704 -1
679 680 1
680 705 1
680 681 -1
681 706 1
681 682 -1
682 707 1
682 683 1
683 708 1
683 684 1
684 709 1
684 685 1
685 710 -1
685 686 1
686 711 -1
686 687 1
687 712 -1
687 688 1
688 713 1
688 689 -1
689 714 1
689 690 1
690 715 1
690 691 1
691 716 -1
691 692 1
692 717 -1
692 693 -1
693 718 -1
693 694 -1
694 719 1
694 695 -1
695 720 -1
695 696 1
696 721 1
696 697 -1
697 722 -1
697 698 1
698 723 -1
698 699 1
699 724 1
699 700 -1
700 725 1
701 726 1
701 725 -1
701 702 1
702 727 -1
702 703 1
703 728 1
703 704 1
704 729 -1
704 705 1
705 730 -1
705 706 -1
706 731 -1
706 707 1
707 732 -1
707 708 -1
708 733 1
708 709 1
709 734 -1
709 710 -1
710 735 1
710 711 -1
711 736 1
711 712 -1
712 737 -1
712 713 -1
713 738 1
713 714 1
714 739 1
714 715 -1
715 740 -1
715 716 1
716 741 1
716 717 -1
717 742 -1
717 718 -1
718 743 -1
718 719 1
719 744 1
719 720 1
720 745 1
720 721 -1
721 746 -1
721 722 1
722 747 -1
722 723 1
723 748 -1
723 724 1
724 749 1
724 725 -1
725 750 -1
726 751 1
726 750 -1
726 727 -1
727 752 1
727 728 -1
728 753 1
728 729 1
729 754 1
729 730 1
730 755 -1
730 731 -1
731 756 -1
731 732 -1
732 757 1
732 733 -1
733 758 -1
733 734 1
734 759 1
734 735 -1
735 760 1
735 736 1
736 761 1
736 737 -1
737 762 1
737 738 -1
738 763 1
738 739 1
739 764 -1
739 740 -1
740 765 -1
740 741 1
741 766 1
741 742 1
742 767 1
742 743 1
743 768 1
743 744 -1
744 769 -1
744 745 -1
745 770 -1
745 746 1
746 771 -1
746 747 -1
747 772 1
747 748 -1
748 773 -1
748 749 -1
749 774 1
749 750 1
750 775 1
751 776 -1
751 775 -1
751 752 -1
752 777 -1
752 753 -1
753 778 -1
753 754 -1
754 779 1
754 755 1
755 780 -1
755 756 1
756 781 -1
756 757 -1
757 782 -1
757 758 1
758 783 -1
758 759 1
759 784 1
759 760 -1
760 785 1
760 761 1
761 786 -1
761 762 1
762 787 -1
762 763 -1
763 788 -1
763 764 1
764 789 -1
764 765 1
765 790 -1
765 766 -1
766 791 -1
766 767 1
767 792 1
767 768 -1
768 793 -1
768 769 1
769 794 -1
769 770 1
770 795 -1
770 771 1
771 796 1
771 772 1
772 797 1
772 773 1
773 798 1
773 774 -1
774 799 -1
774 775 1
775 800 1
776 801 -1
776 800 -1
776 777 -1
777 802 -1
777 778 1
778 803 1
778 779 1
779 804 1
779 780 -1
780 805 1
780 781 -1
781 806 1
781 782 -1
782 807 1
782 783 -1
783 808 1
783 784 1
784 809 1
784 785 1
785 810 -1
785 786 -1
786 811 1
786 787 1
787 812 -1
787 788 -1
788 813 1
788 789 -1
789 814 1
789 790 1
790 815 -1
790 791 1
791 816 -1
791 792 1
792 817 1
792 793 1
793 818 1
793 794 1
794 819 -1
794 795 1
795 820 -1
795 796 -1
796 821 1
796 797 1
797 822 1
797 798 -1
798 823 -1
798 799 -1
799 824 -1
799 800 1
800 825 -1
801 826 -1
801 825 -1
801 802 1
802 827 -1
802 803 1
803 828 1
803 804 1
804 829 -1
804 805 1
805 830 1
805 806 1
806 831 1
806 807 -1
807 832 -1
807 808 -1
808 833 -1
808 809 1
809 834 -1
809 810 -1
810 835 1
810 811 1
811 836 1
811 812 -1
812 837 1
812 813 -1
813 838 -1
813 814 1
814 839 -1
814 815 1
815 840 -1
815 816 1
816 841 -1
816 817 1
817 842 1
817 818 1
818 843 -1
818 819 1
819 844 1
819 820 1
820 845 1
820 821 1
821 846 -1
821 822 -1
822 847 1
822 823 1
823 848 1
823 824 -1
824 849 1
824 825 -1
825 850 -1
826 851 -1
826 850 1
826 827 1
827 852 -1
827 828 -1
828 853 -1
828 829 -1
829 854 -1
829 830 1
830 855 1
830 831 1
831 856 -1
831 832 -1
832 857 -1
832 833 -1
833 858 1
833 834 -1
834 859 -1
834 835 1
835 860 1
835 836 1
836 861 -1
836 837 1
837 862 -1
837 838 -1
838 863 1
838 839 1
839 864 1
839 840 -1
840 865 1
840 841 -1
841 866 -1
841 842 1
842 867 -1
842 843 1
843 868 -1
843 844 -1
844 869 1
844 845 -1
845 870 -1
845 846 -1
846 871 -1
846 847 -1
847 872 1
847 848 -1
848 873 -1
848 849 -1
849 874 -1
849 850 -1
850 875 1
851 876 1
851 875 -1
851 852 -1
852 877 1
852 853 -1
853 878 1
853 854 1
854 879 1
854 855 1
855 880 1
855 856 -1
856 881 -1
856 857 1
857 882 1
857 858 -1
858 883 1
858 859 1
859 884 -1
859 860 1
860 885 1
860 861 -1
861 886 -1
861 862 1
862 887 -1
862 863 -1
863 888 -1
863 864 1
864 889 1
864 865 -1
865 890 1
865 866 -1
866 891 -1
866 867 1
867 892 1
867 868 1
868 893 -1
868 869 -1
869 894 1
869 870 -1
870 895 1
870 871 -1
871 896 1
871 872 1
872 897 1
872 873 -1
873 898 -1
873 874 -1
874 899 1
874 875 1
875 900 -1
876 901 1
876 900 -1
876 877 -1
877 902 1
877 878 1
878 903 -1
878 879 -1
879 904 1
879 880 -1
880 905 -1
880 881 -1
881 906 -1
881 882 -1
882 907 -1
882 883 -1
883 908 1
883 884 -1
884 909 1
884 885 -1
885 910 -1
885 886 -1
886 911 1
886 887 -1
887 912 -1
887 888 1
888 913 -1
888 889 -1
889 914 1
889 890 -1
890 915 1
890 891 -1
891 916 1
891 892 1
892 917 -1
892 893 1
893 918 1
893 894 1
894 919 1
894 895 1
895 920 -1
895 896 -1
896 921 -1
896 897 1
897 922 1
897 898 -1
898 923 -1
898 899 1
899 924 1
899 900 -1
900 925 1
901 926 -1
901 925 1
901 902 -1
902 927 -1
902 903 1
903 928 1
903 904 -1
904 929 -1
904 905 -1
905 930 -1
905 906 -1
906 931 -1
906 907 1
907 932 1
907 908 -1
908 933 -1
908 909 -1
909 934 1
909 910 1
910 935 -1
910 911 -1
911 936 -1
911 912 1
912 937 1
912 913 -1
913 938 1
913 914 1
914 939 1
914 915 1
915 940 -1
915 916 -1
916 941 -1
916 917 1
917 942 1
917 918 -1
918 943 -1
918 919 -1
919 944 1
919 920 -1
920 945 -1
920 921 -1
921 946 1
921 922 1
922 947 -1
922 923 -1
923 948 -1
923 924 -1
924 949 1
924 925 1
925 950 -1
926 951 1
926 950 1
926 927 1
927 952 1
927 928 1
928 953 1
928 929 -1
929 954 1
929 930 -1
930 955 1
930 931 1
931 956 1
931 932 -1
932 957 -1
932 933 1
933 958 -1
933 934 1
934 959 -1
934 935 -1
935 960 -1
935 936 -1
936 961 -1
936 937 -1
937 962 -1
937 938 1
938 963 -1
938 939 -1
939 964 1
939 940 -1
940 965 1
940 941 1
941 966 1
941 942 -1
942 967 -1
942 943 -1
943 968 1
943 944 -1
944 969 -1
944 945 1
945 970 -1
945 946 1
946 971 1
946 947 1
947 972 -1
947 948 -1
948 973 -1
948 949 1
949 974 1
949 950 1
950 975 -1
951 976 -1
951 975 -1
951 952 -1
952 977 -1
952 953 -1
953 978 1
953 954 1
954 979 1
954 955 -1
955 980 -1
955 956 1
956 981 1
956 957 1
957 982 1
957 958 -1
958 983 -1
958 959 1
959 984 1
959 960 -1
960 985 1
960 961 -1
961 986 1
961 962 -1
962 987 -1
962 963 -1
963 988 -1
963 964 1
964 989 1
964 965 -1
965 990 -1
965 966 -1
966 991 -1
966 967 1
967 992 1
967 968 -1
968 993 1
968 969 -1
969 994 1
969 970 1
970 995 1
970 971 -1
971 996 1
971 972 -1
972 997 -1
972 973 -1
973 998 -1
973 974 -1
974 999 -1
974 975 -1
975 1000 -1
976 1001 1
976 1000 1
976 977 -1
977 1002 1
977 978 1
978 1003 1
978 979 -1
979 1004 1
979 980 -1
980 1005 1
980 981 -1
981 1006 1
981 982 1
982 1007 1
982 983 1
983 1008 1
983 984 -1
984 1009 -1
984 985 1
985 1010 -1
985 986 1
986 1011 1
986 987 1
987 1012 1
987 988 -1
988 1013 1
988 989 1
989 1014 -1
989 990 1
990 1015 1
990 991 -1
991 1016 1
991 992 -1
992 1017 1
992 993 1
993 1018 -1
993 994 -1
994 1019 1
994 995 1
995 1020 -1
995 996 1
996 1021 1
996 997 -1
997 1022 -1
997 998 1
998 1023 -1
998 999 -1
999 1024 1
999 1000 1
1000 1025 1
1001 1026 -1
1001 1025 -1
1001 1002 1
1002 1027 1
1002 1003 -1
1003 1028 -1
1003 1004 1
1004 1029 1
1004 1005 1
1005 1030 -1
1005 1006 -1
1006 1031 1
1006 1007 -1
1007 1032 -1
1007 1008 -1
1008 1033 -1
1008 1009 -1
1009 1034 -1
1009 1010 -1
1010 1035 1
1010 1011 1
1011 1036 -1
1011 1012 1
1012 1037 -1
1012 1013 1
1013 1038 1
1013 1014 -1
1014 1039 -1
1014 1015 -1
1015 1040 1
1015 1016 1
1016 1041 1
1016 1017 1
1017 1042 1
1017 1018 1
1018 1043 1
1018 1019 1
1019 1044 -1
1019 1020 1
1020 1045 -1
1020 1021 1
1021 1046 1
1021 1022 1
1022 1047 -1
1022 1023 -1
1023 1048 -1
1023 1024 1
1024 1049 1
1024 1025 1
1025 1050 -1
1026 1051 1
1026 1050 1
1026 1027 1
1027 1052 1
1027 1028 -1
1028 1053 -1
1028 1029 1
1029 1054 -1
1029 1030 -1
1030 1055 1
1030 1031 -1
1031 1056 -1
1031 1032 -1
1032 1057 1
1032 1033 1
1033 1058 1
1033 1034 1
1034 1059 -1
1034 1035 1
1035 1060 -1
1035 1036 -1
1036 1061 1
1036 1037 1
1037 1062 -1
1037 1038 1
1038 1063 1
1038 1039 -1
1039 1064 -1
1039 1040 1
1040 1065 -1
1040 1041 1
1041 1066 -1
1041 1042 -1
1042 1067 1
1042 1043 1
1043 1068 1
1043 1044 -1
1044 1069 1
1044 1045 1
1045 1070 1
1045 1046 -1
1046 1071 -1
1046 1047 1
1047 1072 -1
1047 1048 -1
1048 1073 1
1048 1049 1
1049 1074 -1
1049 1050 -1
1050 1075 -1
1051 1076 -1
1051 1075 1
1051 1052 1
1052 1077 1
1052 1053 -1
1053 1078 -1
1053 1054 -1
1054 1079 1
1054 1055 -1
1055 1080 -1
1055 1056 1
1056 1081 -1
1056 1057 -1
1057 1082 -1
1057 1058 1
1058 1083 1
1058 1059 1
1059 1084 1
1059 1060 -1
1060 1085 -1
1060 1061 -1
1061 1086 1
1061 1062 -1
1062 1087 -1
1062 1063 1
1063 1088 1
1063 1064 1
1064 1089 1
1064 1065 1
1065 1090 1
1065 1066 -1
1066 1091 -1
1066 1067 1
1067 1092 1
1067 1068 -1
1068 1093 1
1068 1069 1
1069 1094 1
1069 1070 -1
1070 1095 1
1070 1071 -1
1071 1096 1
1071 1072 -1
1072 1097 1
1072 1073 1
1073 1098 -1
1073 1074 -1
1074 1099 1
1074 1075 1
1075 1100 1
1076 1101 -1
1076 1100 -1
1076 1077 1
1077 1102 -1
1077 1078 1
1078 1103 -1
1078 1079 1
1079 1104 -1
1079 1080 -1
1080 1105 -1
1080 1081 1
1081 1106 1
1081 1082 1
1082 1107 -1
1082 1083 1
1083 1108 1
1083 1084 1
1084 1109 -1
1084 1085 -1
1085 1110 -1
1085 1086 -1
1086 1111 -1
1086 1087 1
1087 1112 1
1087 1088 -1
1088 1113 -1
1088 1089 1
1089 1114 1
1089 1090 1
1090 1115 -1
1090 1091 1
1091 1116 1
1091 1092 1
1092 1117 1
1092 1093 1
1093 1118 1
1093 1094 1
1094 1119 1
1094 1095 -1
1095 1120 1
1095 1096 -1
1096 1121 1
1096 1097 -1
1097 1122 1
1097 1098 -1
1098 1123 -1
1098 1099 -1
1099 1124 -1
1099 1100 -1
1100 1125 -1
1101 1126 -1
1101 1125 1
1101 1102 1
1102 1127 1
1102 1103 -1
1103 1128 -1
1103 1104 -1
1104 1129 -1
1104 1105 -1
1105 1130 1
1105 1106 1
1106 1131 -1
1106 1107 1
1107 1132 1
1107 1108 1
1108 1133 -1
1108 1109 1
1109 1134 1
1109 1110 1
1110 1135 -1
1110 1111 1
1111 1136 -1
1111 1112 1
1112 1137 1
1112 1113 -1
1113 1138 1
1113 1114 -1
1114 1139 -1
1114 1115 1
1115 1140 -1
1115 1116 1
1116 1141 -1
1116 1117 1
1117 1142 -1
1117 1118 1
1118 1143 -1
1118 1119 1
1119 1144 1
1119 1120 -1
1120 1145 -1
1120 1121 1
1121 1146 -1
1121 1122 -1
1122 1147 -1
1122 1123 1
1123 1148 -1
1123 1124 -1
1124 1149 -1
1124 1125 1
1125 1150 -1
1126 1151 -1
1126 1150 -1
1126 1127 -1
1127 1152 -1
1127 1128 1
1128 1153 1
1128 1129 -1
1129 1154 1
1129 1130 1
1130 1155 1
1130 1131 -1
1131 1156 -1
1131 1132 1
1132 1157 1
1132 1133 -1
1133 1158 1
1133 1134 1
1134 1159 -1
1134 1135 -1
1135 1160 -1
1135 1136 1
1136 1161 -1
1136 1137 -1
1137 1162 -1
1137 1138 -1
1138 1163 -1
1138 1139 -1
1139 1164 -1
1139 1140 1
1140 1165 1
1140 1141 1
1141 1166 -1
1141 1142 -1
1142 1167 1
1142 1143 -1
1143 1168 1
1143 1144 1
1144 1169 -1
1144 1145 1
1145 1170 -1
1145 1146 -1
1146 1171 1
1146 1147 -1
1147 1172 1
1147 1148 -1
1148 1173 1
1148 1149 -1
1149 1174 1
1149 1150 1
1150 1175 -1
1151 1176 -1
1151 1175 1
1151 1152 1
1152 1177 1
1152 1153 -1
1153 1178 -1
1153 1154 1
1154 1179 -1
1154 1155 -1
1155 1180 -1
1155 1156 1
1156 1181 1
1156 1157 1
1157 1182 1
1157 1158 -1
1158 1183 -1
1158 1159 1
1159 1184 1
1159 1160 -1
1160 1185 -1
1160 1161 -1
1161 1186 1
1161 1162 1
1162 1187 1
1162 1163 -1
1163 1188 1
1163 1164 1
1164 1189 -1
1164 1165 -1
1165 1190 -1
1165 1166 1
1166 1191 -1
1166 1167 -1
1167 1192 1
1167 1168 -1
1168 1193 1
1168 1169 -1
1169 1194 -1
1169 1170 1
1170 1195 1
1170 1171 1
1171 1196 1
1171 1172 -1
1172 1197 -1
1172 1173 -1
1173 1198 1
1173 1174 1
1174 1199 -1
1174 1175 1
1175 1200 -1
1176 1201 -1
1176 1200 -1
1176 1177 -1
1177 1202 1
1177 1178 1
1178 1203 1
1178 1179 -1
1179 1204 1
1179 1180 1
1180 1205 1
1180 1181 1
1181 1206 -1
1181 1182 -1
1182 1207 1
1182 1183 -1
1183 1208 -1
1183 1184 -1
1184 1209 1
1184 1185 -1
1185 1210 1
1185 1186 -1
1186 1211 -1
1186 1187 -1
1187 1212 -1
1187 1188 1
1188 1213 -1
1188 1189 1
1189 1214 -1
1189 1190 1
1190 1215 1
1190 1191 1
1191 1216 -1
1191 1192 -1
1192 1217 1
1192 1193 1
1193 1218 1
1193 1194 -1
1194 1219 1
1194 1195 -1
1195 1220 1
1195 1196 1
1196 1221 -1
1196 1197 1
1197 1222 1
1197 1198 1
1198 1223 -1
1198 1199 1
1199 1224 -1
1199 1200 -1
1200 1225 1
1201 1226 1
1201 1225 -1
1201 1202 1
1202 1227 -1
1202 1203 -1
1203 1228 1
1203 1204 -1
1204 1229 -1
1204 1205 -1
1205 1230 -1
1205 1206 1
1206 1231 1
1206 1207 1
1207 1232 1
1207 1208 -1
1208 1233 1
1208 1209 -1
1209 1234 1
1209 1210 -1
1210 1235 1
1210 1211 -1
1211 1236 -1
1211 1212 -1
1212 1237 1
1212 1213 -1
1213 1238 1
1213 1214 1
1214 1239 1
1214 1215 -1
1215 1240 1
1215 1216 -1
1216 1241 -1
1216 1217 1
1217 1242 1
1217 1218 -1
1218 1243 1
1218 1219 -1
1219 1244 -1
1219 1220 1
1220 1245 -1
1220 1221 -1
1221 1246 1
1221 1222 1
1222 1247 1
1222 1223 -1
1223 1248 -1
1223 1224 1
1224 1249 1
1224 1225 1
1225 1250 1
1226 1251 1
1226 1250 -1
1226 1227 -1
1227 1252 -1
1227 1228 1
1228 1253 1
1228 1229 -1
1229 1254 -1
1229 1230 -1
1230 1255 -1
1230 1231 -1
1231 1256 1
1231 1232 1
1232 1257 1
1232 1233 -1
1233 1258 1
1233 1234 -1
1234 1259 -1
1234 1235 1
1235 1260 1
1235 1236 1
1236 1261 -1
1236 1237 1
1237 1262 -1
1237 1238 1
1238 1263 1
1238 1239 -1
1239 1264 -1
1239 1240 -1
1240 1265 -1
1240 1241 -1
1241 1266 1
1241 1242 -1
1242 1267 -1
1242 1243 1
1243 1268 1
1243 1244 1
1244 1269 1
1244 1245 -1
1245 1270 -1
1245 1246 1
1246 1271 1
1246 1247 -1
1247 1272 1
1247 1248 -1
1248 1273 -1
1248 1249 -1
1249 1274 -1
1249 1250 -1
1250 1275 1
1251 1276 -1
1251 1275 -1
1251 1252 1
1252 1277 -1
1252 1253 1
1253 1278 -1
1253 1254 1
1254 1279 1
1254 1255 1
1255 1280 -1
1255 1256 -1
1256 1281 1
1256 1257 -1
1257 1282 -1
1257 1258 -1
1258 1283 1
1258 1259 1
1259 1284 1
1259 1260 -1
1260 1285 -1
1260 1261 1
1261 1286 1
1261 1262 1
1262 1287 -1
1262 1263 1
1263 1288 -1
1263 1264 -1
1264 1289 -1
1264 1265 -1
1265 1290 1
1265 1266 1
1266 1291 1
1266 1267 1
1267 1292 1
1267 1268 1
1268 1293 1
1268 1269 -1
1269 1294 -1
1269 1270 -1
1270 1295 1
1270 1271 -1
1271 1296 -1
1271 1272 1
1272 1297 -1
1272 1273 -1
1273 1298 1
1273 1274 1
1274 1299 1
1274 1275 -1
1275 1300 1
1276 1301 -1
1276 1300 1
1276 1277 -1
1277 1302 -1
1277 1278 -1
1278 1303 1
1278 1279 1
1279 1304 1
1279 1280 1
1280 1305 -1
1280 1281 -1
1281 1306 -1
1281 1282 -1
1282 1307 1
1282 1283 -1
1283 1308 -1
1283 1284 1
1284 1309 -1
1284 1285 1
1285 1310 1
1285 1286 1
1286 1311 1
1286 1287 1
1287 1312 -1
1287 1288 -1
1288 1313 1
1288 1289 -1
1289 1314 1
1289 1290 -1
1290 1315 -1
1290 1291 1
1291 1316 -1
1291 1292 -1
1292 1317 1
1292 1293 -1
1293 1318 1
1293 1294 1
1294 1319 -1
1294 1295 -1
1295 1320 -1
1295 1296 -1
1296 1321 -1
1296 1297 1
1297 1322 1
1297 1298 -1
1298 1323 -1
1298 1299 -1
1299 1324 -1
1299 1300 -1
1300 1325 -1
1301 1326 1
1301 1325 -1
1301 1302 -1
1302 1327 1
1302 1303 1
1303 1328 -1
1303 1304 -1
1304 1329 1
1304 1305 1
1305 1330 -1
1305 1306 -1
1306 1331 1
1306 1307 1
1307 1332 1
1307 1308 -1
1308 1333 -1
1308 1309 1
1309 1334 1
1309 1310 1
1310 1335 1
1310 1311 1
1311 1336 1
1311 1312 -1
1312 1337 -1
1312 1313 -1
1313 1338 -1
1313 1314 1
1314 1339 1
1314 1315 1
1315 1340 -1
1315 1316 -1
1316 1341 -1
1316 1317 -1
1317 1342 1
1317 1318 -1
1318 1343 -1
1318 1319 -1
1319 1344 1
1319 1320 -1
1320 1345 -1
1320 1321 1
1321 1346 1
1321 1322 -1
1322 1347 1
1322 1323 1
1323 1348 -1
1323 1324 -1
1324 1349 1
1324 1325 1
1325 1350 1
1326 1351 -1
1326 1350 -1
1326 1327 1
1327 1352 -1
1327 1328 1
1328 1353 -1
1328 1329 1
1329 1354 1
1329 1330 -1
1330 1355 1
1330 1331 -1
1331 1356 1
1331 1332 1
1332 1357 -1
1332 1333 -1
1333 1358 -1
1333 1334 -1
1334 1359 1
1334 1335 1
1335 1360 1
1335 1336 -1
1336 1361 1
1336 1337 -1
1337 1362 1
1337 1338 1
1338 1363 -1
1338 1339 1
1339 1364 -1
1339 1340 -1
1340 1365 -1
1340 1341 -1
1341 1366 -1
1341 1342 -1
1342 1367 1
1342 1343 -1
1343 1368 1
1343 1344 -1
1344 1369 1
1344 1345 1
1345 1370 1
1345 1346 -1
1346 1371 -1
1346 1347 -1
1347 1372 1
1347 1348 -1
1348 1373 -1
1348 1349 1
1349 1374 -1
1349 1350 -1
1350 1375 1
1351 1376 -1
1351 1375 -1
1351 1352 -1
1352 1377 -1
1352 1353 -1
1353 1378 1
1353 1354 1
1354 1379 -1
1354 1355 -1
1355 1380 1
1355 1356 -1
1356 1381 1
1356 1357 -1
1357 1382 1
1357 1358 -1
1358 1383 -1
1358 1359 1
1359 1384 1
1359 1360 -1
1360 1385 1
1360 1361 -1
1361 1386 -1
1361 1362 1
1362 1387 -1
1362 1363 1
1363 1388 1
1363 1364 1
1364 1389 -1
1364 1365 1
1365 1390 -1
1365 1366 1
1366 1391 -1
1366 1367 -1
1367 1392 1
1367 1368 -1
1368 1393 1
1368 1369 -1
1369 1394 1
1369 1370 -1
1370 1395 -1
1370 1371 -1
1371 1396 -1
1371 1372 -1
1372 1397 1
1372 1373 -1
1373 1398 1
1373 1374 -1
1374 1399 -1
1374 1375 -1
1375 1400 1
1376 1401 -1
1376 1400 -1
1376 1377 -1
1377 1402 1
1377 1378 1
1378 1403 1
1378 1379 -1
1379 1404 1
1379 1380 -1
1380 1405 1
1380 1381 -1
1381 1406 1
1381 1382 1
1382 1407 -1
1382 1383 1
1383 1408 -1
1383 1384 1
1384 1409 -1
1384 1385 1
1385 1410 1
1385 1386 -1
1386 1411 -1
1386 1387 1
1387 1412 1
1387 1388 -1
1388 1413 1
1388 1389 -1
1389 1414 1
1389 1390 -1
1390 1415 -1
1390 1391 1
1391 1416 -1
1391 1392 1
1392 1417 -1
1392 1393 -1
1393 1418 -1
1393 1394 -1
1394 1419 1
1394 1395 1
1395 1420 -1
1395 1396 1
1396 1421 -1
1396 1397 1
1397 1422 1
1397 1398 -1
1398 1423 -1
1398 1399 -1
1399 1424 -1
1399 1400 1
1400 1425 -1
1401 1426 -1
1401 1425 -1
1401 1402 -1
1402 1427 1
1402 1403 -1
1403 1428 1
1403 1404 1
1404 1429 1
1404 1405 -1
1405 1430 1
1405 1406 -1
1406 1431 1
1406 1407 -1
1407 1432 -1
1407 1408 -1
1408 1433 -1
1408 1409 -1
1409 1434 1
1409 1410 -1
1410 1435 -1
1410 1411 -1
1411 1436 -1
1411 1412 -1
1412 1437 -1
1412 1413 1
1413 1438 -1
1413 1414 -1
1414 1439 1
1414 1415 1
1415 1440 1
1415 1416 1
1416 1441 1
1416 1417 1
1417 1442 -1
1417 1418 -1
1418 1443 -1
1418 1419 1
1419 1444 1
1419 1420 -1
1420 1445 1
1420 1421 1
1421 1446 -1
1421 1422 1
1422 1447 1
1422 1423 1
1423 1448 1
1423 1424 -1
1424 1449 1
1424 1425 -1
1425 1450 1
1426 1451 1
1426 1450 -1
1426 1427 1
1427 1452 1
1427 1428 1
1428 1453 -1
1428 1429 -1
1429 1454 -1
1429 1430 -1
1430 1455 1
1430 1431 1
1431 1456 -1
1431 1432 -1
1432 1457 1
1432 1433 1
1433 1458 -1
1433 1434 -1
1434 1459 -1
1434 1435 1
1435 1460 -1
1435 1436 -1
1436 1461 -1
1436 1437 1
1437 1462 1
1437 1438 1
1438 1463 -1
1438 1439 1
1439 1464 -1
1439 1440 1
1440 1465 -1
1440 1441 -1
1441 1466 -1
1441 1442 1
1442 1467 1
1442 1443 -1
1443 1468 1
1443 1444 1
1444 1469 1
1444 1445 -1
1445 1470 1
1445 1446 1
1446 1471 1
1446 1447 1
1447 1472 1
1447 1448 1
1448 1473 -1
1448 1449 -1
1449 1474 1
1449 1450 -1
1450 1475 1
1451 1476 1
1451 1475 1
1451 1452 -1
1452 1477 1
1452 1453 1
1453 1478 1
1453 1454 1
1454 1479 1
1454 1455 1
1455 1480 1
1455 1456 -1
1456 1481 1
1456 1457 1
1457 1482 1
1457 1458 1
1458 1483 -1
1458 1459 -1
1459 1484 1
1459 1460 -1
1460 1485 1
1460 1461 -1
1461 1486 -1
1461 1462 1
1462 1487 -1
1462 1463 -1
1463 1488 1
1463 1464 1
1464 1489 1
1464 1465 -1
1465 1490 -1
1465 1466 1
1466 1491 -1
1466 1467 -1
1467 1492 -1
1467 1468 -1
1468 1493 1
1468 1469 1
1469 1494 1
1469 1470 -1
1470 1495 1
1470 1471 -1
1471 1496 1
1471 1472 1
1472 1497 -1
1472 1473 -1
1473 1498 1
1473 1474 1
1474 1499 -1
1474 1475 1
1475 1500 1
1476 1501 -1
1476 1500 1
1476 1477 -1
1477 1502 -1
1477 1478 -1
1478 1503 -1
1478 1479 1
1479 1504 1
1479 1480 -1
1480 1505 -1
1480 1481 1
1481 1506 1
1481 1482 -1
1482 1507 -1
1482 1483 1
1483 1508 1
1483 1484 1
1484 1509 1
1484 1485 1
1485 1510 -1
1485 1486 -1
1486 1511 1
1486 1487 -1
1487 1512 -1
1487 1488 -1
1488 1513 1
1488 1489 1
1489 1514 -1
1489 1490 1
1490 1515 1
1490 1491 -1
1491 1516 1
1491 1492 1
1492 1517 1
1492 1493 -1
1493 1518 -1
1493 1494 1
1494 1519 1
1494 1495 -1
1495 1520 1
1495 1496 -1
1496 1521 -1
1496 1497 -1
1497 1522 1
1497 1498 -1
1498 1523 1
1498 1499 1
1499 1524 -1
1499 1500 1
1500 1525 -1
1501 1526 -1
1501 1525 1
1501 1502 1
1502 1527 1
1502 1503 -1
1503 1528 -1
1503 1504 -1
1504 1529 -1
1504 1505 1
1505 1530 1
1505 1506 -1
1506 1531 -1
1506 1507 -1
1507 1532 -1
1507 1508 1
1508 1533 1
1508 1509 1
1509 1534 1
1509 1510 -1
1510 1535 -1
1510 1511 -1
1511 1536 1
1511 1512 -1
1512 1537 -1
1512 1513 1
1513 1538 -1
1513 1514 1
1514 1539 -1
1514 1515 1
1515 1540 -1
1515 1516 1
1516 1541 -1
1516 1517 1
1517 1542 1
1517 1518 -1
1518 1543 1
1518 1519 1
1519 1544 -1
1519 1520 1
1520 1545 -1
1520 1521 -1
1521 1546 1
1521 1522 -1
1522 1547 1
1522 1523 1
1523 1548 -1
1523 1524 1
1524 1549 1
1524 1525 1
1525 1550 -1
1526 1551 -1
1526 1550 -1
1526 1527 1
1527 1552 -1
1527 1528 -1
1528 1553 1
1528 1529 1
1529 1554 -1
1529 1530 1
1530 1555 1
1530 1531 -1
1531 1556 1
1531 1532 -1
1532 1557 1
1532 1533 1
1533 1558 1
1533 1534 1
1534 1559 1
1534 1535 -1
1535 1560 -1
1535 1536 -1
1536 1561 -1
1536 1537 -1
1537 1562 -1
1537 1538 1
1538 1563 1
1538 1539 -1
1539 1564 -1
1539 1540 -1
1540 1565 1
1540 1541 -1
1541 1566 1
1541 1542 -1
1542 1567 1
1542 1543 -1
1543 1568 1
1543 1544 -1
1544 1569 -1
1544 1545 -1
1545 1570 1
1545 1546 1
1546 1571 1
1546 1547 -1
1547 1572 1
1547 1548 1
1548 1573 1
1548 1549 1
1549 1574 -1
1549 1550 1
1550 1575 1
1551 1576 1
1551 1575 -1
1551 1552 -1
1552 1577 -1
1552 1553 -1
1553 1578 -1
1553 1554 -1
1554 1579 -1
1554 1555 -1
1555 1580 -1
1555 1556 -1
1556 1581 1
1556 1557 -1
1557 1582 -1
1557 1558 -1
1558 1583 -1
1558 1559 -1
1559 1584 1
1559 1560 -1
1560 1585 1
1560 1561 1
1561 1586 1
1561 1562 -1
1562 1587 1
1562 1563 1
1563 1588 -1
1563 1564 -1
1564 1589 -1
1564 1565 1
1565 1590 1
1565 1566 -1
1566 1591 1
1566 1567 -1
1567 1592 -1
1567 1568 1
1568 1593 -1
1568 1569 -1
1569 1594 1
1569 1570 1
1570 1595 -1
1570 1571 1
1571 1596 1
1571 1572 1
1572 1597 -1
1572 1573 -1
1573 1598 -1
1573 1574 1
1574 1599 1
1574 1575 1
1575 1600 -1
1576 1601 -1
1576 1600 -1
1576 1577 1
1577 1602 -1
1577 1578 1
1578 1603 1
1578 1579 -1
1579 1604 -1
1579 1580 -1
1580 1605 -1
1580 1581 1
1581 1606 1
1581 1582 -1
1582 1607 -1
1582 1583 -1
1583 1608 1
1583 1584 -1
1584 1609 -1
1584 1585 -1
1585 1610 -1
1585 1586 -1
1586 1611 1
1586 1587 -1
1587 1612 -1
1587 1588 1
1588 1613 1
1588 1589 1
1589 1614 1
1589 1590 -1
1590 1615 1
1590 1591 -1
1591 1616 1
1591 1592 1
1592 1617 1
1592 1593 1
1593 1618 -1
1593 1594 1
1594 1619 -1
1594 1595 -1
1595 1620 1
1595 1596 1
1596 1621 -1
1596 1597 -1
1597 1622 -1
1597 1598 -1
1598 1623 1
1598 1599 1
1599 1624 -1
1599 1600 -1
1600 1625 -1
1601 1626 -1
1601 1625 1
1601 1602 1
1602 1627 -1
1602 1603 -1
1603 1628 1
1603 1604 1
1604 1629 -1
1604 1605 -1
1605 1630 -1
1605 1606 -1
1606 1631 -1
1606 1607 -1
1607 1632 -1
1607 1608 1
1608 1633 -1
1608 1609 1
1609 1634 1
1609 1610 -1
1610 1635 1
1610 1611 1
1611 1636 1
1611 1612 1
1612 1637 1
1612 1613 -1
1613 1638 -1
1613 1614 -1
1614 1639 -1
1614 1615 -1
1615 1640 1
1615 1616 1
1616 1641 1
1616 1617 -1
1617 1642 -1
1617 1618 1
1618 1643 -1
1618 1619 1
1619 1644 1
1619 1620 -1
1620 1645 -1
1620 1621 -1
1621 1646 -1
1621 1622 -1
1622 1647 1
1622 1623 -1
1623 1648 1
1623 1624 1
1624 1649 1
1624 1625 -1
1625 1650 -1
1626 1651 1
1626 1650 -1
1626 1627 -1
1627 1652 -1
1627 1628 -1
1628 1653 -1
1628 1629 1
1629 1654 -1
1629 1630 -1
1630 1655 -1
1630 1631 -1
1631 1656 -1
1631 1632 1
1632 1657 1
1632 1633 -1
1633 1658 1
1633 1634 -1
1634 1659 1
1634 1635 1
1635 1660 -1
1635 1636 1
1636 1661 1
1636 1637 -1
1637 1662 -1
1637 1638 -1
1638 1663 1
1638 1639 -1
1639 1664 1
1639 1640 1
1640 1665 -1
1640 1641 -1
1641 1666 -1
1641 1642 1
1642 1667 1
1642 1643 -1
1643 1668 -1
1643 1644 1
1644 1669 1
1644 1645 -1
1645 1670 1
1645 1646 -1
1646 1671 -1
1646 1647 -1
1647 1672 -1
1647 1648 1
1648 1673 -1
1648 1649 -1
1649 1674 -1
1649 1650 1
1650 1675 -1
1651 1676 1
1651 1675 -1
1651 1652 -1
1652 1677 -1
1652 1653 -1
1653 1678 -1
1653 1654 1
1654 1679 1
1654 1655 1
1655 1680 1
1655 1656 -1
1656 1681 1
1656 1657 -1
1657 1682 -1
1657 1658 -1
1658 1683 1
1658 1659 1
1659 1684 -1
1659 1660 1
1660 1685 -1
1660 1661 -1
1661 1686 -1
1661 1662 -1
1662 1687 -1
1662 1663 -1
1663 1688 1
1663 1664 1
1664 1689 -1
1664 1665 -1
1665 1690 1
1665 1666 1
1666 1691 1
1666 1667 1
1667 1692 -1
1667 1668 -1
1668 1693 -1
1668 1669 -1
1669 1694 1
1669 1670 -1
1670 1695 -1
1670 1671 -1
1671 1696 1
1671 1672 -1
1672 1697 -1
1672 1673 -1
1673 1698 1
1673 1674 1
1674 1699 1
1674 1675 1
1675 1700 1
1676 1701 -1
1676 1700 1
1676 1677 -1
1677 1702 1
1677 1678 -1
1678 1703 1
1678 1679 -1
1679 1704 1
1679 1680 -1
1680 1705 -1
1680 1681 -1
1681 1706 -1
1681 1682 1
1682 1707 -1
1682 1683 -1
1683 1708 -1
1683 1684 1
1684 1709 -1
1684 1685 1
1685 1710 1
1685 1686 1
1686 1711 1
1686 1687 1
1687 1712 -1
1687 1688 -1
1688 1713 1
1688 1689 -1
1689 1714 -1
1689 1690 -1
1690 1715 -1
1690 1691 -1
1691 1716 1
1691 1692 -1
1692 1717 -1
1692 1693 1
1693 1718 -1
1693 1694 1
1694 1719 -1
1694 1695 -1
1695 1720 1
1695 1696 -1
1696 1721 1
1696 1697 -1
1697 1722 -1
1697 1698 1
1698 1723 -1
1698 1699 1
1699 1724 1
1699 1700 -1
1700 1725 -1
1701 1726 -1
1701 1725 -1
1701 1702 -1
1702 1727 1
1702 1703 1
1703 1728 -1
1703 1704 -1
1704 1729 1
1704 1705 -1
1705 1730 1
1705 1706 -1
1706 1731 1
1706 1707 -1
1707 1732 1
1707 1708 -1
1708 1733 1
1708 1709 1
1709 1734 -1
1709 1710 1
1710 1735 -1
1710 1711 -1
1711 1736 1
1711 1712 -1
1712 1737 -1
1712 1713 1
1713 1738 1
1713 1714 1
1714 1739 -1
1714 1715 -1
1715 1740 -1
1715 1716 1
1716 1741 1
1716 1717 1
1717 1742 1
1717 1718 1
1718 1743 1
1718 1719 1
1719 1744 1
1719 1720 -1
1720 1745 -1
1720 1721 -1
1721 1746 1
1721 1722 1
1722 1747 1
1722 1723 1
1723 1748 1
1723 1724 1
1724 1749 1
1724 1725 1
1725 1750 -1
1726 1751 -1
1726 1750 -1
1726 1727 -1
1727 1752 1
1727 1728 -1
1728 1753 1
1728 1729 -1
1729 1754 1
1729 1730 -1
1730 1755 -1
1730 1731 -1
1731 1756 1
1731 1732 -1
1732 1757 1
1732 1733 -1
1733 1758 -1
1733 1734 1
1734 1759 1
1734 1735 -1
1735 1760 1
1735 1736 -1
1736 1761 1
1736 1737 1
1737 1762 1
1737 1738 -1
1738 1763 1
1738 1739 1
1739 1764 1
1739 1740 -1
1740 1765 1
1740 1741 -1
1741 1766 1
1741 1742 1
1742 1767 1
1742 1743 -1
1743 1768 1
1743 1744 1
1744 1769 1
1744 1745 1
1745 1770 -1
1745 1746 -1
1746 1771 1
1746 1747 1
1747 1772 1
1747 1748 -1
1748 1773 -1
1748 1749 1
1749 1774 -1
1749 1750 1
1750 1775 1
1751 1776 1
1751 1775 1
1751 1752 -1
1752 1777 1
1752 1753 -1
1753 1778 1
1753 1754 -1
1754 1779 -1
1754 1755 1
1755 1780 1
1755 1756 1
1756 1781 -1
1756 1757 -1
1757 1782 1
1757 1758 1
1758 1783 1
1758 1759 -1
1759 1784 -1
1759 1760 -1
1760 1785 -1
1760 1761 -1
1761 1786 1
1761 1762 -1
1762 1787 -1
1762 1763 -1
1763 1788 -1
1763 1764 1
1764 1789 -1
1764 1765 -1
1765 1790 1
1765 1766 -1
1766 1791 -1
1766 1767 -1
1767 1792 1
1767 1768 -1
1768 1793 -1
1768 1769 1
1769 1794 1
1769 1770 1
1770 1795 1
1770 1771 1
1771 1796 -1
1771 1772 1
1772 1797 -1
1772 1773 -1
1773 1798 -1
1773 1774 1
1774 1799 -1
1774 1775 1
1775 1800 1
1776 1801 -1
1776 1800 -1
1776 1777 -1
1777 1802 1
1777 1778 1
1778 1803 -1
1778 1779 1
1779 1804 1
1779 1780 -1
1780 1805 -1
1780 1781 1
1781 1806 1
1781 1782 1
1782 1807 -1
1782 1783 -1
1783 1808 -1
1783 1784 -1
1784 1809 -1
1784 1785 -1
1785 1810 -1
1785 1786 1
1786 1811 -1
1786 1787 1
1787 1812 1
1787 1788 -1
1788 1813 1
1788 1789 -1
1789 1814 -1
1789 1790 -1
1790 1815 1
1790 1791 -1
1791 1816 1
1791 1792 1
1792 1817 -1
1792 1793 -1
1793 1818 1
1793 1794 1
1794 1819 1
1794 1795 1
1795 1820 1
1795 1796 -1
1796 1821 -1
1796 1797 1
1797 1822 1
1797 1798 -1
1798 1823 -1
1798 1799 1
1799 1824 1
1799 1800 -1
1800 1825 1
1801 1826 1
1801 1825 -1
1801 1802 -1
1802 1827 1
1802 1803 1
1803 1828 -1
1803 1804 -1
1804 1829 1
1804 1805 -1
1805 1830 1
1805 1806 1
1806 1831 -1
1806 1807 -1
1807 1832 1
1807 1808 -1
1808 1833 -1
1808 1809 1
1809 1834 -1
1809 1810 -1
1810 1835 -1
1810 1811 1
1811 1836 -1
1811 1812 1
1812 1837 -1
1812 1813 -1
1813 1838 1
1813 1814 -1
1814 1839 -1
1814 1815 -1
1815 1840 -1
1815 1816 -1
1816 1841 1
1816 1817 1
1817 1842 -1
1817 1818 1
1818 1843 1
1818 1819 1
1819 1844 1
1819 1820 -1
1820 1845 1
1820 1821 -1
1821 1846 1
1821 1822 -1
1822 1847 -1
1822 1823 1
1823 1848 -1
1823 1824 1
1824 1849 -1
1824 1825 -1
1825 1850 -1
1826 1851 -1
1826 1850 1
1826 1827 1
1827 1852 -1
1827 1828 1
1828 1853 1
1828 1829 1
1829 1854 -1
1829 1830 -1
1830 1855 -1
1830 1831 1
1831 1856 1
1831 1832 1
1832 1857 1
1832 1833 1
1833 1858 -1
1833 1834 -1
1834 1859 1
1834 1835 -1
1835 1860 1
1835 1836 1
1836 1861 -1
1836 1837 -1
1837 1862 -1
1837 1838 -1
1838 1863 1
1838 1839 -1
1839 1864 -1
1839 1840 1
1840 1865 -1
1840 1841 1
1841 1866 -1
1841 1842 -1
1842 1867 1
1842 1843 1
1843 1868 1
1843 1844 -1
1844 1869 1
1844 1845 -1
1845 1870 1
1845 1846 -1
1846 1871 1
1846 1847 1
1847 1872 1
1847 1848 1
1848 1873 1
1848 1849 -1
1849 1874 -1
1849 1850 -1
1850 1875 -1
1851 1876 -1
1851 1875 1
1851 1852 1
1852 1877 -1
1852 1853 -1
1853 1878 -1
1853 1854 -1
1854 1879 1
1854 1855 1
1855 1880 1
1855 1856 1
1856 1881 -1
1856 1857 -1
1857 1882 -1
1857 1858 -1
1858 1883 1
1858 1859 -1
1859 1884 -1
1859 1860 1
1860 1885 1
1860 1861 1
1861 1886 -1
1861 1862 1
1862 1887 -1
1862 1863 1
1863 1888 1
1863 1864 -1
1864 1889 -1
1864 1865 -1
1865 1890 1
1865 1866 1
1866 1891 1
1866 1867 -1
1867 1892 -1
1867 1868 -1
1868 1893 1
1868 1869 -1
1869 1894 1
1869 1870 -1
1870 1895 -1
1870 1871 1
1871 1896 1
1871 1872 -1
1872 1897 -1
1872 1873 1
1873 1898 -1
1873 1874 -1
1874 1899 -1
1874 1875 -1
1875 1900 -1
1876 1901 -1
1876 1900 -1
1876 1877 -1
1877 1902 1
1877 1878 -1
1878 1903 1
1878 1879 -1
1879 1904 1
1879 1880 -1
1880 1905 -1
1880 1881 -1
1881 1906 1
1881 1882 1
1882 1907 1
1882 1883 -1
1883 1908 1
1883 1884 1
1884 1909 -1
1884 1885 -1
1885 1910 -1
1885 1886 -1
1886 1911 1
1886 1887 -1
1887 1912 1
1887 1888 1
1888 1913 1
1888 1889 -1
1889 1914 -1
1889 1890 -1
1890 1915 1
1890 1891 -1
1891 1916 1
1891 1892 1
1892 1917 -1
1892 1893 1
1893 1918 1
1893 1894 1
1894 1919 1
1894 1895 1
1895 1920 -1
1895 1896 1
1896 1921 1
1896 1897 1
1897 1922 -1
1897 1898 1
1898 1923 1
1898 1899 -1
1899 1924 -1
1899 1900 -1
1900 1925 -1
1901 1926 -1
1901 1925 1
1901 1902 -1
1902 1927 -1
1902 1903 1
1903 1928 1
1903 1904 1
1904 1929 -1
1904 1905 -1
1905 1930 -1
1905 1906 -1
1906 1931 1
1906 1907 1
1907 1932 -1
1907 1908 -1
1908 1933 1
1908 1909 -1
1909 1934 -1
1909 1910 1
1910 1935 -1
1910 1911 1
1911 1936 -1
1911 1912 -1
1912 1937 1
1912 1913 1
1913 1938 1
1913 1914 1
1914 1939 1
1914 1915 -1
1915 1940 -1
1915 1916 1
1916 1941 -1
1916 1917 1
1917 1942 1
1917 1918 1
1918 1943 -1
1918 1919 1
1919 1944 1
1919 1920 -1
1920 1945 1
1920 1921 1
1921 1946 -1
1921 1922 -1
1922 1947 1
1922 1923 1
1923 1948 1
1923 1924 1
1924 1949 -1
1924 1925 1
1925 1950 1
1926 1951 -1
1926 1950 1
1926 1927 1
1927 1952 1
1927 1928 -1
1928 1953 -1
1928 1929 1
1929 1954 1
1929 1930 -1
1930 1955 -1
1930 1931 -1
1931 1956 -1
1931 1932 -1
1932 1957 -1
1932 1933 -1
1933 1958 1
1933 1934 1
1934 1959 -1
1934 1935 1
1935 1960 -1
1935 1936 -1
1936 1961 1
1936 1937 1
1937 1962 -1
1937 1938 1
1938 1963 1
1938 1939 1
1939 1964 1
1939 1940 -1
1940 1965 1
1940 1941 -1
1941 1966 1
1941 1942 -1
1942 1967 1
1942 1943 1
1943 1968 1
1943 1944 1
1944 1969 1
1944 1945 1
1945 1970 -1
1945 1946 -1
1946 1971 1
1946 1947 -1
1947 1972 -1
1947 1948 -1
1948 1973 -1
1948 1949 -1
1949 1974 1
1949 1950 -1
1950 1975 1
1951 1976 1
1951 1975 -1
1951 1952 -1
1952 1977 -1
1952 1953 1
1953 1978 -1
1953 1954 1
1954 1979 1
1954 1955 1
1955 1980 -1
1955 1956 1
1956 1981 -1
1956 1957 -1
1957 1982 1
1957 1958 -1
1958 1983 -1
1958 1959 1
1959 1984 -1
1959 1960 1
1960 1985 1
1960 1961 -1
1961 1986 1
1961 1962 1
1962 1987 -1
1962 1963 -1
1963 1988 1
1963 1964 -1
1964 1989 1
1964 1965 -1
1965 1990 -1
1965 1966 -1
1966 1991 -1
1966 1967 -1
1967 1992 -1
1967 1968 -1
1968 1993 -1
1968 1969 1
1969 1994 -1
1969 1970 1
1970 1995 -1
1970 1971 1
1971 1996 1
1971 1972 1
1972 1997 -1
1972 1973 1
1973 1998 1
1973 1974 -1
1974 1999 -1
1974 1975 1
1975 2000 -1
1976 2000 -1
1976 1977 -1
1977 1978 -1
1978 1979 -1
1979 1980 1
1980 1981 1
1981 1982 1
1982 1983 -1
1983 1984 1
1984 1985 -1
1985 1986 -1
1986 1987 -1
1987 1988 -1
1988 1989 1
1989 1990 -1
1990 1991 -1
1991 1992 -1
1992 1993 1
1993 1994 1
1994 1995 1
1995 1996 1
1996 1997 -1
1997 1998 1
1998 1999 -1
1999 2000 -1
