1000 9990 
1 794 1
1 477 1
1 150 1
1 717 1
1 196 1
1 615 1
1 115 1
1 624 1
1 869 1
1 354 1
1 819 1
1 381 1
1 166 1
1 292 1
1 128 1
1 267 1
2 841 1
2 236 1
2 264 1
2 787 1
2 68 1
2 921 1
2 572 1
2 180 1
2 585 1
2 826 1
2 612 1
2 894 1
2 319 1
2 373 1
3 239 1
3 380 1
3 159 1
3 275 1
3 1000 1
3 317 1
3 373 1
3 504 1
3 966 1
3 918 1
3 993 1
3 95 1
3 26 1
3 436 1
3 677 1
3 264 1
3 553 1
3 59 1
3 482 1
4 563 1
4 888 1
4 973 1
4 686 1
4 840 1
4 967 1
4 7 1
4 829 1
4 441 1
4 153 1
4 570 1
4 342 1
4 336 1
4 166 1
4 766 1
4 965 1
4 476 1
4 217 1
4 800 1
5 826 1
5 377 1
5 845 1
5 634 1
5 428 1
5 807 1
5 144 1
5 201 1
5 311 1
5 430 1
5 331 1
5 853 1
5 510 1
5 304 1
5 961 1
5 20 1
5 139 1
5 168 1
5 516 1
5 743 1
5 437 1
6 369 1
6 431 1
6 457 1
6 158 1
6 191 1
6 639 1
6 713 1
6 668 1
6 620 1
6 778 1
6 561 1
6 32 1
6 911 1
6 361 1
6 957 1
6 975 1
6 125 1
6 657 1
6 132 1
6 524 1
6 858 1
6 325 1
7 446 1
7 239 1
7 43 1
7 265 1
7 659 1
7 728 1
7 71 1
7 781 1
7 448 1
7 880 1
7 228 1
7 187 1
7 67 1
7 120 1
7 451 1
7 672 1
8 187 1
8 839 1
8 48 1
8 11 1
8 599 1
8 396 1
8 492 1
8 419 1
8 347 1
8 618 1
8 80 1
8 326 1
8 808 1
8 245 1
8 488 1
8 124 1
8 809 1
8 774 1
8 971 1
8 793 1
8 179 1
8 510 1
8 925 1
8 565 1
8 88 1
8 27 1
9 426 1
9 512 1
9 856 1
9 201 1
9 588 1
9 777 1
9 434 1
9 566 1
9 994 1
9 415 1
9 94 1
9 722 1
9 689 1
9 58 1
9 271 1
10 389 1
10 420 1
10 592 1
10 872 1
10 634 1
10 458 1
10 612 1
10 725 1
11 272 1
11 84 1
11 87 1
11 840 1
11 830 1
11 92 1
11 355 1
11 55 1
11 102 1
11 595 1
11 848 1
11 81 1
11 320 1
11 384 1
11 984 1
12 390 1
12 665 1
12 617 1
12 833 1
12 464 1
12 166 1
12 189 1
12 903 1
12 122 1
12 983 1
12 658 1
12 388 1
12 850 1
12 957 1
12 792 1
12 573 1
12 51 1
13 535 1
13 456 1
13 233 1
13 184 1
13 580 1
13 312 1
13 980 1
13 714 1
13 986 1
13 44 1
13 746 1
13 398 1
13 132 1
13 512 1
13 962 1
13 815 1
13 536 1
13 916 1
14 785 1
14 759 1
14 168 1
14 645 1
14 792 1
14 282 1
14 288 1
14 451 1
14 597 1
14 387 1
14 601 1
14 34 1
14 60 1
14 704 1
14 162 1
14 894 1
14 20 1
14 553 1
14 853 1
14 221 1
14 763 1
15 371 1
15 332 1
15 272 1
15 233 1
15 770 1
15 71 1
15 899 1
15 219 1
15 440 1
15 86 1
15 184 1
15 533 1
15 580 1
15 699 1
15 940 1
16 226 1
16 122 1
16 503 1
16 952 1
16 300 1
16 889 1
16 798 1
16 945 1
16 301 1
16 774 1
16 153 1
16 456 1
16 410 1
16 445 1
16 776 1
16 536 1
16 835 1
16 685 1
16 127 1
16 516 1
16 309 1
17 543 1
17 862 1
17 856 1
17 995 1
17 767 1
17 542 1
17 898 1
17 142 1
17 512 1
17 122 1
17 874 1
17 661 1
17 253 1
17 377 1
17 924 1
17 700 1
17 588 1
17 593 1
17 359 1
17 804 1
17 406 1
17 449 1
17 841 1
17 276 1
17 638 1
17 616 1
17 455 1
17 430 1
17 893 1
18 587 1
18 682 1
18 509 1
18 614 1
18 333 1
18 944 1
18 384 1
18 420 1
18 277 1
18 116 1
18 95 1
18 473 1
18 766 1
18 194 1
18 780 1
18 192 1
18 219 1
18 641 1
18 957 1
18 853 1
18 770 1
18 213 1
18 501 1
18 66 1
18 468 1
19 519 1
19 37 1
19 673 1
19 830 1
19 349 1
19 964 1
19 824 1
19 818 1
19 968 1
19 586 1
19 917 1
19 267 1
19 549 1
19 867 1
19 498 1
19 351 1
19 956 1
19 695 1
20 718 1
20 48 1
20 254 1
20 499 1
20 684 1
20 333 1
20 635 1
20 517 1
20 988 1
20 91 1
20 618 1
20 214 1
20 880 1
20 455 1
20 561 1
20 454 1
20 471 1
20 628 1
20 142 1
21 734 1
21 468 1
21 462 1
21 849 1
21 229 1
21 527 1
21 825 1
21 890 1
21 718 1
21 959 1
21 821 1
21 408 1
21 660 1
21 579 1
21 947 1
21 270 1
22 848 1
22 120 1
22 68 1
22 910 1
22 355 1
22 277 1
22 251 1
22 129 1
22 131 1
22 587 1
22 139 1
22 643 1
22 776 1
22 985 1
22 698 1
22 738 1
22 476 1
22 308 1
22 927 1
23 489 1
23 873 1
23 101 1
23 952 1
23 864 1
23 370 1
23 622 1
23 31 1
23 543 1
23 560 1
23 578 1
23 753 1
23 984 1
23 318 1
23 282 1
23 730 1
23 677 1
23 765 1
23 599 1
23 903 1
23 928 1
23 721 1
23 829 1
23 65 1
24 811 1
24 456 1
24 707 1
24 569 1
24 307 1
24 414 1
24 25 1
24 181 1
24 116 1
24 966 1
24 446 1
24 64 1
24 212 1
24 565 1
24 188 1
24 164 1
24 771 1
24 953 1
25 566 1
25 140 1
25 413 1
25 517 1
25 122 1
25 857 1
25 521 1
25 246 1
25 349 1
26 146 1
26 290 1
26 699 1
26 849 1
26 76 1
26 519 1
26 327 1
26 221 1
26 937 1
26 160 1
26 69 1
26 630 1
26 266 1
26 944 1
26 788 1
26 985 1
26 101 1
26 661 1
26 780 1
26 512 1
26 750 1
26 912 1
27 592 1
27 752 1
27 568 1
27 888 1
27 585 1
27 714 1
27 963 1
27 729 1
27 375 1
27 878 1
27 819 1
27 276 1
27 71 1
27 782 1
27 221 1
27 274 1
27 577 1
27 387 1
27 62 1
28 712 1
28 226 1
28 629 1
28 471 1
28 649 1
28 525 1
28 863 1
28 110 1
28 391 1
28 943 1
28 556 1
28 730 1
28 942 1
28 45 1
28 170 1
28 937 1
28 602 1
28 489 1
28 349 1
28 829 1
28 190 1
29 901 1
29 672 1
29 803 1
29 315 1
29 456 1
29 732 1
29 89 1
29 770 1
29 558 1
29 266 1
29 886 1
29 510 1
29 780 1
29 46 1
29 664 1
29 618 1
29 418 1
29 102 1
29 353 1
30 419 1
30 307 1
30 680 1
30 312 1
30 404 1
30 385 1
30 214 1
30 325 1
30 188 1
30 652 1
30 836 1
30 126 1
30 222 1
30 73 1
30 833 1
30 169 1
30 909 1
30 664 1
30 61 1
30 256 1
30 692 1
30 206 1
31 704 1
31 933 1
31 290 1
31 646 1
31 437 1
31 921 1
31 871 1
31 272 1
31 79 1
31 119 1
31 922 1
31 897 1
31 234 1
31 284 1
31 80 1
31 821 1
31 555 1
32 83 1
32 870 1
32 913 1
32 988 1
32 531 1
32 403 1
32 765 1
32 73 1
32 757 1
32 175 1
32 509 1
32 921 1
32 456 1
32 364 1
32 117 1
32 697 1
33 482 1
33 981 1
33 580 1
33 660 1
33 119 1
33 932 1
33 686 1
33 812 1
33 709 1
33 773 1
33 621 1
33 975 1
33 771 1
33 904 1
33 463 1
33 128 1
33 400 1
34 144 1
34 204 1
34 367 1
34 373 1
34 349 1
34 323 1
34 989 1
34 442 1
34 778 1
34 783 1
34 350 1
34 582 1
34 847 1
34 800 1
34 461 1
34 945 1
34 272 1
34 832 1
34 476 1
34 529 1
34 513 1
34 659 1
34 685 1
34 820 1
34 969 1
35 971 1
35 734 1
35 723 1
35 410 1
35 236 1
35 372 1
35 433 1
35 261 1
35 768 1
35 648 1
35 208 1
35 805 1
35 163 1
35 534 1
35 443 1
35 380 1
35 193 1
35 911 1
35 254 1
36 734 1
36 314 1
36 935 1
36 939 1
36 54 1
36 394 1
36 721 1
36 123 1
36 291 1
36 58 1
36 268 1
36 179 1
36 948 1
36 744 1
36 334 1
36 122 1
36 187 1
36 968 1
36 615 1
36 826 1
37 503 1
37 534 1
37 308 1
37 610 1
37 584 1
37 934 1
37 696 1
37 486 1
37 960 1
37 618 1
37 109 1
37 451 1
37 617 1
37 75 1
37 490 1
38 305 1
38 662 1
38 475 1
38 873 1
38 203 1
38 250 1
38 828 1
38 73 1
38 382 1
39 285 1
39 353 1
39 824 1
39 729 1
39 983 1
39 843 1
39 607 1
39 100 1
39 131 1
39 533 1
39 44 1
39 750 1
39 768 1
39 787 1
39 793 1
39 637 1
39 785 1
39 378 1
40 412 1
40 205 1
40 922 1
40 236 1
40 355 1
40 78 1
40 979 1
40 968 1
40 781 1
40 368 1
40 508 1
40 469 1
40 842 1
40 449 1
40 656 1
40 794 1
40 334 1
40 658 1
41 304 1
41 104 1
41 422 1
41 278 1
41 600 1
41 909 1
41 868 1
41 580 1
41 310 1
41 825 1
41 544 1
41 968 1
41 808 1
41 429 1
41 220 1
41 223 1
41 758 1
41 884 1
41 67 1
41 318 1
41 681 1
41 715 1
41 163 1
41 794 1
41 704 1
41 447 1
42 210 1
42 284 1
42 713 1
42 598 1
42 796 1
42 881 1
42 865 1
42 56 1
42 922 1
42 77 1
42 816 1
42 782 1
42 330 1
42 972 1
42 947 1
42 574 1
42 553 1
42 247 1
42 532 1
42 918 1
42 161 1
43 100 1
43 314 1
43 905 1
43 981 1
43 687 1
43 602 1
43 185 1
43 774 1
43 771 1
43 858 1
43 901 1
43 414 1
43 306 1
43 417 1
43 270 1
43 440 1
43 150 1
43 616 1
43 207 1
43 870 1
43 969 1
43 170 1
44 52 1
44 625 1
44 474 1
44 911 1
44 539 1
44 670 1
44 959 1
44 674 1
44 698 1
44 253 1
44 106 1
44 408 1
44 282 1
44 494 1
44 759 1
44 429 1
44 723 1
44 244 1
44 66 1
44 202 1
44 372 1
44 717 1
44 851 1
44 579 1
45 750 1
45 855 1
45 852 1
45 551 1
45 369 1
45 685 1
45 222 1
45 594 1
45 201 1
45 723 1
45 882 1
45 977 1
45 600 1
45 869 1
45 453 1
45 929 1
45 161 1
45 951 1
45 49 1
46 641 1
46 407 1
46 430 1
46 173 1
46 400 1
46 995 1
46 287 1
46 662 1
46 742 1
46 853 1
46 219 1
46 512 1
46 285 1
46 70 1
46 426 1
46 523 1
46 568 1
46 614 1
46 136 1
46 920 1
46 951 1
46 298 1
46 510 1
46 326 1
47 212 1
47 161 1
47 228 1
47 393 1
47 263 1
47 874 1
47 385 1
47 480 1
47 739 1
47 142 1
47 738 1
47 421 1
47 850 1
47 50 1
47 781 1
47 942 1
47 88 1
47 249 1
47 749 1
47 688 1
47 548 1
47 928 1
47 153 1
47 240 1
47 868 1
47 595 1
48 594 1
48 731 1
48 200 1
48 385 1
48 332 1
48 960 1
48 103 1
48 162 1
48 343 1
48 994 1
48 145 1
48 883 1
48 784 1
48 115 1
48 166 1
48 609 1
49 914 1
49 992 1
49 84 1
49 205 1
49 565 1
49 505 1
49 773 1
49 214 1
49 834 1
49 594 1
49 140 1
49 695 1
49 183 1
49 323 1
49 307 1
49 151 1
50 81 1
50 509 1
50 911 1
50 868 1
50 208 1
50 761 1
50 153 1
50 673 1
50 563 1
50 586 1
50 970 1
50 134 1
50 770 1
50 773 1
50 518 1
50 442 1
50 610 1
50 484 1
50 571 1
50 387 1
50 995 1
51 382 1
51 87 1
51 522 1
51 886 1
51 524 1
51 264 1
51 167 1
51 797 1
51 739 1
51 325 1
51 281 1
51 306 1
51 978 1
51 959 1
51 538 1
51 279 1
51 114 1
51 361 1
51 238 1
51 946 1
51 465 1
51 165 1
51 634 1
51 408 1
52 384 1
52 593 1
52 946 1
52 483 1
52 982 1
52 213 1
52 226 1
52 603 1
52 471 1
52 832 1
52 843 1
52 788 1
53 811 1
53 576 1
53 908 1
53 582 1
53 810 1
53 723 1
53 729 1
53 543 1
53 894 1
53 688 1
53 564 1
53 202 1
53 891 1
53 237 1
53 243 1
53 234 1
54 286 1
54 600 1
54 558 1
54 546 1
54 514 1
54 500 1
54 103 1
54 580 1
54 474 1
54 656 1
54 235 1
55 480 1
55 220 1
55 75 1
55 969 1
55 785 1
55 643 1
55 523 1
55 257 1
55 268 1
55 681 1
55 766 1
55 919 1
55 867 1
55 282 1
55 418 1
55 601 1
55 181 1
55 315 1
55 571 1
55 789 1
55 195 1
55 614 1
55 169 1
55 486 1
56 678 1
56 402 1
56 966 1
56 494 1
56 663 1
56 66 1
56 981 1
56 361 1
56 282 1
56 251 1
56 143 1
56 280 1
57 782 1
57 840 1
57 404 1
57 85 1
57 245 1
57 733 1
57 904 1
57 461 1
57 994 1
57 805 1
57 496 1
57 780 1
57 262 1
57 459 1
57 233 1
57 95 1
57 839 1
57 959 1
57 750 1
57 191 1
57 857 1
57 1000 1
57 335 1
57 89 1
58 948 1
58 899 1
58 688 1
58 259 1
58 272 1
58 451 1
58 629 1
58 182 1
58 735 1
58 652 1
58 373 1
58 489 1
58 438 1
58 585 1
58 927 1
59 415 1
59 856 1
59 231 1
59 605 1
59 999 1
59 310 1
59 945 1
59 426 1
59 203 1
59 280 1
59 886 1
59 756 1
59 916 1
59 179 1
59 665 1
59 819 1
59 522 1
59 119 1
59 712 1
59 793 1
59 330 1
59 740 1
59 323 1
60 711 1
60 985 1
60 426 1
60 813 1
60 656 1
60 144 1
60 783 1
60 169 1
60 294 1
60 484 1
60 519 1
60 673 1
60 875 1
60 969 1
60 328 1
60 601 1
60 670 1
60 769 1
61 141 1
61 505 1
61 622 1
61 520 1
61 752 1
61 64 1
61 240 1
61 184 1
61 136 1
61 99 1
61 594 1
61 354 1
61 918 1
61 241 1
61 300 1
61 137 1
61 228 1
61 164 1
61 577 1
61 371 1
61 791 1
62 488 1
62 965 1
62 619 1
62 434 1
62 824 1
62 605 1
62 98 1
62 958 1
62 322 1
62 183 1
62 649 1
62 315 1
63 621 1
63 449 1
63 809 1
63 953 1
63 307 1
63 549 1
63 100 1
63 310 1
63 501 1
63 487 1
63 934 1
63 523 1
63 409 1
63 675 1
63 733 1
64 234 1
64 116 1
64 512 1
64 217 1
64 197 1
64 498 1
64 270 1
64 236 1
64 252 1
64 817 1
64 905 1
64 92 1
64 757 1
64 459 1
64 894 1
64 133 1
64 732 1
64 758 1
64 924 1
64 827 1
65 912 1
65 998 1
65 766 1
65 532 1
65 697 1
65 395 1
65 474 1
65 330 1
65 682 1
65 645 1
65 461 1
65 976 1
65 440 1
65 581 1
65 299 1
65 508 1
65 243 1
65 668 1
65 408 1
65 292 1
65 208 1
65 646 1
65 885 1
65 916 1
65 482 1
65 106 1
66 551 1
66 457 1
66 378 1
66 73 1
66 176 1
66 377 1
66 106 1
66 963 1
66 886 1
66 191 1
66 390 1
66 899 1
66 317 1
66 739 1
66 275 1
66 818 1
66 135 1
66 641 1
66 959 1
66 153 1
66 903 1
67 188 1
67 610 1
67 372 1
67 757 1
67 309 1
67 893 1
67 980 1
67 529 1
67 612 1
67 600 1
67 544 1
67 929 1
67 306 1
67 609 1
67 729 1
67 71 1
67 723 1
67 654 1
67 308 1
68 966 1
68 419 1
68 818 1
68 692 1
68 820 1
68 802 1
68 575 1
68 700 1
68 143 1
68 373 1
68 579 1
68 932 1
68 574 1
68 163 1
68 336 1
68 479 1
68 175 1
68 490 1
69 497 1
69 184 1
69 864 1
69 582 1
69 617 1
69 649 1
69 286 1
69 654 1
69 665 1
69 177 1
69 245 1
69 775 1
69 828 1
69 726 1
69 150 1
69 966 1
69 814 1
70 93 1
70 277 1
70 918 1
70 115 1
70 650 1
70 175 1
70 833 1
70 887 1
70 900 1
70 589 1
70 840 1
70 881 1
70 643 1
70 907 1
70 794 1
70 379 1
70 911 1
70 793 1
70 961 1
71 118 1
71 577 1
71 818 1
71 642 1
71 643 1
71 407 1
71 168 1
71 504 1
71 841 1
71 345 1
71 159 1
71 111 1
71 430 1
71 655 1
71 905 1
71 108 1
71 181 1
71 973 1
71 789 1
71 968 1
71 669 1
71 815 1
72 891 1
72 580 1
72 822 1
72 520 1
72 460 1
72 396 1
72 173 1
72 490 1
72 858 1
72 974 1
72 724 1
72 835 1
72 321 1
72 476 1
72 354 1
72 445 1
72 301 1
72 715 1
72 546 1
72 467 1
72 940 1
72 571 1
72 86 1
72 183 1
73 229 1
73 659 1
73 106 1
73 347 1
73 522 1
73 175 1
73 519 1
73 475 1
73 507 1
73 124 1
73 399 1
73 416 1
73 639 1
73 357 1
73 663 1
73 372 1
73 913 1
73 798 1
73 784 1
74 556 1
74 745 1
74 172 1
74 267 1
74 805 1
74 322 1
74 659 1
74 113 1
74 359 1
74 504 1
74 482 1
74 678 1
74 674 1
74 751 1
74 531 1
74 263 1
74 772 1
74 524 1
74 90 1
74 602 1
74 907 1
74 204 1
74 718 1
74 374 1
75 849 1
75 258 1
75 631 1
75 719 1
75 573 1
75 757 1
75 316 1
75 554 1
75 179 1
75 427 1
75 97 1
75 351 1
75 785 1
75 534 1
75 843 1
75 400 1
75 791 1
75 855 1
75 262 1
75 700 1
75 433 1
75 494 1
75 566 1
76 789 1
76 114 1
76 408 1
76 938 1
76 952 1
76 842 1
76 502 1
76 844 1
76 427 1
76 443 1
76 482 1
76 794 1
76 260 1
76 101 1
76 473 1
76 987 1
77 115 1
77 349 1
77 806 1
77 664 1
77 471 1
77 976 1
77 560 1
77 187 1
77 722 1
77 916 1
77 991 1
77 627 1
77 135 1
77 262 1
77 281 1
77 392 1
77 158 1
78 651 1
78 964 1
78 104 1
78 458 1
78 968 1
78 561 1
78 856 1
78 289 1
78 554 1
78 440 1
78 538 1
78 844 1
78 912 1
78 486 1
78 134 1
78 759 1
78 357 1
78 87 1
78 86 1
79 561 1
79 740 1
79 825 1
79 409 1
79 812 1
79 182 1
79 173 1
79 905 1
79 602 1
79 148 1
79 136 1
79 927 1
79 884 1
79 798 1
79 337 1
79 496 1
79 112 1
80 493 1
80 955 1
80 365 1
80 649 1
80 731 1
80 997 1
80 697 1
80 248 1
80 385 1
80 658 1
80 704 1
80 209 1
80 693 1
80 456 1
80 262 1
80 809 1
80 806 1
80 131 1
80 340 1
80 377 1
80 188 1
80 982 1
80 956 1
80 891 1
81 348 1
81 598 1
81 593 1
81 850 1
81 932 1
81 748 1
81 640 1
81 344 1
81 299 1
81 879 1
81 456 1
81 753 1
81 502 1
81 415 1
81 509 1
81 689 1
81 933 1
81 894 1
81 383 1
82 879 1
82 163 1
82 500 1
82 611 1
82 536 1
82 287 1
82 150 1
82 704 1
82 443 1
82 147 1
82 674 1
82 104 1
82 731 1
82 680 1
82 547 1
82 116 1
83 755 1
83 718 1
83 151 1
83 120 1
83 634 1
83 918 1
83 447 1
83 409 1
83 654 1
83 393 1
83 756 1
83 867 1
83 195 1
83 712 1
84 182 1
84 861 1
84 926 1
84 111 1
84 249 1
84 372 1
84 591 1
84 678 1
84 124 1
84 366 1
84 563 1
84 343 1
84 109 1
84 385 1
84 255 1
84 453 1
84 229 1
85 484 1
85 998 1
85 448 1
85 778 1
85 935 1
85 335 1
85 986 1
85 362 1
85 210 1
85 879 1
85 580 1
85 306 1
85 676 1
85 115 1
85 912 1
85 948 1
85 643 1
85 958 1
85 773 1
85 832 1
85 788 1
86 757 1
86 933 1
86 974 1
86 816 1
86 140 1
86 830 1
86 462 1
86 320 1
86 221 1
86 799 1
86 613 1
86 935 1
86 505 1
86 443 1
87 202 1
87 674 1
87 892 1
87 742 1
87 436 1
87 195 1
87 699 1
87 978 1
87 479 1
87 295 1
87 494 1
87 855 1
87 428 1
87 96 1
88 984 1
88 779 1
88 886 1
88 811 1
88 484 1
88 311 1
88 715 1
88 337 1
88 678 1
88 527 1
88 721 1
88 329 1
88 477 1
88 996 1
88 424 1
88 413 1
89 987 1
89 828 1
89 465 1
89 161 1
89 507 1
89 547 1
89 703 1
89 613 1
89 597 1
89 519 1
89 616 1
90 810 1
90 836 1
90 759 1
90 670 1
90 180 1
90 138 1
90 826 1
90 562 1
90 915 1
90 489 1
90 595 1
90 740 1
90 998 1
90 646 1
90 298 1
90 546 1
90 642 1
90 838 1
90 938 1
90 460 1
90 661 1
90 940 1
90 463 1
90 149 1
91 483 1
91 360 1
91 393 1
91 250 1
91 984 1
91 500 1
91 207 1
91 377 1
91 171 1
91 273 1
91 367 1
91 730 1
91 94 1
91 146 1
92 144 1
92 270 1
92 926 1
92 140 1
92 718 1
92 342 1
92 335 1
92 559 1
92 712 1
92 185 1
92 520 1
92 982 1
92 642 1
92 109 1
92 834 1
92 910 1
92 587 1
92 116 1
92 937 1
92 259 1
92 904 1
92 120 1
93 124 1
93 517 1
93 526 1
93 167 1
93 558 1
93 505 1
93 982 1
93 177 1
93 328 1
93 623 1
93 473 1
93 635 1
93 896 1
93 855 1
93 830 1
93 493 1
93 209 1
93 405 1
93 651 1
93 502 1
94 777 1
94 514 1
94 727 1
94 132 1
94 924 1
94 972 1
94 234 1
94 838 1
94 314 1
94 145 1
94 531 1
94 668 1
94 749 1
94 499 1
94 784 1
94 467 1
94 721 1
94 296 1
95 196 1
95 207 1
95 371 1
95 323 1
95 593 1
95 907 1
95 564 1
95 596 1
95 342 1
95 238 1
95 842 1
95 219 1
95 877 1
95 567 1
95 166 1
95 189 1
96 425 1
96 669 1
96 247 1
96 834 1
96 607 1
96 692 1
96 680 1
96 896 1
96 853 1
96 724 1
96 281 1
96 966 1
96 949 1
96 967 1
96 881 1
96 778 1
97 600 1
97 216 1
97 512 1
97 804 1
97 947 1
97 223 1
97 936 1
97 703 1
97 129 1
97 150 1
97 360 1
97 681 1
97 626 1
97 768 1
97 431 1
97 188 1
97 247 1
97 765 1
97 207 1
97 640 1
97 914 1
97 310 1
97 285 1
98 403 1
98 852 1
98 213 1
98 945 1
98 324 1
98 271 1
98 869 1
98 361 1
98 147 1
98 887 1
98 381 1
98 221 1
98 575 1
99 236 1
99 420 1
99 907 1
99 190 1
99 172 1
99 970 1
99 279 1
99 969 1
99 595 1
99 427 1
99 771 1
99 642 1
99 417 1
99 826 1
99 718 1
99 712 1
99 943 1
99 885 1
99 444 1
100 844 1
100 692 1
100 211 1
100 164 1
100 931 1
100 443 1
100 730 1
100 707 1
100 542 1
100 274 1
100 985 1
100 398 1
100 604 1
100 743 1
100 376 1
100 615 1
101 608 1
101 333 1
101 898 1
101 876 1
101 609 1
101 264 1
101 636 1
101 855 1
101 604 1
101 704 1
101 221 1
101 996 1
101 633 1
102 394 1
102 842 1
102 853 1
102 1000 1
102 501 1
102 711 1
102 684 1
102 989 1
102 828 1
102 447 1
102 166 1
102 231 1
102 917 1
102 547 1
102 855 1
102 607 1
102 796 1
102 813 1
102 456 1
102 563 1
102 551 1
102 865 1
102 762 1
102 586 1
102 871 1
102 585 1
102 353 1
102 992 1
102 657 1
102 289 1
102 481 1
103 221 1
103 573 1
103 568 1
103 989 1
103 271 1
103 529 1
103 548 1
103 639 1
103 797 1
103 519 1
103 285 1
103 814 1
103 706 1
103 716 1
103 438 1
103 146 1
103 138 1
103 377 1
103 186 1
104 913 1
104 393 1
104 548 1
104 909 1
104 517 1
104 586 1
104 512 1
104 840 1
104 977 1
104 809 1
104 444 1
104 175 1
105 681 1
105 989 1
105 368 1
105 493 1
105 781 1
105 865 1
105 413 1
105 678 1
105 344 1
105 729 1
105 916 1
105 319 1
105 211 1
105 993 1
105 779 1
105 387 1
105 850 1
105 146 1
106 806 1
106 893 1
106 606 1
106 927 1
106 162 1
106 935 1
106 558 1
106 579 1
106 241 1
106 835 1
106 457 1
106 909 1
106 149 1
106 610 1
106 730 1
107 128 1
107 911 1
107 980 1
107 349 1
107 696 1
107 552 1
107 776 1
107 757 1
107 118 1
107 745 1
107 678 1
107 551 1
107 459 1
107 147 1
107 713 1
107 183 1
107 450 1
107 171 1
107 890 1
108 240 1
108 158 1
108 572 1
108 153 1
108 688 1
108 466 1
108 869 1
108 569 1
108 790 1
108 422 1
108 200 1
108 599 1
108 907 1
108 288 1
108 459 1
108 360 1
108 674 1
109 985 1
109 635 1
109 961 1
109 838 1
109 421 1
109 690 1
109 561 1
109 313 1
109 977 1
109 113 1
109 650 1
109 191 1
109 936 1
109 775 1
109 514 1
109 700 1
109 921 1
109 255 1
109 851 1
110 716 1
110 599 1
110 535 1
110 703 1
110 714 1
110 954 1
110 769 1
110 840 1
110 478 1
110 549 1
110 555 1
110 438 1
110 921 1
110 376 1
110 499 1
110 882 1
111 805 1
111 596 1
111 457 1
111 595 1
111 918 1
111 691 1
111 131 1
111 585 1
111 396 1
111 401 1
111 813 1
111 430 1
111 463 1
111 843 1
111 509 1
112 933 1
112 394 1
112 883 1
112 858 1
112 463 1
112 956 1
112 586 1
112 995 1
112 584 1
112 821 1
112 655 1
112 296 1
112 994 1
112 245 1
112 736 1
112 273 1
113 430 1
113 641 1
113 699 1
113 897 1
113 203 1
113 584 1
113 275 1
113 398 1
113 255 1
113 279 1
113 747 1
113 733 1
113 511 1
113 299 1
114 188 1
114 649 1
114 836 1
114 345 1
114 689 1
114 628 1
114 716 1
114 553 1
114 477 1
114 375 1
114 941 1
114 677 1
114 778 1
114 440 1
114 279 1
114 425 1
114 166 1
115 847 1
115 181 1
115 616 1
115 312 1
115 709 1
115 601 1
115 970 1
115 526 1
115 885 1
115 426 1
115 422 1
115 377 1
115 987 1
115 804 1
115 742 1
115 896 1
115 958 1
115 758 1
115 122 1
115 882 1
115 480 1
115 239 1
115 923 1
115 481 1
115 240 1
115 280 1
115 396 1
115 520 1
116 457 1
116 532 1
116 842 1
116 424 1
116 689 1
116 306 1
116 160 1
116 531 1
116 776 1
116 964 1
116 961 1
116 709 1
116 723 1
116 551 1
116 827 1
116 556 1
116 271 1
116 832 1
116 860 1
117 940 1
117 986 1
117 902 1
117 903 1
117 757 1
117 377 1
117 432 1
117 498 1
117 805 1
117 781 1
117 136 1
117 560 1
117 780 1
117 835 1
117 454 1
117 343 1
117 971 1
117 503 1
118 282 1
118 535 1
118 311 1
118 401 1
118 206 1
118 119 1
118 606 1
118 756 1
118 187 1
118 780 1
118 967 1
118 357 1
118 578 1
118 918 1
118 885 1
118 147 1
118 797 1
118 790 1
119 126 1
119 527 1
119 530 1
119 856 1
119 397 1
119 950 1
119 916 1
119 286 1
119 642 1
119 918 1
119 488 1
119 958 1
119 597 1
119 151 1
119 443 1
119 988 1
119 978 1
120 864 1
120 419 1
120 299 1
120 595 1
120 172 1
120 565 1
120 959 1
120 546 1
120 636 1
120 479 1
120 635 1
120 144 1
120 416 1
120 937 1
120 847 1
120 141 1
120 395 1
120 856 1
121 714 1
121 123 1
121 336 1
121 538 1
121 298 1
121 498 1
121 164 1
121 228 1
121 406 1
121 860 1
121 338 1
121 569 1
121 474 1
121 826 1
121 903 1
121 911 1
122 602 1
122 247 1
122 804 1
122 727 1
122 973 1
122 983 1
122 496 1
122 786 1
122 356 1
122 833 1
122 576 1
122 433 1
122 255 1
122 619 1
122 529 1
123 471 1
123 866 1
123 932 1
123 344 1
123 568 1
123 452 1
123 495 1
123 475 1
123 367 1
123 976 1
123 306 1
123 801 1
123 630 1
123 745 1
123 404 1
124 714 1
124 700 1
124 327 1
124 191 1
124 913 1
124 432 1
124 955 1
124 861 1
124 439 1
124 562 1
124 438 1
124 575 1
124 907 1
124 945 1
124 228 1
124 342 1
124 594 1
124 514 1
124 768 1
124 661 1
124 490 1
125 289 1
125 827 1
125 651 1
125 519 1
125 368 1
125 601 1
125 662 1
125 760 1
125 921 1
125 937 1
125 192 1
125 310 1
125 832 1
125 448 1
125 585 1
125 872 1
126 421 1
126 148 1
126 279 1
126 828 1
126 589 1
126 351 1
126 909 1
126 318 1
126 300 1
126 232 1
126 392 1
126 202 1
126 711 1
126 953 1
126 571 1
126 478 1
126 584 1
126 983 1
127 774 1
127 529 1
127 401 1
127 189 1
127 226 1
127 446 1
127 850 1
127 341 1
127 403 1
127 643 1
127 368 1
127 257 1
127 654 1
127 314 1
127 882 1
127 972 1
128 628 1
128 639 1
128 540 1
128 884 1
128 802 1
128 171 1
128 899 1
128 562 1
128 754 1
128 575 1
128 140 1
128 733 1
128 512 1
128 327 1
128 824 1
128 651 1
128 616 1
128 856 1
128 230 1
128 981 1
128 605 1
129 163 1
129 144 1
129 681 1
129 437 1
129 863 1
129 912 1
129 388 1
129 924 1
129 521 1
129 779 1
130 293 1
130 901 1
130 649 1
130 460 1
130 482 1
130 720 1
130 669 1
130 247 1
130 535 1
130 664 1
130 510 1
130 475 1
130 955 1
130 616 1
130 274 1
130 682 1
130 135 1
130 241 1
130 530 1
130 334 1
130 737 1
130 209 1
131 938 1
131 553 1
131 246 1
131 472 1
131 520 1
131 380 1
131 162 1
131 893 1
131 236 1
131 982 1
131 257 1
131 728 1
131 681 1
131 822 1
131 381 1
131 554 1
132 361 1
132 207 1
132 846 1
132 427 1
132 175 1
132 304 1
132 215 1
132 172 1
132 904 1
132 305 1
132 345 1
132 576 1
132 247 1
132 758 1
132 566 1
132 216 1
133 899 1
133 191 1
133 955 1
133 878 1
133 933 1
133 820 1
133 707 1
133 966 1
133 604 1
133 593 1
133 142 1
133 251 1
133 287 1
133 587 1
133 172 1
133 937 1
133 958 1
133 584 1
133 737 1
134 742 1
134 803 1
134 898 1
134 607 1
134 601 1
134 457 1
134 190 1
134 575 1
134 215 1
134 647 1
134 616 1
134 827 1
134 545 1
134 295 1
134 642 1
134 290 1
134 571 1
134 894 1
134 510 1
134 795 1
134 307 1
134 455 1
134 499 1
135 717 1
135 699 1
135 412 1
135 996 1
135 846 1
135 200 1
135 801 1
135 967 1
135 852 1
135 848 1
135 662 1
135 788 1
135 566 1
135 668 1
135 694 1
135 811 1
135 850 1
135 656 1
135 814 1
136 187 1
136 457 1
136 627 1
136 267 1
136 262 1
136 680 1
136 626 1
136 261 1
136 274 1
136 208 1
136 789 1
136 918 1
136 142 1
136 752 1
136 905 1
136 553 1
137 345 1
137 850 1
137 154 1
137 512 1
137 466 1
137 354 1
137 801 1
137 955 1
137 585 1
137 835 1
137 802 1
137 527 1
137 583 1
137 304 1
137 854 1
137 498 1
138 893 1
138 807 1
138 428 1
138 528 1
138 424 1
138 351 1
138 749 1
138 906 1
138 701 1
138 967 1
138 776 1
138 621 1
138 698 1
138 683 1
138 795 1
139 540 1
139 760 1
139 269 1
139 711 1
139 631 1
139 747 1
139 570 1
139 806 1
139 216 1
139 488 1
139 351 1
139 264 1
139 842 1
139 272 1
139 700 1
139 497 1
139 992 1
139 630 1
140 174 1
140 629 1
140 821 1
140 608 1
140 260 1
140 699 1
140 322 1
140 307 1
140 813 1
140 972 1
140 482 1
140 727 1
140 652 1
140 942 1
140 696 1
141 587 1
141 305 1
141 426 1
141 705 1
141 278 1
141 968 1
141 545 1
141 583 1
141 787 1
141 775 1
141 439 1
141 818 1
141 404 1
141 639 1
141 535 1
141 950 1
141 610 1
141 598 1
141 607 1
141 494 1
142 529 1
142 435 1
142 576 1
142 584 1
142 860 1
142 304 1
142 829 1
142 493 1
142 995 1
142 766 1
142 721 1
142 845 1
142 438 1
142 1000 1
142 152 1
142 578 1
142 436 1
142 817 1
142 869 1
142 153 1
142 783 1
142 212 1
142 475 1
142 753 1
143 349 1
143 980 1
143 227 1
143 836 1
143 323 1
143 583 1
143 675 1
143 428 1
143 156 1
143 217 1
143 797 1
143 195 1
143 930 1
143 699 1
143 538 1
143 828 1
143 807 1
143 504 1
143 724 1
143 814 1
143 306 1
144 511 1
144 982 1
144 623 1
144 400 1
144 793 1
144 242 1
144 668 1
144 385 1
144 624 1
144 927 1
144 467 1
144 951 1
144 505 1
144 992 1
144 417 1
144 228 1
144 529 1
144 710 1
145 283 1
145 276 1
145 409 1
145 596 1
145 233 1
145 720 1
145 419 1
145 228 1
145 161 1
145 682 1
145 504 1
145 982 1
145 304 1
145 964 1
145 689 1
145 214 1
145 163 1
145 627 1
145 737 1
146 735 1
146 802 1
146 303 1
146 876 1
146 224 1
146 734 1
146 399 1
146 843 1
146 558 1
146 899 1
146 482 1
146 907 1
146 645 1
146 484 1
147 939 1
147 482 1
147 881 1
147 251 1
147 988 1
147 435 1
147 629 1
147 694 1
147 490 1
147 469 1
147 918 1
147 257 1
147 752 1
147 191 1
147 187 1
147 152 1
147 598 1
147 491 1
147 214 1
147 241 1
147 252 1
147 261 1
148 471 1
148 458 1
148 230 1
148 239 1
148 849 1
148 535 1
148 407 1
148 482 1
148 520 1
148 523 1
148 350 1
148 901 1
148 767 1
148 785 1
148 868 1
148 680 1
149 438 1
149 895 1
149 156 1
149 189 1
149 742 1
149 964 1
149 446 1
149 734 1
149 205 1
149 333 1
149 381 1
149 611 1
149 186 1
149 607 1
149 732 1
149 837 1
149 472 1
149 851 1
149 959 1
150 168 1
150 461 1
150 540 1
150 334 1
150 372 1
150 235 1
150 160 1
150 849 1
150 797 1
150 207 1
150 596 1
150 911 1
150 972 1
150 592 1
150 878 1
150 418 1
150 783 1
150 484 1
150 224 1
150 871 1
150 358 1
150 707 1
150 949 1
151 428 1
151 835 1
151 276 1
151 476 1
151 318 1
151 911 1
151 619 1
151 716 1
151 784 1
151 985 1
151 592 1
151 932 1
151 955 1
151 249 1
151 980 1
151 866 1
151 918 1
151 605 1
151 836 1
151 618 1
151 497 1
151 811 1
151 849 1
151 755 1
151 556 1
152 302 1
152 643 1
152 809 1
152 304 1
152 649 1
152 776 1
152 708 1
152 461 1
152 676 1
152 501 1
152 514 1
152 862 1
152 827 1
152 999 1
152 189 1
152 472 1
152 608 1
152 684 1
152 360 1
152 210 1
153 625 1
153 260 1
153 169 1
153 735 1
153 614 1
153 706 1
153 311 1
153 348 1
153 975 1
153 191 1
153 466 1
154 725 1
154 277 1
154 339 1
154 399 1
154 821 1
154 923 1
154 509 1
154 916 1
154 536 1
154 660 1
154 777 1
154 599 1
154 331 1
154 869 1
154 499 1
154 948 1
154 412 1
154 480 1
155 469 1
155 504 1
155 542 1
155 698 1
155 703 1
155 931 1
155 159 1
155 620 1
155 993 1
155 476 1
156 651 1
156 225 1
156 512 1
156 537 1
156 901 1
156 349 1
156 422 1
156 343 1
156 819 1
156 533 1
156 498 1
156 481 1
156 331 1
156 759 1
156 270 1
156 271 1
156 196 1
156 556 1
156 710 1
156 197 1
157 862 1
157 726 1
157 664 1
157 333 1
157 777 1
157 407 1
157 731 1
157 812 1
157 395 1
157 392 1
157 831 1
157 732 1
157 836 1
157 995 1
157 505 1
157 497 1
157 851 1
158 734 1
158 835 1
158 388 1
158 360 1
158 760 1
158 414 1
158 650 1
158 513 1
158 323 1
158 372 1
158 666 1
158 544 1
158 358 1
158 451 1
158 941 1
158 959 1
158 967 1
158 720 1
158 240 1
158 235 1
159 606 1
159 374 1
159 716 1
159 461 1
159 742 1
159 623 1
159 283 1
159 963 1
159 642 1
159 792 1
159 833 1
159 278 1
159 480 1
159 320 1
159 263 1
160 785 1
160 358 1
160 975 1
160 996 1
160 201 1
160 898 1
160 272 1
160 801 1
160 524 1
160 309 1
160 340 1
160 230 1
160 994 1
161 726 1
161 182 1
161 411 1
161 670 1
161 850 1
161 606 1
161 306 1
161 590 1
161 205 1
161 646 1
161 636 1
161 915 1
161 558 1
161 839 1
161 518 1
161 787 1
161 344 1
161 638 1
161 615 1
161 236 1
161 285 1
161 881 1
162 887 1
162 271 1
162 522 1
162 487 1
162 535 1
162 658 1
162 246 1
162 457 1
162 931 1
162 997 1
162 854 1
162 819 1
162 400 1
162 759 1
162 959 1
162 656 1
162 747 1
162 379 1
162 780 1
163 654 1
163 627 1
163 658 1
163 317 1
163 655 1
163 840 1
163 306 1
163 882 1
163 657 1
163 738 1
163 633 1
163 594 1
163 765 1
163 944 1
164 299 1
164 279 1
164 684 1
164 645 1
164 257 1
164 408 1
164 811 1
164 680 1
164 492 1
164 371 1
164 659 1
164 582 1
165 893 1
165 614 1
165 608 1
165 618 1
165 619 1
165 684 1
165 994 1
165 649 1
165 436 1
165 782 1
165 455 1
165 567 1
165 671 1
166 374 1
166 465 1
166 651 1
166 585 1
166 892 1
166 403 1
166 194 1
166 433 1
166 217 1
166 456 1
166 402 1
166 251 1
166 266 1
166 748 1
166 274 1
166 382 1
166 176 1
166 577 1
167 384 1
167 924 1
167 319 1
167 798 1
167 980 1
167 938 1
167 729 1
167 667 1
167 621 1
167 530 1
167 812 1
168 221 1
168 187 1
168 977 1
168 543 1
168 605 1
168 556 1
168 232 1
168 467 1
168 646 1
168 373 1
168 443 1
168 910 1
168 672 1
168 665 1
168 587 1
168 922 1
168 310 1
168 311 1
169 814 1
169 352 1
169 522 1
169 807 1
169 317 1
169 646 1
169 899 1
169 674 1
169 959 1
169 428 1
169 247 1
169 414 1
169 562 1
169 357 1
169 979 1
169 837 1
169 185 1
169 958 1
169 598 1
170 364 1
170 308 1
170 484 1
170 482 1
170 476 1
170 236 1
170 826 1
170 330 1
170 636 1
170 507 1
170 197 1
170 278 1
170 775 1
170 697 1
170 537 1
170 904 1
170 980 1
170 421 1
170 414 1
170 375 1
170 872 1
170 672 1
170 187 1
170 637 1
170 983 1
170 830 1
171 762 1
171 562 1
171 178 1
171 441 1
171 720 1
171 219 1
171 512 1
171 952 1
171 525 1
171 477 1
171 210 1
172 223 1
172 714 1
172 658 1
172 701 1
172 638 1
172 593 1
172 628 1
172 668 1
172 279 1
172 500 1
172 990 1
172 472 1
172 539 1
172 813 1
172 606 1
172 751 1
172 796 1
172 184 1
172 312 1
173 280 1
173 519 1
173 748 1
173 840 1
173 972 1
173 215 1
173 523 1
173 884 1
173 708 1
174 423 1
174 987 1
174 929 1
174 933 1
174 301 1
174 565 1
174 387 1
174 973 1
174 537 1
174 396 1
174 263 1
174 357 1
174 426 1
174 854 1
174 597 1
174 607 1
174 179 1
174 895 1
174 824 1
174 560 1
174 363 1
174 806 1
175 310 1
175 784 1
175 906 1
175 307 1
175 285 1
175 934 1
175 433 1
175 202 1
175 944 1
175 734 1
175 176 1
175 393 1
175 538 1
175 676 1
175 857 1
176 673 1
176 850 1
176 378 1
176 843 1
176 645 1
176 821 1
176 907 1
176 805 1
176 975 1
176 890 1
176 887 1
176 910 1
176 742 1
177 714 1
177 566 1
177 965 1
177 908 1
177 722 1
177 680 1
177 949 1
177 996 1
177 443 1
177 897 1
177 452 1
177 501 1
177 938 1
177 818 1
177 391 1
177 252 1
177 999 1
178 561 1
178 871 1
178 998 1
178 615 1
178 509 1
178 356 1
178 813 1
178 333 1
178 307 1
178 845 1
178 770 1
178 363 1
178 542 1
178 687 1
178 529 1
178 765 1
178 315 1
179 225 1
179 963 1
179 909 1
179 346 1
179 444 1
179 857 1
179 218 1
179 827 1
179 610 1
179 749 1
179 341 1
180 425 1
180 822 1
180 862 1
180 246 1
180 368 1
180 584 1
180 273 1
180 647 1
180 542 1
180 609 1
180 977 1
180 965 1
180 271 1
181 930 1
181 212 1
181 190 1
181 854 1
181 355 1
181 778 1
181 665 1
181 332 1
181 251 1
181 364 1
181 656 1
182 966 1
182 364 1
182 404 1
182 626 1
182 367 1
182 507 1
182 550 1
182 892 1
182 317 1
182 873 1
182 778 1
182 444 1
183 273 1
183 243 1
183 513 1
183 198 1
183 875 1
183 811 1
183 614 1
183 275 1
183 545 1
183 953 1
183 238 1
183 618 1
183 653 1
183 816 1
183 404 1
183 982 1
184 568 1
184 468 1
184 995 1
184 425 1
184 567 1
184 388 1
184 878 1
184 881 1
184 548 1
184 603 1
184 540 1
184 458 1
184 710 1
184 794 1
184 199 1
184 365 1
184 280 1
184 945 1
185 207 1
185 497 1
185 369 1
185 823 1
185 802 1
185 450 1
185 437 1
185 213 1
185 799 1
185 442 1
185 921 1
185 840 1
185 186 1
185 236 1
185 485 1
185 544 1
186 638 1
186 886 1
186 466 1
186 480 1
186 933 1
186 515 1
186 553 1
186 992 1
186 219 1
186 274 1
186 761 1
186 650 1
186 555 1
186 731 1
186 812 1
186 960 1
186 393 1
186 897 1
186 736 1
186 475 1
186 876 1
186 427 1
186 318 1
187 376 1
187 519 1
187 549 1
187 934 1
187 932 1
187 999 1
187 412 1
187 795 1
187 359 1
187 628 1
187 914 1
187 514 1
187 946 1
187 324 1
187 579 1
187 730 1
187 731 1
187 676 1
187 572 1
188 745 1
188 535 1
188 618 1
188 923 1
188 703 1
188 945 1
188 616 1
188 628 1
188 953 1
188 409 1
188 309 1
188 272 1
188 324 1
189 733 1
189 395 1
189 491 1
189 876 1
189 449 1
189 942 1
189 779 1
189 849 1
189 426 1
189 348 1
189 336 1
189 663 1
189 771 1
189 762 1
189 423 1
190 455 1
190 762 1
190 470 1
190 596 1
190 365 1
190 494 1
190 384 1
190 794 1
190 598 1
190 697 1
190 564 1
190 856 1
190 704 1
190 874 1
190 605 1
190 325 1
190 620 1
190 700 1
190 242 1
190 932 1
190 727 1
190 731 1
190 964 1
191 200 1
191 850 1
191 453 1
191 420 1
191 773 1
191 619 1
191 395 1
191 214 1
191 794 1
191 672 1
191 632 1
191 422 1
191 940 1
191 544 1
192 651 1
192 795 1
192 738 1
192 771 1
192 953 1
192 198 1
192 779 1
192 918 1
192 803 1
192 253 1
192 286 1
192 624 1
192 760 1
192 247 1
192 780 1
192 940 1
192 891 1
192 644 1
193 829 1
193 272 1
193 401 1
193 351 1
193 306 1
193 328 1
193 831 1
193 954 1
193 731 1
193 329 1
193 347 1
193 923 1
193 696 1
193 718 1
193 611 1
194 502 1
194 514 1
194 526 1
194 198 1
194 648 1
194 365 1
194 922 1
194 491 1
194 649 1
194 291 1
194 804 1
194 709 1
194 249 1
194 294 1
194 314 1
194 616 1
194 425 1
194 904 1
194 745 1
194 592 1
194 606 1
194 637 1
194 374 1
194 863 1
194 856 1
195 683 1
195 408 1
195 999 1
195 211 1
195 870 1
195 969 1
195 955 1
195 533 1
195 462 1
195 916 1
195 988 1
195 875 1
195 706 1
195 802 1
195 450 1
195 512 1
196 977 1
196 441 1
196 506 1
196 663 1
196 791 1
196 692 1
196 471 1
196 687 1
196 494 1
196 803 1
196 965 1
196 208 1
196 931 1
196 877 1
197 902 1
197 968 1
197 963 1
197 983 1
197 585 1
197 791 1
197 698 1
197 349 1
197 780 1
197 758 1
197 526 1
197 742 1
197 796 1
198 835 1
198 529 1
198 909 1
198 937 1
198 917 1
198 590 1
198 241 1
198 719 1
198 533 1
198 324 1
198 776 1
198 821 1
198 526 1
198 318 1
198 993 1
199 779 1
199 229 1
199 913 1
199 401 1
199 693 1
199 462 1
199 226 1
199 559 1
199 730 1
199 995 1
199 257 1
199 351 1
199 933 1
199 545 1
199 247 1
199 823 1
199 513 1
199 682 1
199 752 1
199 830 1
200 710 1
200 252 1
200 464 1
200 563 1
200 509 1
200 544 1
200 517 1
200 924 1
200 619 1
200 832 1
200 269 1
200 372 1
200 813 1
200 705 1
200 393 1
201 747 1
201 359 1
201 271 1
201 676 1
201 977 1
201 735 1
201 493 1
201 970 1
201 896 1
201 945 1
201 912 1
201 301 1
201 827 1
201 729 1
201 788 1
201 549 1
201 470 1
201 756 1
201 935 1
202 364 1
202 773 1
202 899 1
202 734 1
202 654 1
202 325 1
202 249 1
202 948 1
202 457 1
202 802 1
202 601 1
202 267 1
202 841 1
202 939 1
202 563 1
202 902 1
202 771 1
202 943 1
202 486 1
202 355 1
202 751 1
203 972 1
203 463 1
203 658 1
203 619 1
203 564 1
203 929 1
203 832 1
203 909 1
203 721 1
203 676 1
203 305 1
204 935 1
204 290 1
204 876 1
204 241 1
204 359 1
204 567 1
204 413 1
204 284 1
204 562 1
205 961 1
205 558 1
205 601 1
205 297 1
205 794 1
205 497 1
205 587 1
205 234 1
205 896 1
205 236 1
205 240 1
206 450 1
206 614 1
206 1000 1
206 706 1
206 678 1
206 671 1
206 585 1
206 471 1
206 751 1
206 609 1
206 345 1
207 810 1
207 552 1
207 757 1
207 785 1
207 564 1
207 876 1
207 923 1
208 585 1
208 259 1
208 354 1
208 669 1
208 902 1
208 231 1
208 309 1
208 459 1
208 674 1
208 238 1
208 832 1
208 402 1
208 555 1
208 357 1
208 496 1
209 871 1
209 902 1
209 357 1
209 833 1
209 280 1
209 938 1
209 741 1
209 862 1
209 320 1
209 360 1
209 715 1
209 705 1
209 381 1
209 301 1
209 314 1
209 526 1
209 354 1
209 919 1
210 348 1
210 228 1
210 761 1
210 333 1
210 816 1
210 561 1
210 631 1
210 925 1
210 904 1
210 966 1
210 518 1
210 371 1
210 633 1
210 554 1
210 420 1
210 920 1
210 846 1
210 705 1
211 767 1
211 873 1
211 951 1
211 448 1
211 721 1
211 629 1
211 982 1
211 602 1
211 466 1
211 776 1
211 772 1
211 282 1
211 830 1
212 632 1
212 740 1
212 401 1
212 404 1
212 799 1
212 708 1
212 342 1
212 594 1
212 957 1
212 974 1
212 555 1
212 420 1
213 725 1
213 557 1
213 853 1
213 920 1
213 408 1
213 762 1
213 606 1
213 433 1
213 383 1
213 581 1
213 994 1
213 508 1
213 534 1
213 804 1
214 942 1
214 737 1
214 835 1
214 518 1
214 390 1
214 297 1
214 739 1
214 379 1
214 555 1
214 345 1
214 219 1
214 689 1
214 449 1
214 236 1
215 842 1
215 745 1
215 455 1
215 227 1
215 854 1
215 437 1
215 996 1
215 926 1
215 388 1
215 443 1
215 501 1
215 971 1
216 411 1
216 560 1
216 993 1
216 221 1
216 717 1
216 622 1
216 865 1
216 907 1
216 866 1
216 470 1
216 607 1
216 233 1
216 308 1
216 407 1
217 754 1
217 989 1
217 405 1
217 668 1
217 943 1
217 722 1
217 742 1
217 472 1
217 795 1
217 910 1
217 383 1
217 773 1
217 555 1
217 320 1
217 829 1
217 727 1
217 568 1
217 734 1
217 874 1
217 857 1
217 506 1
218 953 1
218 565 1
218 730 1
218 786 1
218 520 1
218 422 1
218 501 1
218 457 1
218 638 1
218 358 1
218 997 1
218 888 1
218 883 1
218 662 1
218 375 1
219 873 1
219 952 1
219 951 1
219 958 1
219 266 1
219 314 1
219 264 1
219 585 1
219 270 1
219 642 1
219 377 1
220 747 1
220 506 1
220 834 1
220 335 1
220 337 1
220 595 1
220 711 1
220 425 1
220 501 1
220 543 1
220 232 1
220 873 1
220 276 1
220 566 1
220 607 1
221 676 1
221 323 1
221 659 1
221 876 1
221 909 1
221 949 1
221 548 1
221 514 1
221 226 1
221 918 1
221 814 1
221 357 1
221 894 1
221 326 1
221 399 1
221 551 1
221 633 1
221 970 1
221 541 1
221 994 1
221 839 1
222 530 1
222 438 1
222 603 1
222 897 1
222 558 1
222 587 1
222 602 1
222 777 1
222 933 1
222 357 1
222 390 1
222 236 1
223 396 1
223 808 1
223 963 1
223 341 1
223 916 1
223 756 1
223 390 1
223 962 1
223 995 1
223 686 1
223 601 1
223 692 1
223 405 1
223 976 1
223 618 1
223 625 1
223 434 1
224 752 1
224 395 1
224 641 1
224 929 1
224 620 1
224 833 1
224 604 1
224 507 1
224 281 1
224 311 1
224 926 1
224 719 1
224 963 1
224 731 1
224 820 1
225 624 1
225 819 1
225 253 1
225 689 1
225 374 1
225 372 1
225 946 1
225 415 1
225 329 1
225 569 1
225 968 1
225 868 1
225 950 1
225 628 1
225 800 1
225 662 1
225 679 1
225 978 1
225 501 1
226 271 1
226 369 1
226 744 1
226 903 1
226 463 1
226 367 1
226 710 1
226 431 1
226 729 1
226 242 1
226 829 1
226 254 1
226 288 1
226 401 1
226 305 1
226 850 1
226 860 1
227 480 1
227 397 1
227 907 1
227 414 1
227 828 1
227 899 1
227 525 1
227 454 1
227 728 1
227 989 1
227 798 1
227 851 1
227 418 1
228 285 1
228 625 1
228 600 1
228 579 1
228 814 1
228 342 1
228 238 1
228 962 1
228 475 1
228 417 1
229 922 1
229 918 1
229 569 1
229 983 1
229 410 1
229 834 1
229 298 1
229 580 1
229 778 1
229 739 1
229 396 1
229 720 1
230 547 1
230 772 1
230 418 1
230 313 1
230 873 1
230 346 1
230 440 1
230 414 1
230 657 1
230 237 1
230 615 1
230 935 1
230 445 1
230 903 1
230 639 1
230 532 1
230 625 1
230 492 1
230 649 1
230 960 1
231 408 1
231 952 1
231 767 1
231 419 1
231 728 1
231 502 1
231 921 1
231 523 1
231 941 1
231 271 1
231 901 1
231 946 1
231 255 1
231 729 1
231 358 1
231 695 1
232 457 1
232 403 1
232 647 1
232 609 1
232 337 1
232 239 1
232 577 1
232 719 1
232 855 1
232 300 1
232 357 1
232 705 1
232 492 1
232 321 1
232 658 1
232 669 1
232 466 1
232 540 1
232 367 1
232 688 1
232 935 1
232 419 1
233 435 1
233 346 1
233 733 1
233 370 1
233 513 1
233 433 1
233 745 1
233 795 1
233 921 1
233 267 1
233 534 1
233 390 1
233 454 1
234 811 1
234 534 1
234 258 1
234 334 1
234 827 1
234 287 1
234 415 1
234 948 1
234 581 1
234 352 1
234 363 1
234 728 1
234 508 1
234 984 1
234 757 1
234 573 1
235 477 1
235 457 1
235 602 1
235 325 1
235 622 1
235 358 1
235 993 1
235 829 1
235 886 1
235 751 1
235 799 1
235 822 1
235 354 1
235 559 1
235 403 1
235 828 1
236 276 1
236 288 1
236 665 1
236 386 1
236 913 1
236 801 1
236 758 1
236 315 1
236 255 1
236 947 1
236 337 1
236 806 1
236 896 1
236 385 1
236 253 1
236 340 1
236 901 1
237 381 1
237 605 1
237 677 1
237 599 1
237 679 1
237 784 1
237 773 1
237 242 1
237 394 1
237 812 1
237 949 1
237 490 1
237 891 1
237 802 1
237 265 1
237 578 1
237 932 1
237 789 1
237 857 1
237 884 1
237 680 1
238 923 1
238 379 1
238 518 1
238 440 1
238 763 1
238 914 1
238 534 1
238 985 1
238 509 1
238 730 1
238 528 1
239 249 1
239 490 1
239 914 1
239 287 1
239 465 1
239 756 1
239 386 1
239 485 1
239 492 1
239 410 1
239 364 1
239 574 1
239 524 1
240 955 1
240 447 1
240 510 1
240 884 1
240 817 1
240 865 1
240 662 1
240 579 1
240 810 1
240 926 1
240 538 1
240 636 1
240 293 1
240 436 1
240 417 1
240 379 1
240 364 1
240 938 1
240 639 1
240 438 1
241 526 1
241 890 1
241 857 1
241 386 1
241 525 1
241 465 1
241 533 1
241 923 1
241 559 1
242 772 1
242 607 1
242 517 1
242 449 1
242 526 1
242 670 1
242 823 1
242 401 1
242 715 1
242 700 1
242 767 1
242 627 1
242 675 1
243 590 1
243 991 1
243 877 1
243 625 1
243 505 1
243 474 1
243 432 1
243 696 1
243 896 1
243 296 1
243 647 1
243 622 1
244 780 1
244 880 1
244 797 1
244 487 1
244 884 1
244 439 1
244 994 1
244 282 1
244 790 1
244 479 1
244 454 1
244 730 1
244 721 1
244 403 1
244 916 1
244 907 1
244 681 1
244 475 1
244 363 1
245 509 1
245 920 1
245 964 1
245 666 1
245 674 1
245 560 1
245 687 1
245 679 1
245 346 1
245 842 1
245 494 1
245 579 1
245 348 1
246 279 1
246 786 1
246 828 1
246 560 1
246 421 1
246 796 1
246 748 1
246 352 1
246 565 1
246 298 1
246 581 1
246 268 1
246 635 1
246 247 1
246 972 1
247 735 1
247 497 1
247 276 1
247 317 1
247 453 1
247 340 1
247 906 1
247 834 1
247 858 1
247 954 1
247 806 1
247 415 1
247 278 1
247 960 1
247 623 1
247 440 1
247 679 1
248 810 1
248 885 1
248 816 1
248 349 1
248 856 1
248 720 1
248 632 1
248 330 1
248 631 1
248 610 1
248 922 1
248 918 1
248 829 1
248 402 1
248 862 1
248 350 1
248 489 1
249 498 1
249 538 1
249 465 1
249 811 1
249 767 1
249 916 1
249 357 1
249 971 1
249 417 1
249 896 1
249 382 1
249 334 1
249 329 1
249 462 1
249 694 1
250 473 1
250 607 1
250 401 1
250 411 1
250 677 1
250 421 1
250 942 1
250 692 1
250 809 1
250 615 1
250 663 1
250 866 1
250 658 1
250 381 1
250 705 1
250 795 1
250 268 1
250 424 1
250 340 1
250 770 1
251 612 1
251 930 1
251 888 1
251 512 1
251 993 1
251 562 1
251 735 1
251 771 1
251 904 1
251 959 1
251 937 1
251 996 1
251 703 1
251 462 1
251 995 1
251 284 1
251 411 1
251 263 1
251 305 1
252 893 1
252 889 1
252 789 1
252 777 1
252 835 1
252 401 1
252 885 1
252 736 1
252 982 1
252 922 1
252 258 1
252 678 1
252 587 1
252 271 1
252 951 1
252 469 1
252 372 1
252 708 1
252 581 1
252 493 1
252 771 1
253 356 1
253 585 1
253 713 1
253 821 1
253 856 1
253 769 1
253 907 1
253 283 1
253 744 1
253 739 1
253 355 1
253 789 1
253 654 1
253 360 1
253 791 1
253 505 1
253 817 1
254 991 1
254 733 1
254 685 1
254 796 1
254 922 1
254 466 1
254 432 1
254 337 1
254 739 1
254 913 1
254 920 1
254 282 1
254 863 1
254 578 1
255 751 1
255 771 1
255 485 1
255 746 1
255 740 1
255 455 1
255 431 1
255 301 1
255 361 1
255 626 1
255 262 1
255 742 1
255 295 1
255 289 1
256 349 1
256 601 1
256 314 1
256 705 1
256 577 1
256 341 1
256 838 1
256 484 1
256 958 1
256 264 1
256 815 1
256 362 1
256 410 1
256 473 1
256 770 1
256 657 1
257 481 1
257 843 1
257 479 1
257 592 1
257 775 1
257 511 1
257 873 1
257 915 1
257 437 1
258 972 1
258 375 1
258 847 1
258 854 1
258 324 1
258 982 1
258 352 1
258 310 1
258 466 1
258 745 1
258 953 1
259 913 1
259 657 1
259 489 1
259 331 1
259 461 1
259 523 1
259 495 1
259 475 1
259 419 1
259 463 1
259 269 1
259 641 1
259 366 1
259 915 1
259 829 1
259 806 1
259 822 1
259 499 1
259 306 1
260 345 1
260 482 1
260 322 1
260 279 1
260 841 1
260 815 1
260 596 1
260 306 1
260 429 1
260 287 1
260 796 1
260 945 1
260 372 1
260 304 1
260 488 1
260 588 1
261 483 1
261 956 1
261 971 1
261 755 1
261 751 1
261 724 1
261 516 1
261 655 1
261 370 1
261 346 1
261 716 1
261 633 1
262 846 1
262 401 1
262 609 1
262 749 1
262 836 1
262 464 1
262 565 1
262 506 1
262 700 1
262 352 1
262 563 1
262 942 1
263 513 1
263 896 1
263 369 1
263 769 1
263 780 1
263 358 1
263 978 1
263 301 1
263 648 1
263 272 1
263 810 1
263 352 1
263 725 1
263 928 1
263 408 1
263 630 1
264 916 1
264 990 1
264 859 1
264 762 1
264 590 1
264 386 1
264 512 1
264 470 1
264 828 1
264 546 1
264 878 1
264 375 1
264 616 1
264 465 1
265 690 1
265 379 1
265 932 1
265 694 1
265 321 1
265 609 1
265 521 1
265 606 1
265 870 1
265 888 1
265 729 1
265 610 1
265 524 1
265 475 1
265 825 1
265 555 1
265 704 1
265 873 1
265 813 1
266 570 1
266 360 1
266 899 1
266 885 1
266 534 1
266 344 1
266 954 1
266 745 1
266 773 1
266 398 1
266 685 1
266 337 1
266 655 1
266 560 1
266 937 1
266 980 1
266 298 1
267 413 1
267 962 1
267 650 1
267 310 1
267 960 1
267 686 1
267 491 1
267 499 1
267 328 1
267 508 1
267 467 1
267 656 1
267 394 1
267 933 1
267 921 1
267 908 1
267 393 1
267 626 1
268 733 1
268 338 1
268 503 1
268 459 1
268 376 1
268 649 1
268 736 1
268 993 1
268 850 1
268 985 1
268 715 1
268 353 1
268 902 1
268 977 1
269 693 1
269 758 1
269 511 1
269 641 1
269 443 1
269 316 1
269 890 1
269 894 1
269 659 1
269 962 1
269 744 1
269 459 1
269 421 1
270 648 1
270 377 1
270 937 1
270 790 1
270 815 1
270 723 1
270 433 1
270 466 1
270 730 1
270 336 1
270 879 1
270 551 1
270 568 1
270 432 1
270 397 1
270 508 1
270 583 1
270 828 1
271 668 1
271 406 1
271 732 1
271 726 1
271 460 1
271 899 1
271 651 1
271 851 1
271 481 1
271 765 1
271 705 1
271 295 1
271 510 1
271 287 1
271 350 1
272 301 1
272 637 1
272 550 1
272 324 1
272 893 1
272 886 1
272 790 1
272 630 1
272 854 1
272 939 1
272 692 1
272 408 1
272 711 1
272 781 1
272 326 1
273 987 1
273 442 1
273 897 1
273 626 1
273 687 1
273 525 1
273 835 1
273 874 1
273 571 1
273 454 1
273 833 1
273 621 1
273 594 1
273 495 1
274 886 1
274 871 1
274 294 1
274 484 1
274 287 1
274 355 1
274 778 1
274 825 1
274 779 1
275 474 1
275 923 1
275 848 1
275 461 1
275 394 1
275 591 1
275 469 1
275 431 1
275 841 1
275 699 1
275 627 1
275 449 1
275 521 1
275 946 1
275 451 1
275 321 1
275 725 1
275 556 1
276 470 1
276 504 1
276 488 1
276 378 1
276 858 1
276 965 1
276 527 1
276 758 1
276 864 1
276 815 1
276 349 1
276 449 1
276 365 1
276 491 1
276 879 1
276 333 1
276 929 1
276 319 1
276 941 1
277 314 1
277 627 1
277 631 1
277 438 1
277 788 1
277 649 1
277 862 1
277 381 1
277 286 1
277 927 1
277 735 1
277 291 1
278 798 1
278 446 1
278 547 1
278 910 1
278 742 1
278 681 1
278 643 1
278 960 1
278 831 1
278 358 1
278 747 1
278 619 1
278 470 1
278 876 1
278 303 1
278 494 1
278 739 1
278 368 1
279 296 1
279 471 1
279 443 1
279 672 1
279 430 1
279 939 1
279 683 1
279 531 1
279 527 1
279 314 1
279 929 1
279 957 1
279 930 1
279 932 1
279 311 1
280 915 1
280 716 1
280 309 1
280 574 1
280 473 1
280 408 1
280 500 1
280 694 1
280 989 1
280 823 1
280 360 1
280 809 1
280 859 1
280 445 1
280 395 1
280 575 1
280 702 1
280 753 1
280 870 1
280 750 1
280 878 1
280 846 1
280 424 1
281 717 1
281 779 1
281 844 1
281 969 1
281 324 1
281 724 1
281 820 1
281 895 1
281 886 1
281 664 1
281 644 1
281 660 1
281 454 1
281 398 1
281 695 1
281 860 1
281 731 1
281 633 1
281 540 1
281 393 1
281 876 1
282 474 1
282 371 1
282 362 1
282 977 1
282 663 1
282 360 1
282 486 1
282 571 1
282 456 1
282 479 1
282 774 1
282 616 1
282 523 1
283 439 1
283 350 1
283 881 1
283 706 1
283 338 1
283 353 1
283 879 1
283 383 1
283 713 1
283 381 1
283 446 1
283 390 1
283 498 1
283 374 1
284 812 1
284 382 1
284 953 1
284 891 1
284 670 1
284 865 1
284 832 1
284 705 1
284 989 1
284 467 1
284 767 1
284 993 1
284 545 1
284 789 1
284 857 1
284 876 1
284 377 1
285 870 1
285 864 1
285 714 1
285 520 1
285 684 1
285 386 1
285 598 1
285 560 1
285 313 1
285 497 1
285 569 1
285 535 1
285 688 1
285 423 1
285 901 1
285 657 1
285 917 1
285 412 1
285 975 1
285 689 1
286 751 1
286 607 1
286 299 1
286 388 1
286 597 1
286 952 1
286 440 1
286 873 1
286 928 1
286 959 1
286 918 1
286 624 1
286 956 1
286 974 1
286 476 1
286 742 1
287 464 1
287 588 1
287 953 1
287 312 1
287 394 1
287 874 1
287 328 1
287 907 1
287 396 1
287 783 1
288 836 1
288 826 1
288 725 1
288 955 1
288 965 1
288 527 1
288 835 1
288 397 1
288 597 1
288 344 1
288 867 1
288 938 1
288 471 1
289 685 1
289 892 1
289 619 1
289 878 1
289 936 1
289 741 1
289 503 1
289 419 1
289 560 1
289 988 1
289 509 1
289 840 1
290 968 1
290 453 1
290 779 1
290 506 1
290 333 1
290 986 1
290 788 1
290 547 1
290 749 1
290 899 1
290 680 1
290 904 1
290 634 1
290 648 1
290 559 1
291 936 1
291 498 1
291 959 1
291 294 1
291 907 1
291 308 1
291 405 1
291 500 1
291 853 1
291 690 1
291 513 1
291 472 1
291 570 1
291 911 1
291 964 1
291 394 1
291 442 1
292 389 1
292 688 1
292 701 1
292 884 1
292 527 1
292 373 1
292 924 1
292 841 1
292 604 1
292 395 1
292 773 1
292 926 1
292 463 1
293 380 1
293 994 1
293 833 1
293 312 1
293 600 1
293 926 1
293 669 1
293 295 1
293 825 1
293 605 1
293 426 1
293 411 1
293 930 1
293 399 1
293 655 1
293 685 1
293 556 1
294 545 1
294 851 1
294 607 1
294 563 1
294 897 1
294 535 1
294 641 1
294 880 1
294 983 1
294 585 1
294 295 1
294 679 1
294 343 1
294 760 1
294 996 1
294 993 1
295 639 1
295 562 1
295 683 1
295 921 1
295 366 1
295 661 1
295 712 1
295 713 1
295 911 1
295 690 1
295 417 1
295 981 1
295 461 1
295 905 1
295 563 1
296 647 1
296 387 1
296 715 1
296 578 1
296 530 1
296 467 1
296 806 1
296 812 1
296 766 1
296 324 1
296 803 1
296 794 1
296 756 1
296 849 1
296 476 1
296 540 1
296 890 1
296 719 1
296 434 1
296 413 1
296 784 1
297 853 1
297 945 1
297 497 1
297 621 1
297 580 1
297 931 1
298 966 1
298 372 1
298 550 1
298 422 1
298 494 1
298 440 1
298 508 1
298 812 1
298 847 1
298 590 1
298 471 1
298 644 1
298 961 1
298 442 1
298 858 1
298 382 1
298 881 1
298 342 1
298 582 1
298 695 1
298 529 1
299 865 1
299 633 1
299 615 1
299 552 1
299 822 1
299 572 1
299 320 1
299 803 1
299 480 1
299 481 1
299 401 1
299 830 1
299 899 1
299 878 1
300 506 1
300 528 1
300 381 1
300 379 1
300 968 1
300 905 1
300 519 1
300 613 1
300 616 1
301 798 1
301 537 1
301 803 1
301 849 1
301 909 1
301 983 1
301 964 1
301 672 1
301 510 1
301 767 1
301 701 1
301 837 1
301 836 1
301 356 1
301 838 1
301 532 1
302 984 1
302 410 1
302 858 1
302 880 1
302 850 1
302 718 1
302 396 1
302 556 1
302 538 1
302 751 1
302 901 1
302 975 1
302 799 1
303 946 1
303 837 1
303 855 1
303 784 1
303 725 1
303 706 1
303 346 1
303 890 1
303 470 1
303 341 1
303 982 1
303 696 1
304 358 1
304 544 1
304 840 1
304 815 1
304 393 1
304 436 1
304 499 1
304 309 1
304 489 1
304 806 1
304 610 1
304 874 1
304 701 1
304 621 1
305 753 1
305 588 1
305 491 1
305 658 1
305 653 1
305 424 1
305 860 1
305 542 1
305 857 1
305 665 1
305 545 1
305 703 1
305 521 1
305 729 1
305 728 1
305 899 1
305 611 1
305 615 1
306 558 1
306 474 1
306 761 1
306 603 1
306 818 1
306 949 1
306 731 1
307 335 1
307 628 1
307 947 1
307 875 1
307 830 1
307 559 1
307 410 1
307 402 1
307 314 1
307 944 1
307 743 1
307 329 1
307 844 1
307 728 1
307 567 1
307 432 1
307 678 1
307 465 1
307 941 1
307 369 1
307 631 1
307 698 1
307 646 1
307 381 1
308 859 1
308 559 1
308 479 1
308 331 1
308 904 1
308 771 1
308 911 1
308 779 1
308 618 1
308 994 1
308 853 1
308 849 1
308 877 1
308 743 1
308 501 1
309 339 1
309 831 1
309 367 1
309 362 1
309 570 1
309 398 1
309 793 1
309 736 1
309 502 1
309 618 1
309 686 1
310 888 1
310 851 1
310 498 1
310 559 1
310 831 1
310 896 1
310 527 1
310 839 1
311 690 1
311 957 1
311 420 1
311 984 1
311 896 1
311 726 1
311 330 1
311 971 1
311 694 1
311 951 1
311 514 1
311 848 1
311 523 1
311 601 1
311 658 1
311 400 1
312 783 1
312 390 1
312 332 1
312 903 1
312 874 1
312 914 1
312 508 1
312 656 1
312 834 1
312 638 1
312 504 1
312 895 1
312 758 1
312 602 1
312 794 1
313 839 1
313 957 1
313 441 1
313 918 1
313 361 1
313 533 1
313 635 1
313 930 1
313 488 1
313 937 1
313 545 1
313 543 1
313 864 1
313 867 1
313 573 1
313 577 1
313 702 1
314 753 1
314 623 1
314 730 1
314 888 1
314 842 1
314 404 1
314 732 1
314 442 1
314 679 1
314 748 1
314 675 1
314 898 1
314 907 1
314 607 1
314 709 1
314 657 1
314 876 1
314 505 1
314 536 1
315 818 1
315 860 1
315 834 1
315 646 1
315 987 1
315 477 1
315 446 1
315 644 1
315 370 1
315 373 1
315 450 1
315 556 1
315 541 1
315 331 1
315 892 1
315 358 1
315 554 1
315 592 1
315 426 1
315 514 1
316 628 1
316 606 1
316 863 1
316 993 1
316 752 1
316 944 1
316 475 1
316 545 1
316 640 1
316 555 1
316 520 1
316 814 1
316 461 1
316 953 1
316 492 1
316 927 1
317 736 1
317 719 1
317 543 1
317 530 1
317 443 1
317 836 1
317 367 1
317 892 1
317 466 1
317 825 1
317 318 1
317 973 1
317 359 1
317 414 1
317 479 1
317 469 1
317 463 1
317 460 1
317 391 1
317 949 1
317 987 1
318 910 1
318 781 1
318 352 1
318 873 1
318 631 1
318 585 1
318 799 1
318 706 1
318 650 1
318 962 1
318 549 1
318 681 1
318 452 1
318 846 1
318 778 1
318 651 1
318 557 1
318 964 1
319 954 1
319 962 1
319 534 1
319 533 1
319 795 1
319 613 1
319 489 1
319 598 1
319 783 1
319 353 1
319 569 1
319 438 1
319 972 1
319 603 1
319 801 1
319 829 1
319 606 1
319 566 1
319 935 1
320 673 1
320 354 1
320 407 1
320 569 1
320 440 1
320 998 1
320 934 1
320 751 1
320 940 1
320 752 1
320 926 1
320 732 1
320 433 1
320 553 1
320 983 1
320 490 1
321 798 1
321 419 1
321 481 1
321 545 1
321 767 1
321 778 1
321 836 1
321 829 1
321 563 1
321 472 1
321 671 1
322 974 1
322 403 1
322 759 1
322 846 1
322 439 1
322 843 1
322 876 1
322 717 1
322 731 1
322 516 1
322 500 1
322 636 1
322 671 1
322 503 1
322 875 1
323 865 1
323 400 1
323 881 1
323 962 1
323 838 1
323 885 1
323 809 1
323 510 1
323 731 1
323 357 1
323 810 1
323 767 1
324 534 1
324 614 1
324 890 1
324 789 1
324 847 1
324 337 1
324 765 1
324 679 1
324 329 1
324 986 1
324 920 1
325 593 1
325 705 1
325 367 1
325 962 1
325 722 1
325 887 1
325 514 1
325 821 1
325 435 1
325 349 1
325 717 1
325 883 1
325 753 1
325 754 1
325 842 1
325 572 1
325 625 1
325 905 1
326 894 1
326 774 1
326 982 1
326 804 1
326 605 1
326 478 1
326 532 1
326 773 1
326 960 1
326 938 1
326 937 1
326 350 1
326 741 1
326 726 1
326 606 1
326 330 1
326 699 1
327 391 1
327 489 1
327 373 1
327 905 1
327 528 1
327 838 1
327 543 1
327 410 1
327 507 1
327 443 1
327 451 1
327 343 1
327 472 1
327 790 1
327 966 1
328 483 1
328 846 1
328 509 1
328 528 1
328 737 1
328 702 1
328 568 1
328 562 1
328 992 1
328 806 1
328 833 1
328 741 1
328 508 1
328 926 1
328 401 1
328 807 1
328 662 1
329 754 1
329 709 1
329 972 1
329 675 1
329 746 1
329 864 1
329 607 1
329 733 1
329 984 1
329 897 1
329 757 1
329 987 1
330 491 1
330 953 1
330 874 1
330 379 1
330 731 1
330 464 1
330 527 1
330 384 1
330 331 1
330 821 1
330 551 1
331 788 1
331 515 1
331 382 1
331 485 1
331 886 1
331 875 1
331 612 1
332 604 1
332 682 1
332 348 1
332 552 1
332 520 1
332 956 1
332 621 1
332 355 1
333 623 1
333 580 1
333 708 1
333 883 1
333 778 1
333 948 1
333 706 1
333 786 1
333 923 1
333 707 1
333 712 1
334 442 1
334 578 1
334 651 1
334 492 1
334 756 1
334 594 1
334 870 1
334 758 1
334 669 1
334 519 1
334 641 1
334 839 1
334 335 1
334 678 1
334 461 1
335 416 1
335 875 1
335 426 1
335 394 1
335 535 1
335 662 1
335 488 1
335 388 1
335 676 1
335 775 1
335 949 1
335 363 1
335 690 1
335 687 1
336 427 1
336 853 1
336 383 1
336 536 1
336 453 1
336 985 1
336 787 1
336 890 1
336 582 1
336 520 1
336 338 1
336 439 1
337 956 1
337 914 1
337 519 1
337 574 1
337 674 1
337 534 1
337 986 1
337 751 1
337 755 1
337 877 1
337 738 1
337 672 1
337 995 1
338 485 1
338 359 1
338 757 1
338 807 1
338 385 1
338 621 1
338 722 1
338 885 1
338 518 1
338 576 1
338 379 1
338 963 1
338 501 1
338 466 1
338 499 1
338 929 1
338 760 1
339 903 1
339 518 1
339 517 1
339 949 1
339 953 1
339 359 1
339 532 1
339 695 1
339 681 1
339 605 1
340 722 1
340 812 1
340 500 1
340 367 1
340 604 1
340 890 1
341 729 1
341 454 1
341 888 1
341 762 1
341 989 1
341 640 1
341 862 1
341 457 1
341 821 1
341 844 1
342 668 1
342 874 1
342 776 1
342 844 1
342 887 1
342 547 1
342 679 1
343 442 1
343 456 1
343 485 1
343 813 1
343 774 1
343 724 1
343 607 1
343 846 1
343 495 1
343 812 1
344 936 1
344 859 1
344 598 1
344 957 1
344 856 1
344 877 1
344 820 1
344 893 1
344 711 1
344 692 1
344 793 1
344 618 1
344 946 1
344 932 1
344 902 1
344 850 1
345 553 1
345 400 1
345 663 1
345 833 1
345 570 1
345 418 1
346 644 1
346 723 1
346 957 1
346 869 1
346 377 1
346 930 1
346 474 1
346 394 1
346 892 1
346 995 1
346 514 1
346 784 1
346 502 1
346 958 1
346 586 1
346 371 1
346 673 1
346 651 1
346 864 1
347 482 1
347 876 1
347 851 1
347 960 1
347 434 1
347 588 1
347 866 1
347 725 1
347 546 1
347 569 1
347 968 1
347 810 1
347 441 1
348 933 1
348 376 1
348 876 1
348 989 1
348 920 1
348 704 1
348 509 1
348 432 1
348 649 1
348 803 1
348 719 1
348 821 1
348 529 1
349 747 1
349 902 1
349 537 1
349 577 1
349 539 1
349 514 1
349 385 1
349 494 1
349 849 1
349 511 1
349 582 1
349 682 1
349 924 1
349 449 1
349 681 1
350 435 1
350 933 1
350 571 1
350 532 1
350 779 1
350 957 1
350 998 1
350 926 1
350 935 1
350 866 1
350 651 1
350 467 1
351 681 1
351 559 1
351 508 1
351 370 1
351 534 1
351 515 1
351 803 1
351 455 1
351 981 1
351 921 1
351 426 1
351 658 1
351 992 1
351 522 1
351 876 1
351 532 1
351 908 1
351 799 1
352 399 1
352 597 1
352 538 1
352 828 1
352 747 1
352 362 1
352 429 1
352 509 1
352 674 1
352 377 1
352 971 1
352 761 1
352 392 1
353 518 1
353 923 1
353 797 1
353 437 1
353 549 1
353 630 1
353 956 1
353 672 1
353 563 1
353 868 1
353 407 1
354 726 1
354 713 1
354 368 1
354 877 1
354 839 1
354 667 1
354 995 1
354 473 1
354 635 1
354 616 1
354 697 1
354 457 1
354 464 1
354 637 1
354 362 1
354 915 1
354 902 1
354 638 1
354 991 1
354 526 1
354 880 1
355 994 1
355 841 1
355 822 1
355 735 1
355 743 1
355 793 1
355 849 1
355 804 1
356 819 1
356 735 1
356 570 1
356 782 1
356 863 1
356 741 1
356 633 1
356 436 1
356 628 1
356 787 1
356 719 1
356 785 1
357 646 1
357 915 1
357 605 1
357 879 1
357 882 1
357 959 1
357 518 1
357 860 1
357 612 1
357 380 1
357 425 1
357 817 1
357 999 1
358 558 1
358 533 1
358 366 1
358 863 1
358 476 1
358 932 1
358 477 1
358 982 1
358 479 1
358 976 1
358 853 1
358 962 1
359 612 1
359 673 1
359 449 1
359 363 1
359 723 1
359 496 1
359 458 1
359 710 1
359 392 1
360 743 1
360 591 1
360 437 1
360 565 1
360 895 1
360 795 1
360 784 1
360 864 1
360 598 1
360 411 1
360 734 1
361 719 1
361 875 1
361 640 1
361 671 1
361 413 1
361 837 1
361 795 1
361 999 1
361 447 1
361 528 1
361 952 1
361 394 1
361 664 1
361 699 1
362 768 1
362 527 1
362 776 1
362 474 1
362 830 1
362 858 1
362 413 1
362 521 1
362 390 1
362 673 1
362 451 1
362 814 1
362 906 1
362 365 1
362 493 1
363 471 1
363 442 1
363 797 1
363 582 1
363 837 1
363 983 1
363 893 1
363 496 1
363 483 1
364 574 1
364 836 1
364 457 1
364 985 1
364 909 1
364 527 1
364 731 1
364 493 1
364 717 1
364 500 1
364 828 1
364 546 1
364 614 1
365 866 1
365 886 1
365 996 1
365 384 1
365 410 1
365 997 1
365 596 1
365 961 1
365 969 1
365 611 1
365 799 1
365 663 1
365 719 1
365 962 1
366 557 1
366 586 1
366 725 1
366 645 1
366 668 1
366 442 1
366 536 1
366 633 1
366 634 1
366 493 1
366 949 1
366 407 1
366 459 1
366 826 1
366 876 1
367 658 1
367 742 1
367 370 1
367 588 1
367 825 1
367 764 1
367 606 1
367 449 1
367 990 1
367 422 1
367 376 1
367 474 1
367 811 1
367 748 1
367 508 1
367 941 1
368 819 1
368 688 1
368 918 1
368 901 1
368 615 1
368 979 1
368 564 1
368 572 1
369 998 1
369 385 1
369 531 1
369 944 1
369 777 1
369 447 1
369 416 1
369 561 1
369 395 1
369 883 1
369 919 1
369 870 1
369 685 1
370 811 1
370 455 1
370 887 1
370 717 1
370 793 1
370 646 1
370 742 1
370 595 1
370 765 1
370 567 1
371 650 1
371 624 1
371 552 1
371 508 1
371 953 1
371 669 1
371 829 1
371 492 1
371 543 1
371 828 1
371 635 1
372 498 1
372 509 1
372 740 1
372 755 1
372 706 1
372 508 1
372 893 1
372 735 1
372 446 1
372 922 1
372 697 1
372 505 1
372 950 1
373 884 1
373 506 1
373 803 1
373 827 1
373 906 1
373 590 1
373 462 1
373 740 1
373 560 1
373 960 1
373 657 1
373 445 1
374 709 1
374 551 1
374 646 1
374 845 1
374 767 1
374 952 1
374 570 1
374 408 1
374 410 1
374 552 1
374 718 1
374 539 1
374 856 1
374 567 1
374 749 1
374 675 1
374 504 1
374 804 1
374 660 1
374 967 1
374 841 1
374 825 1
375 821 1
375 968 1
375 935 1
375 457 1
375 618 1
375 625 1
376 894 1
376 1000 1
376 681 1
376 972 1
376 785 1
376 643 1
376 788 1
376 393 1
376 540 1
376 697 1
377 989 1
377 938 1
377 697 1
377 736 1
377 467 1
377 654 1
377 659 1
377 874 1
377 880 1
378 398 1
378 842 1
378 458 1
378 989 1
378 418 1
378 840 1
378 514 1
378 909 1
378 864 1
378 894 1
378 440 1
378 732 1
379 401 1
379 850 1
379 802 1
379 913 1
379 926 1
379 610 1
379 885 1
379 436 1
379 479 1
379 718 1
380 642 1
380 544 1
380 419 1
380 719 1
380 801 1
380 905 1
380 731 1
380 666 1
380 579 1
380 404 1
380 508 1
380 480 1
380 821 1
381 731 1
381 946 1
381 591 1
381 950 1
381 659 1
381 863 1
381 906 1
381 835 1
381 992 1
381 773 1
381 914 1
381 862 1
381 860 1
382 973 1
382 652 1
382 940 1
382 710 1
382 412 1
382 900 1
382 929 1
382 613 1
382 926 1
382 914 1
382 453 1
383 541 1
383 446 1
383 845 1
383 984 1
383 622 1
383 693 1
383 704 1
383 544 1
383 706 1
383 891 1
383 857 1
384 680 1
384 713 1
384 433 1
384 392 1
384 974 1
384 617 1
384 890 1
384 822 1
384 645 1
384 774 1
384 593 1
385 544 1
385 537 1
385 844 1
385 458 1
385 466 1
385 589 1
385 578 1
385 516 1
385 644 1
385 596 1
385 513 1
385 738 1
385 816 1
385 515 1
385 407 1
386 413 1
386 475 1
386 582 1
386 639 1
386 951 1
386 922 1
386 736 1
387 628 1
387 728 1
387 805 1
387 887 1
387 682 1
387 982 1
387 803 1
387 830 1
388 664 1
388 662 1
388 907 1
388 727 1
388 553 1
388 443 1
388 458 1
388 857 1
389 722 1
389 560 1
389 397 1
389 977 1
389 784 1
389 980 1
389 670 1
389 607 1
389 517 1
390 794 1
390 650 1
390 851 1
390 461 1
390 966 1
390 840 1
390 612 1
390 883 1
390 959 1
390 570 1
390 987 1
390 699 1
390 912 1
390 536 1
391 912 1
391 762 1
391 491 1
391 695 1
391 430 1
391 429 1
391 510 1
391 676 1
391 740 1
391 661 1
391 847 1
391 471 1
391 568 1
391 967 1
391 563 1
391 545 1
391 437 1
391 551 1
391 446 1
392 735 1
392 701 1
392 755 1
392 751 1
392 877 1
392 839 1
392 542 1
392 494 1
392 965 1
392 565 1
393 433 1
393 723 1
393 526 1
393 892 1
393 729 1
393 724 1
393 651 1
393 504 1
393 736 1
393 628 1
393 646 1
393 982 1
393 436 1
393 702 1
393 408 1
393 877 1
394 753 1
394 906 1
394 936 1
394 499 1
394 960 1
394 491 1
394 988 1
394 485 1
394 683 1
394 484 1
394 644 1
394 580 1
394 666 1
394 695 1
394 830 1
394 923 1
395 911 1
395 413 1
395 510 1
395 485 1
395 448 1
395 525 1
395 423 1
395 801 1
395 544 1
395 835 1
395 765 1
395 861 1
395 972 1
395 509 1
395 671 1
395 682 1
396 599 1
396 510 1
396 891 1
396 539 1
396 521 1
396 406 1
396 569 1
396 427 1
396 974 1
396 936 1
396 848 1
396 447 1
396 923 1
397 745 1
397 711 1
397 554 1
397 951 1
397 674 1
397 844 1
397 633 1
397 574 1
397 850 1
397 736 1
397 730 1
398 758 1
398 789 1
398 441 1
398 574 1
398 750 1
398 784 1
398 793 1
398 883 1
399 411 1
399 694 1
399 864 1
399 481 1
399 887 1
399 955 1
399 861 1
399 774 1
399 465 1
399 432 1
399 922 1
400 908 1
400 425 1
400 409 1
400 889 1
400 879 1
400 407 1
400 692 1
400 942 1
400 499 1
401 754 1
401 883 1
401 604 1
401 863 1
401 997 1
401 804 1
401 458 1
401 535 1
401 762 1
402 461 1
402 638 1
402 819 1
402 888 1
402 936 1
402 520 1
402 831 1
402 641 1
402 413 1
402 403 1
402 725 1
402 690 1
402 977 1
403 469 1
403 874 1
403 938 1
403 878 1
403 638 1
403 820 1
403 971 1
403 491 1
403 512 1
403 761 1
403 825 1
403 445 1
403 987 1
403 723 1
404 810 1
404 974 1
404 825 1
404 866 1
404 544 1
404 690 1
404 848 1
404 765 1
404 755 1
404 572 1
404 714 1
404 761 1
404 704 1
404 874 1
404 807 1
404 913 1
404 937 1
405 599 1
405 767 1
405 727 1
405 928 1
405 537 1
405 585 1
405 554 1
405 871 1
405 889 1
405 997 1
405 594 1
405 750 1
405 717 1
405 633 1
405 952 1
406 778 1
406 494 1
406 539 1
406 702 1
406 561 1
406 653 1
406 969 1
406 797 1
406 617 1
406 527 1
407 606 1
407 563 1
407 805 1
407 553 1
407 432 1
407 555 1
407 725 1
407 637 1
408 555 1
408 556 1
408 715 1
408 427 1
408 681 1
408 923 1
408 533 1
408 632 1
408 947 1
408 610 1
408 724 1
409 659 1
409 849 1
409 939 1
409 938 1
409 485 1
409 687 1
409 599 1
409 773 1
409 426 1
409 604 1
409 838 1
409 563 1
409 630 1
409 594 1
409 842 1
410 486 1
410 853 1
410 415 1
410 499 1
410 961 1
410 905 1
410 625 1
410 710 1
410 536 1
410 825 1
411 975 1
411 642 1
411 449 1
411 989 1
411 820 1
411 682 1
411 832 1
411 984 1
411 697 1
411 711 1
412 770 1
412 795 1
412 740 1
412 877 1
412 940 1
412 474 1
412 434 1
412 636 1
412 919 1
412 436 1
412 904 1
412 807 1
412 693 1
412 440 1
412 917 1
413 587 1
413 751 1
413 418 1
413 591 1
413 526 1
413 419 1
413 594 1
413 451 1
413 465 1
413 427 1
413 577 1
413 436 1
413 862 1
414 437 1
414 439 1
414 660 1
414 838 1
414 869 1
414 664 1
414 480 1
414 972 1
414 506 1
414 440 1
415 789 1
415 622 1
415 875 1
415 485 1
415 535 1
415 419 1
415 592 1
415 802 1
415 977 1
415 688 1
415 797 1
415 515 1
415 934 1
415 837 1
415 519 1
415 706 1
415 888 1
415 860 1
416 935 1
416 458 1
416 742 1
416 556 1
416 489 1
416 646 1
416 759 1
416 769 1
416 620 1
416 841 1
416 551 1
416 740 1
416 890 1
416 805 1
417 562 1
417 911 1
417 702 1
417 716 1
417 503 1
417 759 1
417 921 1
417 867 1
417 636 1
417 571 1
417 798 1
417 465 1
417 678 1
417 534 1
418 942 1
418 712 1
418 649 1
418 629 1
418 927 1
418 759 1
418 421 1
418 710 1
418 430 1
418 521 1
418 615 1
418 760 1
418 689 1
419 784 1
419 642 1
419 628 1
419 701 1
419 853 1
419 702 1
419 788 1
419 635 1
419 932 1
419 533 1
419 705 1
419 544 1
419 925 1
419 921 1
419 977 1
420 636 1
420 465 1
420 675 1
420 961 1
420 613 1
420 967 1
420 976 1
420 828 1
420 883 1
420 713 1
420 571 1
420 891 1
420 539 1
420 659 1
421 731 1
421 769 1
421 972 1
421 503 1
421 652 1
421 528 1
421 692 1
421 473 1
421 532 1
422 522 1
422 684 1
422 714 1
422 442 1
422 874 1
422 686 1
423 649 1
423 430 1
423 734 1
423 547 1
423 918 1
423 886 1
423 993 1
423 904 1
423 846 1
423 427 1
423 832 1
423 917 1
423 916 1
423 979 1
423 920 1
423 675 1
423 617 1
424 434 1
424 857 1
424 661 1
424 992 1
424 968 1
424 972 1
424 893 1
424 861 1
424 458 1
424 601 1
424 905 1
425 956 1
425 992 1
425 815 1
425 996 1
425 791 1
425 679 1
426 775 1
426 758 1
426 636 1
426 783 1
426 763 1
426 819 1
426 719 1
426 753 1
427 692 1
427 899 1
427 470 1
427 833 1
427 870 1
427 857 1
427 965 1
427 879 1
427 632 1
427 790 1
427 508 1
427 432 1
427 954 1
427 951 1
428 585 1
428 823 1
428 914 1
428 470 1
428 625 1
428 675 1
428 590 1
429 979 1
429 652 1
429 665 1
429 872 1
429 941 1
429 834 1
429 509 1
429 899 1
429 686 1
429 494 1
429 902 1
429 515 1
429 996 1
429 495 1
429 864 1
430 999 1
430 759 1
430 844 1
430 654 1
430 512 1
430 576 1
430 743 1
430 960 1
430 543 1
430 695 1
430 552 1
430 685 1
430 440 1
430 780 1
430 597 1
430 720 1
430 443 1
431 706 1
431 685 1
431 822 1
431 681 1
431 726 1
431 668 1
431 724 1
431 704 1
431 672 1
431 565 1
431 866 1
432 729 1
432 783 1
432 840 1
432 906 1
432 629 1
432 567 1
432 927 1
432 862 1
432 744 1
432 938 1
432 835 1
432 465 1
433 457 1
433 520 1
433 492 1
433 838 1
433 875 1
433 689 1
433 549 1
433 906 1
433 695 1
433 988 1
434 729 1
434 862 1
434 881 1
434 697 1
434 474 1
434 971 1
434 738 1
434 435 1
434 557 1
434 652 1
435 659 1
435 479 1
435 850 1
435 648 1
435 632 1
435 568 1
435 471 1
435 452 1
435 794 1
436 500 1
436 813 1
436 446 1
436 503 1
436 463 1
436 569 1
436 455 1
436 579 1
436 851 1
437 592 1
437 608 1
437 649 1
437 622 1
437 683 1
437 664 1
437 786 1
437 741 1
437 723 1
437 738 1
437 790 1
438 881 1
438 839 1
438 502 1
438 829 1
438 806 1
438 459 1
438 635 1
438 636 1
438 530 1
438 697 1
438 732 1
438 570 1
438 527 1
438 892 1
438 776 1
438 537 1
438 481 1
439 760 1
439 527 1
439 599 1
439 576 1
439 717 1
439 972 1
439 570 1
439 592 1
439 591 1
439 646 1
439 742 1
440 685 1
440 445 1
440 533 1
440 566 1
440 756 1
440 612 1
440 813 1
440 509 1
440 864 1
441 902 1
441 817 1
441 981 1
441 888 1
441 672 1
441 524 1
441 877 1
441 771 1
441 453 1
441 475 1
441 499 1
441 971 1
442 959 1
442 863 1
442 705 1
442 487 1
442 928 1
442 841 1
443 743 1
443 634 1
443 692 1
443 667 1
443 977 1
443 980 1
443 592 1
443 616 1
443 643 1
443 823 1
444 689 1
444 826 1
444 738 1
444 889 1
444 581 1
444 882 1
444 928 1
444 857 1
444 943 1
445 761 1
445 619 1
445 779 1
445 839 1
445 530 1
445 982 1
445 701 1
445 880 1
445 794 1
445 909 1
445 940 1
445 607 1
445 898 1
445 471 1
446 822 1
446 963 1
446 969 1
446 599 1
446 576 1
446 598 1
446 760 1
446 696 1
446 977 1
446 564 1
446 948 1
446 955 1
447 883 1
447 822 1
447 470 1
447 666 1
447 594 1
447 626 1
447 895 1
447 981 1
447 940 1
447 583 1
447 969 1
447 765 1
447 560 1
447 587 1
447 639 1
447 885 1
447 487 1
447 451 1
448 639 1
448 681 1
448 888 1
448 872 1
448 542 1
448 915 1
448 975 1
448 451 1
448 999 1
448 964 1
448 881 1
448 824 1
448 566 1
448 852 1
448 906 1
449 802 1
449 632 1
449 851 1
449 637 1
450 712 1
450 990 1
450 808 1
450 766 1
450 848 1
450 602 1
450 691 1
450 762 1
450 714 1
450 754 1
450 711 1
450 546 1
450 603 1
450 563 1
451 600 1
451 626 1
451 978 1
451 632 1
451 721 1
451 703 1
451 731 1
451 724 1
452 652 1
452 631 1
452 879 1
452 933 1
452 620 1
452 614 1
452 975 1
453 780 1
453 952 1
453 625 1
453 526 1
453 668 1
453 495 1
454 966 1
454 844 1
454 702 1
454 647 1
454 618 1
454 593 1
454 584 1
454 803 1
454 874 1
454 573 1
454 995 1
455 762 1
455 830 1
455 1000 1
455 617 1
455 653 1
455 956 1
455 945 1
455 857 1
455 804 1
455 984 1
455 548 1
455 637 1
456 528 1
456 611 1
456 537 1
456 905 1
456 634 1
456 544 1
456 832 1
456 705 1
456 755 1
456 819 1
456 913 1
456 714 1
456 733 1
456 837 1
456 759 1
457 563 1
457 772 1
457 716 1
457 814 1
457 958 1
457 778 1
457 569 1
457 560 1
457 655 1
457 564 1
457 885 1
458 869 1
458 664 1
458 985 1
458 482 1
458 488 1
458 943 1
458 490 1
458 797 1
458 783 1
458 772 1
458 891 1
459 613 1
459 925 1
459 901 1
459 579 1
459 760 1
459 864 1
459 585 1
459 727 1
459 856 1
459 609 1
459 966 1
459 709 1
459 554 1
459 589 1
460 760 1
460 911 1
460 678 1
460 928 1
460 461 1
460 640 1
460 780 1
460 717 1
460 677 1
460 960 1
460 846 1
460 719 1
461 697 1
461 816 1
461 527 1
461 573 1
461 960 1
461 725 1
461 908 1
461 726 1
461 768 1
461 642 1
461 543 1
461 719 1
461 969 1
461 779 1
461 840 1
461 924 1
462 472 1
462 519 1
462 591 1
462 820 1
462 539 1
462 985 1
462 883 1
462 991 1
462 706 1
463 929 1
463 808 1
463 778 1
463 985 1
463 629 1
463 528 1
463 864 1
463 802 1
463 902 1
463 514 1
463 830 1
463 916 1
464 580 1
464 960 1
464 722 1
464 847 1
464 600 1
464 790 1
464 613 1
464 940 1
464 861 1
465 745 1
465 650 1
465 965 1
465 979 1
465 611 1
465 614 1
465 705 1
465 507 1
465 791 1
465 906 1
465 765 1
465 586 1
465 789 1
465 939 1
466 555 1
466 576 1
466 692 1
466 988 1
466 549 1
466 789 1
466 773 1
466 752 1
466 828 1
466 493 1
466 948 1
467 612 1
467 705 1
467 974 1
467 570 1
467 607 1
467 743 1
467 638 1
467 538 1
467 740 1
468 879 1
468 549 1
468 976 1
468 735 1
468 493 1
468 712 1
468 580 1
468 934 1
468 782 1
469 690 1
469 503 1
469 792 1
469 824 1
469 670 1
469 661 1
469 668 1
469 642 1
469 582 1
469 758 1
469 730 1
469 740 1
470 797 1
470 967 1
470 960 1
470 657 1
470 526 1
470 784 1
471 789 1
471 536 1
471 879 1
471 807 1
471 474 1
471 592 1
471 757 1
471 475 1
471 977 1
471 728 1
472 612 1
472 628 1
472 986 1
472 887 1
472 946 1
473 477 1
473 754 1
473 814 1
473 647 1
473 867 1
473 901 1
473 677 1
473 496 1
473 543 1
473 514 1
474 819 1
474 731 1
474 956 1
474 597 1
474 692 1
474 657 1
474 650 1
474 970 1
474 953 1
474 911 1
474 554 1
474 725 1
475 871 1
475 589 1
475 920 1
475 856 1
475 997 1
475 807 1
475 838 1
475 528 1
475 847 1
475 829 1
476 615 1
476 983 1
476 742 1
476 564 1
476 791 1
476 545 1
476 825 1
476 593 1
476 758 1
476 854 1
476 953 1
476 755 1
477 679 1
477 856 1
477 779 1
477 957 1
477 946 1
477 948 1
477 853 1
477 559 1
477 814 1
477 850 1
477 865 1
477 775 1
477 764 1
477 841 1
478 483 1
478 894 1
478 607 1
478 915 1
478 521 1
478 533 1
478 564 1
478 644 1
479 693 1
479 575 1
479 711 1
479 613 1
479 747 1
479 914 1
479 760 1
479 755 1
479 667 1
480 970 1
480 666 1
480 522 1
480 551 1
480 857 1
480 864 1
480 992 1
480 814 1
480 695 1
480 708 1
480 795 1
481 884 1
481 506 1
481 762 1
481 773 1
481 754 1
481 794 1
481 857 1
481 825 1
481 804 1
481 523 1
481 636 1
481 688 1
481 738 1
481 829 1
481 549 1
482 522 1
482 997 1
482 968 1
482 977 1
482 897 1
483 565 1
483 623 1
483 551 1
483 788 1
483 636 1
483 718 1
483 751 1
483 815 1
483 691 1
483 544 1
484 650 1
484 502 1
484 959 1
484 705 1
484 861 1
484 810 1
485 756 1
485 532 1
485 832 1
485 776 1
485 618 1
485 814 1
485 753 1
485 801 1
485 533 1
485 673 1
485 890 1
486 774 1
486 930 1
486 987 1
486 662 1
486 590 1
486 612 1
486 611 1
486 502 1
486 789 1
486 799 1
486 914 1
486 802 1
486 522 1
487 959 1
487 659 1
487 640 1
487 795 1
487 604 1
487 949 1
487 693 1
488 655 1
488 578 1
488 956 1
488 533 1
488 650 1
488 805 1
488 803 1
488 563 1
489 693 1
489 778 1
489 592 1
489 868 1
490 944 1
490 810 1
490 525 1
490 555 1
491 907 1
491 642 1
491 757 1
491 501 1
491 673 1
491 697 1
491 514 1
491 835 1
491 629 1
491 987 1
491 841 1
491 618 1
491 918 1
492 932 1
492 691 1
492 541 1
492 629 1
492 707 1
492 835 1
493 689 1
493 692 1
493 864 1
493 870 1
493 923 1
493 852 1
494 966 1
494 547 1
494 613 1
494 895 1
494 828 1
494 920 1
494 866 1
494 527 1
494 939 1
494 722 1
494 982 1
494 884 1
494 787 1
495 747 1
495 964 1
495 641 1
495 655 1
495 606 1
495 635 1
495 731 1
495 838 1
495 915 1
495 880 1
496 894 1
496 863 1
496 673 1
496 652 1
496 648 1
496 577 1
496 560 1
497 620 1
497 538 1
497 729 1
497 519 1
497 820 1
497 583 1
497 937 1
497 613 1
497 951 1
497 558 1
498 565 1
498 909 1
498 547 1
498 889 1
498 687 1
498 712 1
498 562 1
498 550 1
498 610 1
498 754 1
498 639 1
498 763 1
499 968 1
499 521 1
499 850 1
499 768 1
499 603 1
499 905 1
499 588 1
499 884 1
499 917 1
499 635 1
499 738 1
499 846 1
499 536 1
500 698 1
500 768 1
500 800 1
500 670 1
500 629 1
500 732 1
500 689 1
500 686 1
500 884 1
500 801 1
500 633 1
500 842 1
500 667 1
500 645 1
501 968 1
501 784 1
501 835 1
501 530 1
501 706 1
502 997 1
502 749 1
502 892 1
502 513 1
502 743 1
502 850 1
503 637 1
503 985 1
503 607 1
503 820 1
503 583 1
504 898 1
504 897 1
504 722 1
504 925 1
504 853 1
504 874 1
504 681 1
504 619 1
504 601 1
504 701 1
504 620 1
504 707 1
504 929 1
505 820 1
505 886 1
505 519 1
505 894 1
505 578 1
505 857 1
506 723 1
506 933 1
506 546 1
506 691 1
506 948 1
506 640 1
506 562 1
506 927 1
506 584 1
506 841 1
506 548 1
506 929 1
507 555 1
507 823 1
507 618 1
507 802 1
507 534 1
507 773 1
507 586 1
507 569 1
507 909 1
508 593 1
508 673 1
508 817 1
508 595 1
508 726 1
508 555 1
508 588 1
508 814 1
508 774 1
508 958 1
508 686 1
508 643 1
508 999 1
509 994 1
509 967 1
509 969 1
509 974 1
509 604 1
509 898 1
509 959 1
509 937 1
509 701 1
510 726 1
510 621 1
510 532 1
510 657 1
510 851 1
510 519 1
510 884 1
510 896 1
510 776 1
510 783 1
510 827 1
510 544 1
510 899 1
510 831 1
510 870 1
511 607 1
511 926 1
511 846 1
512 613 1
512 682 1
512 897 1
512 938 1
512 561 1
512 926 1
512 968 1
513 941 1
513 669 1
513 762 1
513 763 1
513 656 1
513 929 1
513 710 1
513 570 1
514 697 1
514 747 1
514 907 1
514 777 1
514 855 1
514 976 1
514 839 1
514 654 1
514 678 1
514 746 1
515 985 1
515 739 1
515 937 1
515 929 1
515 858 1
515 765 1
515 697 1
515 593 1
515 837 1
515 883 1
515 568 1
515 762 1
516 955 1
516 811 1
516 593 1
516 834 1
516 857 1
516 993 1
516 928 1
516 957 1
516 760 1
516 652 1
517 861 1
517 839 1
517 586 1
517 587 1
517 856 1
518 735 1
518 785 1
518 573 1
518 551 1
518 864 1
518 726 1
518 671 1
518 620 1
518 999 1
518 739 1
519 818 1
519 855 1
519 776 1
519 618 1
519 872 1
519 524 1
519 967 1
519 981 1
519 834 1
520 736 1
520 947 1
520 792 1
520 933 1
520 663 1
520 586 1
520 809 1
520 862 1
520 987 1
520 735 1
520 587 1
521 873 1
521 720 1
521 573 1
521 772 1
521 536 1
521 941 1
521 817 1
521 847 1
521 548 1
522 692 1
522 772 1
522 592 1
522 746 1
522 564 1
522 636 1
522 648 1
523 700 1
523 736 1
523 758 1
523 566 1
523 607 1
523 842 1
523 671 1
524 686 1
524 962 1
524 557 1
524 624 1
524 896 1
524 901 1
524 628 1
524 793 1
525 949 1
525 651 1
525 752 1
525 844 1
525 625 1
525 823 1
525 699 1
526 851 1
526 934 1
526 863 1
526 870 1
526 647 1
526 685 1
526 966 1
526 952 1
526 793 1
526 855 1
527 989 1
527 846 1
527 772 1
527 684 1
527 958 1
527 563 1
527 878 1
527 993 1
527 829 1
527 746 1
527 597 1
527 748 1
527 840 1
528 566 1
528 582 1
528 889 1
528 658 1
528 998 1
528 770 1
528 961 1
528 905 1
528 835 1
528 899 1
529 872 1
529 849 1
529 712 1
529 999 1
529 652 1
529 938 1
530 558 1
530 858 1
530 780 1
530 664 1
530 865 1
530 684 1
530 895 1
530 760 1
530 788 1
530 535 1
531 864 1
531 703 1
531 892 1
531 808 1
531 889 1
531 897 1
531 948 1
532 929 1
532 804 1
532 661 1
532 579 1
532 957 1
532 621 1
532 867 1
532 878 1
532 982 1
532 573 1
532 688 1
533 747 1
533 976 1
533 869 1
533 780 1
533 782 1
533 992 1
533 894 1
533 575 1
534 834 1
534 961 1
534 611 1
534 598 1
534 942 1
534 837 1
534 552 1
534 935 1
534 739 1
534 972 1
535 901 1
535 981 1
535 843 1
535 667 1
535 686 1
535 685 1
535 680 1
535 971 1
535 585 1
535 664 1
535 592 1
535 594 1
535 876 1
536 746 1
536 1000 1
536 745 1
536 631 1
536 825 1
536 582 1
536 914 1
536 810 1
537 704 1
537 925 1
537 805 1
537 647 1
537 557 1
537 895 1
537 812 1
537 948 1
537 861 1
537 605 1
537 872 1
538 829 1
538 871 1
538 562 1
538 947 1
538 667 1
538 846 1
538 623 1
538 662 1
538 716 1
539 578 1
539 757 1
539 805 1
539 842 1
539 920 1
539 729 1
539 852 1
539 669 1
539 697 1
540 994 1
540 921 1
540 790 1
540 577 1
540 914 1
540 734 1
540 572 1
540 944 1
540 701 1
540 839 1
541 870 1
541 711 1
541 694 1
541 876 1
541 588 1
541 930 1
541 696 1
541 877 1
541 754 1
541 774 1
541 630 1
541 653 1
542 824 1
542 809 1
542 928 1
542 636 1
542 613 1
542 565 1
542 935 1
543 695 1
543 978 1
543 698 1
543 810 1
543 917 1
543 870 1
544 976 1
544 961 1
544 880 1
544 589 1
544 754 1
544 979 1
545 996 1
545 693 1
545 563 1
545 790 1
545 864 1
545 786 1
545 604 1
545 779 1
546 677 1
546 564 1
546 682 1
546 935 1
546 949 1
547 637 1
547 604 1
547 574 1
547 822 1
547 707 1
547 681 1
547 821 1
547 990 1
547 993 1
547 678 1
547 770 1
548 793 1
548 703 1
548 920 1
548 844 1
548 662 1
548 730 1
548 785 1
549 941 1
549 590 1
549 970 1
549 615 1
549 984 1
549 977 1
549 919 1
549 658 1
549 842 1
550 752 1
550 815 1
550 889 1
550 996 1
550 684 1
551 919 1
551 766 1
551 769 1
551 556 1
551 602 1
551 935 1
552 883 1
552 849 1
552 606 1
552 638 1
552 642 1
552 919 1
552 779 1
552 608 1
553 763 1
553 646 1
553 692 1
553 708 1
553 748 1
553 964 1
553 626 1
553 893 1
553 1000 1
553 846 1
553 758 1
554 983 1
554 821 1
554 715 1
554 779 1
554 716 1
554 850 1
554 742 1
554 950 1
554 667 1
555 976 1
555 852 1
555 739 1
555 756 1
555 898 1
555 801 1
555 627 1
555 927 1
555 888 1
555 646 1
555 954 1
555 769 1
555 775 1
556 619 1
556 805 1
556 919 1
556 994 1
556 711 1
556 942 1
556 642 1
556 905 1
556 999 1
556 912 1
556 821 1
557 947 1
557 925 1
557 602 1
557 762 1
557 665 1
557 714 1
558 650 1
558 609 1
558 673 1
558 694 1
558 842 1
558 999 1
558 695 1
558 927 1
559 918 1
559 910 1
559 660 1
559 967 1
559 563 1
559 802 1
559 587 1
560 748 1
560 590 1
560 675 1
560 862 1
560 999 1
561 857 1
561 976 1
561 637 1
561 885 1
561 967 1
561 881 1
561 588 1
561 791 1
562 713 1
562 640 1
562 934 1
562 980 1
562 635 1
562 882 1
562 656 1
562 727 1
562 887 1
562 955 1
562 785 1
563 582 1
563 955 1
563 646 1
563 597 1
563 884 1
563 728 1
563 713 1
563 659 1
564 914 1
564 624 1
564 620 1
564 781 1
564 923 1
564 608 1
564 783 1
564 768 1
564 634 1
564 795 1
564 681 1
565 810 1
565 594 1
565 687 1
565 836 1
565 616 1
565 637 1
566 738 1
566 764 1
566 603 1
566 965 1
566 997 1
566 931 1
566 667 1
566 794 1
566 647 1
566 867 1
567 757 1
567 569 1
567 877 1
567 1000 1
567 721 1
567 911 1
567 870 1
567 595 1
567 763 1
567 811 1
568 583 1
568 822 1
568 702 1
568 973 1
568 689 1
568 739 1
568 763 1
568 571 1
568 617 1
569 692 1
569 826 1
569 959 1
569 968 1
569 971 1
569 708 1
569 944 1
569 668 1
569 991 1
569 835 1
569 849 1
569 599 1
570 888 1
570 746 1
570 685 1
570 857 1
570 862 1
570 577 1
570 989 1
570 621 1
570 750 1
570 873 1
571 942 1
571 733 1
571 737 1
571 696 1
571 825 1
571 584 1
571 665 1
571 602 1
571 957 1
572 934 1
572 753 1
572 695 1
572 716 1
572 878 1
572 694 1
572 633 1
572 891 1
573 574 1
573 753 1
573 957 1
573 687 1
573 878 1
573 759 1
573 784 1
573 656 1
573 976 1
573 709 1
574 884 1
574 686 1
574 813 1
574 736 1
574 674 1
574 944 1
574 720 1
575 691 1
575 654 1
575 751 1
575 837 1
575 843 1
575 821 1
575 680 1
575 955 1
575 818 1
575 703 1
575 701 1
575 929 1
576 685 1
576 894 1
576 778 1
576 907 1
576 707 1
576 942 1
576 818 1
576 643 1
576 751 1
576 801 1
576 864 1
577 879 1
577 927 1
577 683 1
577 695 1
577 825 1
577 700 1
577 709 1
577 983 1
578 720 1
578 970 1
578 704 1
579 716 1
579 808 1
579 937 1
579 736 1
579 616 1
579 969 1
579 580 1
580 965 1
580 942 1
580 957 1
580 815 1
580 660 1
580 914 1
580 664 1
580 644 1
580 631 1
580 762 1
581 823 1
581 910 1
581 854 1
581 881 1
581 665 1
581 966 1
581 584 1
581 692 1
581 913 1
581 821 1
581 931 1
582 886 1
582 631 1
582 948 1
582 788 1
582 802 1
582 629 1
582 744 1
582 676 1
582 960 1
582 652 1
582 689 1
583 915 1
583 752 1
583 834 1
583 697 1
583 796 1
584 822 1
584 702 1
584 760 1
584 658 1
584 748 1
584 798 1
584 952 1
585 714 1
585 979 1
585 888 1
585 959 1
585 772 1
585 755 1
585 903 1
586 895 1
586 775 1
586 904 1
586 998 1
586 588 1
586 663 1
586 879 1
586 985 1
586 807 1
587 843 1
587 982 1
587 870 1
587 789 1
587 978 1
587 694 1
588 735 1
588 690 1
588 783 1
588 656 1
588 698 1
588 857 1
588 710 1
588 959 1
589 703 1
589 642 1
589 733 1
589 901 1
589 760 1
589 912 1
589 997 1
589 773 1
590 986 1
590 643 1
590 743 1
590 606 1
590 702 1
590 759 1
590 909 1
590 914 1
590 727 1
590 802 1
590 866 1
590 955 1
590 680 1
590 800 1
591 628 1
591 804 1
591 822 1
591 862 1
591 697 1
592 925 1
592 976 1
592 903 1
592 914 1
592 742 1
592 998 1
593 723 1
593 625 1
593 631 1
593 957 1
593 925 1
594 821 1
594 659 1
594 795 1
594 751 1
594 942 1
594 718 1
594 902 1
594 597 1
594 796 1
594 892 1
594 971 1
595 795 1
595 685 1
595 880 1
595 844 1
595 850 1
595 970 1
595 833 1
595 741 1
596 991 1
596 966 1
596 795 1
596 818 1
596 664 1
596 893 1
596 830 1
596 845 1
597 983 1
597 808 1
597 685 1
597 968 1
597 915 1
597 773 1
597 958 1
597 908 1
597 744 1
597 736 1
597 652 1
598 608 1
598 616 1
598 711 1
598 794 1
598 891 1
598 747 1
599 930 1
599 734 1
599 676 1
599 742 1
599 883 1
599 764 1
599 859 1
599 689 1
599 626 1
599 664 1
599 970 1
600 901 1
600 960 1
600 943 1
600 935 1
600 945 1
600 938 1
600 666 1
600 686 1
600 657 1
600 953 1
600 645 1
600 767 1
600 912 1
601 605 1
601 917 1
601 612 1
601 661 1
601 900 1
601 877 1
602 662 1
602 772 1
602 682 1
602 756 1
602 934 1
602 752 1
602 886 1
602 627 1
602 690 1
602 764 1
603 848 1
603 638 1
603 874 1
603 989 1
603 692 1
603 793 1
603 905 1
603 823 1
603 881 1
603 847 1
604 957 1
604 740 1
604 701 1
604 945 1
604 633 1
604 753 1
604 665 1
604 691 1
604 834 1
605 700 1
605 871 1
605 853 1
605 867 1
605 683 1
605 638 1
606 730 1
606 918 1
606 717 1
606 977 1
606 848 1
606 820 1
607 812 1
607 741 1
607 749 1
607 830 1
607 850 1
607 618 1
607 884 1
608 658 1
608 657 1
608 852 1
608 992 1
608 659 1
608 929 1
608 973 1
609 741 1
609 824 1
609 679 1
609 906 1
609 638 1
609 639 1
609 623 1
609 937 1
609 727 1
609 968 1
610 760 1
610 897 1
610 654 1
610 724 1
610 818 1
610 804 1
610 922 1
611 620 1
611 691 1
611 844 1
611 729 1
611 658 1
611 648 1
611 781 1
611 673 1
611 976 1
611 719 1
611 931 1
611 869 1
612 661 1
612 709 1
612 819 1
612 822 1
612 722 1
612 723 1
612 746 1
613 933 1
613 657 1
613 955 1
613 823 1
613 760 1
613 779 1
613 688 1
613 640 1
613 848 1
613 859 1
614 770 1
614 690 1
614 691 1
614 957 1
614 988 1
614 837 1
614 688 1
615 890 1
615 786 1
615 959 1
615 863 1
615 815 1
616 831 1
616 962 1
616 817 1
616 869 1
616 689 1
616 718 1
616 745 1
617 908 1
617 950 1
617 866 1
618 829 1
618 655 1
618 873 1
618 660 1
618 971 1
618 837 1
618 812 1
618 836 1
618 668 1
618 889 1
618 735 1
619 919 1
619 621 1
619 738 1
619 972 1
620 644 1
621 712 1
621 885 1
621 716 1
621 819 1
621 642 1
621 651 1
621 893 1
622 694 1
622 753 1
622 876 1
622 925 1
622 808 1
623 638 1
623 919 1
623 915 1
623 686 1
624 726 1
624 898 1
624 945 1
624 861 1
624 978 1
624 811 1
624 687 1
625 686 1
625 847 1
625 697 1
625 792 1
625 700 1
625 675 1
625 886 1
625 821 1
626 907 1
626 681 1
626 648 1
626 739 1
626 900 1
626 885 1
626 807 1
626 671 1
626 979 1
626 742 1
626 905 1
627 644 1
627 923 1
627 682 1
627 698 1
627 968 1
627 672 1
627 792 1
627 651 1
627 905 1
627 878 1
627 999 1
628 888 1
628 812 1
628 783 1
628 674 1
628 824 1
628 694 1
628 984 1
628 944 1
629 657 1
629 763 1
629 935 1
629 653 1
629 824 1
629 706 1
629 638 1
629 984 1
630 705 1
630 797 1
630 958 1
630 675 1
630 699 1
630 810 1
630 664 1
630 640 1
631 690 1
631 965 1
631 909 1
631 757 1
631 729 1
632 869 1
632 818 1
632 647 1
632 906 1
632 895 1
632 974 1
632 776 1
632 747 1
632 640 1
632 758 1
633 661 1
633 678 1
633 787 1
633 997 1
633 679 1
633 847 1
633 750 1
633 634 1
633 959 1
633 747 1
634 974 1
634 980 1
634 829 1
634 858 1
634 899 1
634 920 1
634 978 1
634 688 1
635 781 1
635 718 1
635 856 1
635 721 1
635 870 1
635 821 1
635 863 1
635 832 1
635 950 1
635 785 1
635 769 1
636 647 1
636 689 1
636 831 1
636 730 1
636 852 1
636 901 1
636 672 1
637 807 1
637 973 1
637 849 1
637 929 1
637 727 1
637 935 1
637 880 1
637 651 1
638 870 1
638 711 1
638 818 1
638 784 1
638 641 1
639 887 1
639 708 1
639 661 1
639 806 1
639 997 1
639 993 1
639 961 1
639 755 1
640 677 1
640 730 1
640 992 1
640 923 1
640 995 1
640 719 1
640 776 1
640 924 1
640 702 1
641 840 1
641 810 1
641 995 1
641 916 1
641 818 1
641 749 1
642 789 1
642 945 1
642 804 1
642 652 1
642 725 1
642 737 1
642 643 1
642 949 1
642 766 1
643 790 1
643 836 1
643 956 1
643 757 1
643 783 1
643 717 1
643 774 1
643 955 1
643 687 1
643 755 1
644 787 1
644 709 1
644 786 1
644 999 1
644 699 1
644 690 1
644 731 1
645 975 1
645 817 1
645 913 1
645 733 1
645 774 1
645 813 1
646 749 1
646 968 1
646 740 1
646 714 1
646 977 1
646 879 1
646 913 1
646 922 1
646 785 1
646 795 1
646 860 1
647 873 1
647 666 1
647 782 1
647 841 1
647 715 1
647 763 1
648 780 1
648 755 1
648 956 1
648 691 1
648 869 1
648 998 1
649 698 1
649 943 1
649 728 1
649 935 1
649 869 1
649 945 1
649 972 1
649 910 1
650 680 1
650 740 1
650 866 1
650 898 1
650 936 1
651 802 1
651 837 1
651 719 1
651 949 1
652 839 1
652 874 1
652 827 1
652 808 1
652 872 1
653 820 1
653 930 1
653 666 1
653 712 1
653 751 1
653 941 1
653 875 1
654 954 1
654 875 1
654 918 1
654 833 1
654 995 1
654 854 1
654 943 1
655 684 1
655 935 1
655 835 1
655 664 1
655 817 1
655 963 1
655 747 1
655 853 1
655 785 1
655 973 1
655 895 1
655 832 1
655 974 1
655 704 1
656 667 1
656 735 1
656 856 1
656 881 1
656 749 1
656 675 1
656 678 1
656 834 1
656 849 1
656 926 1
657 876 1
657 818 1
657 979 1
658 754 1
658 984 1
658 986 1
658 788 1
658 998 1
658 989 1
658 848 1
658 757 1
658 698 1
658 857 1
658 985 1
658 664 1
658 991 1
659 803 1
659 797 1
659 831 1
659 927 1
659 944 1
659 977 1
659 865 1
659 899 1
659 686 1
659 785 1
660 731 1
660 753 1
660 823 1
660 721 1
660 818 1
660 766 1
661 715 1
661 747 1
661 883 1
661 780 1
661 724 1
661 752 1
661 888 1
661 896 1
661 901 1
661 756 1
662 927 1
662 733 1
662 921 1
662 910 1
662 954 1
662 837 1
663 905 1
663 991 1
663 884 1
663 866 1
663 704 1
663 749 1
663 767 1
664 805 1
664 680 1
664 688 1
664 930 1
665 875 1
665 719 1
665 666 1
665 827 1
665 950 1
665 998 1
665 889 1
665 920 1
666 996 1
666 701 1
666 772 1
666 961 1
666 726 1
666 700 1
666 738 1
667 748 1
667 689 1
667 850 1
668 987 1
668 814 1
668 728 1
668 846 1
668 913 1
668 719 1
668 968 1
668 970 1
668 749 1
668 842 1
668 804 1
668 734 1
668 875 1
669 985 1
669 746 1
669 914 1
669 673 1
669 745 1
669 933 1
669 775 1
669 676 1
669 890 1
669 995 1
670 845 1
670 796 1
670 851 1
670 813 1
670 956 1
671 811 1
671 867 1
671 842 1
671 688 1
671 779 1
671 796 1
671 696 1
671 880 1
672 835 1
672 979 1
673 747 1
673 941 1
673 807 1
673 725 1
673 763 1
673 1000 1
673 968 1
673 772 1
673 738 1
674 863 1
674 755 1
674 699 1
675 917 1
675 692 1
675 762 1
675 887 1
675 876 1
676 917 1
676 793 1
676 1000 1
676 710 1
676 881 1
676 835 1
676 992 1
677 725 1
677 816 1
677 750 1
677 694 1
677 882 1
677 982 1
678 720 1
678 807 1
678 896 1
678 696 1
678 781 1
678 961 1
678 883 1
679 940 1
679 836 1
679 928 1
679 869 1
679 944 1
680 834 1
680 896 1
680 874 1
680 687 1
680 753 1
681 979 1
681 867 1
681 860 1
681 762 1
681 739 1
681 943 1
681 719 1
682 923 1
682 915 1
682 918 1
682 841 1
682 692 1
682 955 1
682 780 1
683 915 1
683 798 1
683 942 1
683 782 1
684 814 1
684 883 1
684 849 1
684 845 1
684 810 1
685 746 1
685 764 1
685 749 1
685 759 1
685 706 1
685 863 1
685 879 1
685 899 1
685 806 1
685 774 1
686 927 1
686 838 1
686 985 1
686 694 1
686 946 1
686 939 1
686 736 1
686 790 1
686 716 1
686 976 1
686 868 1
687 726 1
687 785 1
687 877 1
687 762 1
688 836 1
688 954 1
688 824 1
688 725 1
688 990 1
688 869 1
689 980 1
689 954 1
689 779 1
689 958 1
689 743 1
689 792 1
689 735 1
690 939 1
690 756 1
690 746 1
690 743 1
690 696 1
691 734 1
691 721 1
691 892 1
691 787 1
691 851 1
691 885 1
691 965 1
691 977 1
691 752 1
692 868 1
692 986 1
693 986 1
693 899 1
693 948 1
693 710 1
693 920 1
693 778 1
693 905 1
693 918 1
693 706 1
693 888 1
693 935 1
694 765 1
694 768 1
694 833 1
694 787 1
695 990 1
695 711 1
695 975 1
695 879 1
695 701 1
695 1000 1
695 911 1
695 732 1
695 853 1
695 922 1
696 920 1
696 708 1
696 906 1
696 866 1
696 949 1
696 777 1
696 939 1
696 805 1
696 814 1
697 716 1
697 748 1
697 755 1
697 698 1
697 999 1
697 770 1
697 955 1
697 733 1
698 997 1
698 783 1
698 958 1
698 956 1
698 950 1
698 700 1
698 875 1
698 876 1
699 707 1
699 913 1
699 940 1
699 948 1
699 750 1
700 855 1
700 707 1
700 926 1
700 789 1
700 782 1
700 827 1
700 945 1
701 902 1
701 950 1
701 738 1
702 887 1
702 774 1
702 705 1
702 901 1
702 923 1
703 913 1
703 935 1
703 840 1
703 874 1
703 783 1
703 859 1
703 853 1
703 757 1
703 982 1
703 930 1
704 994 1
704 779 1
704 794 1
704 840 1
704 907 1
705 756 1
705 738 1
705 715 1
705 962 1
705 941 1
705 864 1
705 898 1
706 716 1
706 805 1
706 853 1
706 712 1
707 794 1
707 802 1
707 911 1
708 847 1
708 918 1
708 776 1
708 914 1
708 887 1
709 977 1
709 764 1
709 973 1
709 871 1
709 751 1
709 841 1
709 908 1
709 806 1
709 992 1
709 980 1
710 870 1
710 733 1
710 844 1
710 740 1
710 893 1
710 873 1
710 983 1
710 742 1
710 768 1
710 872 1
710 749 1
710 858 1
711 829 1
711 864 1
711 971 1
711 794 1
712 814 1
712 927 1
712 860 1
712 804 1
712 737 1
713 921 1
713 954 1
713 992 1
713 747 1
713 989 1
714 898 1
714 834 1
714 871 1
714 844 1
714 909 1
714 925 1
715 913 1
715 770 1
715 729 1
715 877 1
715 984 1
715 796 1
715 886 1
716 721 1
716 987 1
716 742 1
716 833 1
716 780 1
716 962 1
716 886 1
716 981 1
716 978 1
716 950 1
716 724 1
717 864 1
717 859 1
717 935 1
717 753 1
717 983 1
717 827 1
717 777 1
718 916 1
718 991 1
718 912 1
718 740 1
718 814 1
718 829 1
718 741 1
718 793 1
718 760 1
719 879 1
719 950 1
719 760 1
720 762 1
720 875 1
720 820 1
720 973 1
720 833 1
720 740 1
720 782 1
721 744 1
721 971 1
721 955 1
721 934 1
721 850 1
722 801 1
722 990 1
722 945 1
723 750 1
723 823 1
723 801 1
723 828 1
723 778 1
723 997 1
724 751 1
725 857 1
725 938 1
725 927 1
725 842 1
725 839 1
725 739 1
725 893 1
725 972 1
726 917 1
726 865 1
726 836 1
726 816 1
726 920 1
727 961 1
727 778 1
727 992 1
727 951 1
727 938 1
727 979 1
727 744 1
728 985 1
728 895 1
728 900 1
728 736 1
728 910 1
729 913 1
729 752 1
729 946 1
729 872 1
729 933 1
730 968 1
730 790 1
730 940 1
730 864 1
730 893 1
730 883 1
730 923 1
730 955 1
730 781 1
731 941 1
731 856 1
731 878 1
731 921 1
731 857 1
731 895 1
732 847 1
732 764 1
732 767 1
732 888 1
732 890 1
732 857 1
733 794 1
733 908 1
733 832 1
733 844 1
733 739 1
734 799 1
734 822 1
734 771 1
734 872 1
734 864 1
735 902 1
735 874 1
736 812 1
736 830 1
737 808 1
737 965 1
737 889 1
737 971 1
737 772 1
737 878 1
738 769 1
738 897 1
738 985 1
738 811 1
738 739 1
738 741 1
739 992 1
739 778 1
739 929 1
739 891 1
739 886 1
740 861 1
740 791 1
741 909 1
741 783 1
741 989 1
741 764 1
742 800 1
742 873 1
742 772 1
742 781 1
742 811 1
742 774 1
743 800 1
743 879 1
743 893 1
743 796 1
744 919 1
744 999 1
744 845 1
745 842 1
745 942 1
745 864 1
746 765 1
746 819 1
746 851 1
746 913 1
746 949 1
747 870 1
747 967 1
747 864 1
747 827 1
747 789 1
747 794 1
747 782 1
747 772 1
747 978 1
748 957 1
748 981 1
748 916 1
749 941 1
750 802 1
750 903 1
750 959 1
751 793 1
751 831 1
751 771 1
751 918 1
751 941 1
751 868 1
752 795 1
752 897 1
752 969 1
753 885 1
754 764 1
755 948 1
755 888 1
755 836 1
755 949 1
755 855 1
755 822 1
756 902 1
756 961 1
756 839 1
757 784 1
757 808 1
757 902 1
758 782 1
758 905 1
758 891 1
758 851 1
759 895 1
759 916 1
759 771 1
760 826 1
760 948 1
761 829 1
761 949 1
761 991 1
761 809 1
761 808 1
762 813 1
762 932 1
763 882 1
763 944 1
763 894 1
764 853 1
764 983 1
764 837 1
764 943 1
764 860 1
764 945 1
764 942 1
764 906 1
764 776 1
764 784 1
764 921 1
765 791 1
765 802 1
765 868 1
765 799 1
765 929 1
765 986 1
765 917 1
765 933 1
766 860 1
766 863 1
766 877 1
766 945 1
766 855 1
766 828 1
766 816 1
766 985 1
766 854 1
766 850 1
766 867 1
766 967 1
767 790 1
767 865 1
767 769 1
767 948 1
767 930 1
768 897 1
768 802 1
768 988 1
769 872 1
769 963 1
769 921 1
769 1000 1
769 937 1
769 871 1
769 893 1
769 824 1
770 923 1
770 965 1
770 979 1
771 923 1
771 839 1
771 796 1
771 914 1
771 811 1
771 859 1
771 968 1
772 978 1
772 840 1
772 969 1
773 938 1
773 909 1
773 841 1
774 875 1
774 878 1
774 828 1
774 945 1
774 808 1
774 943 1
774 874 1
775 864 1
775 821 1
775 959 1
775 791 1
775 812 1
775 823 1
776 889 1
776 962 1
776 912 1
776 988 1
777 815 1
777 804 1
777 803 1
777 892 1
777 866 1
777 785 1
777 930 1
778 852 1
778 885 1
778 853 1
778 789 1
779 914 1
779 958 1
779 990 1
780 820 1
780 827 1
780 856 1
780 844 1
780 958 1
781 854 1
781 962 1
781 965 1
781 786 1
781 943 1
781 857 1
781 825 1
782 908 1
782 944 1
783 887 1
783 796 1
783 897 1
783 935 1
784 820 1
784 828 1
784 802 1
784 943 1
784 858 1
784 966 1
784 805 1
785 794 1
785 946 1
785 798 1
786 816 1
786 981 1
787 995 1
787 855 1
787 844 1
787 930 1
787 945 1
787 847 1
787 887 1
787 802 1
787 999 1
787 961 1
788 853 1
788 871 1
788 966 1
788 886 1
788 891 1
789 982 1
789 872 1
789 927 1
789 965 1
789 898 1
790 975 1
790 970 1
790 895 1
790 877 1
791 837 1
791 852 1
792 828 1
792 890 1
792 841 1
792 829 1
793 965 1
793 990 1
793 878 1
793 865 1
793 976 1
794 848 1
794 843 1
794 865 1
794 890 1
794 867 1
795 928 1
795 946 1
796 892 1
796 972 1
796 852 1
796 923 1
796 797 1
796 859 1
797 852 1
797 846 1
797 862 1
797 864 1
797 905 1
798 973 1
799 999 1
799 804 1
799 807 1
799 942 1
799 927 1
799 837 1
799 916 1
799 914 1
800 996 1
800 952 1
800 939 1
800 875 1
801 865 1
801 945 1
801 916 1
802 862 1
802 867 1
802 947 1
802 887 1
802 986 1
802 994 1
802 982 1
803 955 1
803 804 1
803 850 1
803 922 1
804 916 1
805 821 1
805 990 1
805 877 1
805 817 1
806 998 1
806 818 1
806 925 1
808 948 1
809 948 1
809 814 1
809 877 1
809 970 1
809 957 1
809 873 1
809 995 1
810 944 1
810 919 1
810 817 1
810 948 1
810 960 1
810 936 1
810 851 1
810 915 1
811 988 1
811 843 1
811 837 1
811 855 1
811 978 1
811 866 1
811 995 1
812 921 1
812 846 1
813 884 1
813 910 1
813 924 1
813 964 1
813 878 1
813 840 1
814 825 1
814 913 1
814 990 1
815 977 1
815 971 1
815 898 1
816 859 1
816 826 1
816 990 1
816 944 1
816 849 1
816 933 1
817 840 1
817 952 1
817 824 1
817 904 1
817 953 1
817 826 1
818 898 1
818 956 1
818 836 1
818 990 1
818 838 1
818 940 1
819 990 1
819 975 1
819 878 1
820 921 1
820 961 1
820 1000 1
820 875 1
820 922 1
821 983 1
821 989 1
821 826 1
821 864 1
822 865 1
822 881 1
822 858 1
822 911 1
823 847 1
823 831 1
824 889 1
824 990 1
824 848 1
824 993 1
825 859 1
825 947 1
825 901 1
826 991 1
826 961 1
826 864 1
827 973 1
827 890 1
827 858 1
827 930 1
827 869 1
828 862 1
828 890 1
829 977 1
829 855 1
829 961 1
830 884 1
830 904 1
831 881 1
831 971 1
831 983 1
832 922 1
832 945 1
833 840 1
833 936 1
834 866 1
834 894 1
835 914 1
835 880 1
835 859 1
835 916 1
836 916 1
836 906 1
836 923 1
836 964 1
837 920 1
837 945 1
837 980 1
838 948 1
838 890 1
838 971 1
838 863 1
838 864 1
838 998 1
839 995 1
839 977 1
839 845 1
840 904 1
841 921 1
841 868 1
841 966 1
841 859 1
842 940 1
842 944 1
843 848 1
843 869 1
843 902 1
843 930 1
844 899 1
844 970 1
844 902 1
844 978 1
845 991 1
846 868 1
846 963 1
846 904 1
846 952 1
846 872 1
847 895 1
847 933 1
848 928 1
848 898 1
848 881 1
848 891 1
848 860 1
848 989 1
848 867 1
849 979 1
849 970 1
850 996 1
850 960 1
850 858 1
850 973 1
851 910 1
851 961 1
852 927 1
852 917 1
853 870 1
853 898 1
853 970 1
853 940 1
853 946 1
854 931 1
854 985 1
854 981 1
854 978 1
855 988 1
856 873 1
856 865 1
857 908 1
857 935 1
858 998 1
858 935 1
858 893 1
858 886 1
859 876 1
859 967 1
860 885 1
861 911 1
861 902 1
861 939 1
862 936 1
862 881 1
862 964 1
862 944 1
863 982 1
863 886 1
863 988 1
864 885 1
864 951 1
865 920 1
865 913 1
865 953 1
865 934 1
865 936 1
866 970 1
866 920 1
867 935 1
867 971 1
867 999 1
868 876 1
869 993 1
869 991 1
869 931 1
869 913 1
869 968 1
869 932 1
870 877 1
870 994 1
871 907 1
872 894 1
872 935 1
872 966 1
872 922 1
873 937 1
873 927 1
874 895 1
874 969 1
874 956 1
875 949 1
875 979 1
875 988 1
876 999 1
876 965 1
876 902 1
876 928 1
876 908 1
877 990 1
878 964 1
878 934 1
879 894 1
879 945 1
879 881 1
880 890 1
880 959 1
880 934 1
880 920 1
881 900 1
882 928 1
882 973 1
884 998 1
884 977 1
884 907 1
884 909 1
885 997 1
885 922 1
886 989 1
887 994 1
887 983 1
888 978 1
888 898 1
888 980 1
888 996 1
888 967 1
888 957 1
889 897 1
889 989 1
889 986 1
889 906 1
890 927 1
890 938 1
890 914 1
891 975 1
891 925 1
891 964 1
891 898 1
891 911 1
891 974 1
891 895 1
892 937 1
892 933 1
892 974 1
893 925 1
894 984 1
895 986 1
896 957 1
896 947 1
896 964 1
896 971 1
897 958 1
897 984 1
898 998 1
899 931 1
899 946 1
899 952 1
901 991 1
901 922 1
902 916 1
902 959 1
902 918 1
902 989 1
903 999 1
904 923 1
905 923 1
906 926 1
906 908 1
907 968 1
908 986 1
908 919 1
909 956 1
910 967 1
911 976 1
911 1000 1
912 990 1
912 916 1
912 981 1
913 924 1
913 947 1
914 939 1
914 957 1
915 952 1
917 982 1
917 941 1
918 992 1
918 959 1
920 999 1
920 970 1
921 972 1
921 996 1
922 979 1
922 926 1
923 976 1
924 943 1
924 989 1
925 928 1
926 981 1
927 1000 1
928 1000 1
929 956 1
929 991 1
930 955 1
930 964 1
930 982 1
932 938 1
934 984 1
934 990 1
934 959 1
935 963 1
935 994 1
937 985 1
937 957 1
937 965 1
938 997 1
938 964 1
940 976 1
941 966 1
942 972 1
942 987 1
942 969 1
944 962 1
945 987 1
945 986 1
947 962 1
948 1000 1
951 996 1
954 1000 1
956 993 1
959 970 1
959 969 1
960 985 1
961 991 1
962 980 1
962 999 1
962 969 1
964 969 1
964 974 1
971 999 1
975 1000 1
975 982 1
984 1000 1
986 992 1
990 997 1
