1000 5909 
1 5 1
1 6 1
1 8 1
1 11 1
1 14 1
1 15 1
1 16 1
1 17 1
1 21 1
1 26 1
1 28 1
1 30 1
1 31 1
1 41 1
1 44 1
1 46 1
1 62 1
1 67 1
1 70 1
1 71 1
1 76 1
1 85 1
1 92 1
1 93 1
1 107 1
1 111 1
1 117 1
1 126 1
1 129 1
1 146 1
1 155 1
1 158 1
1 159 1
1 162 1
1 163 1
1 170 1
1 171 1
1 181 1
1 187 1
1 208 1
1 216 1
1 229 1
1 238 1
1 242 1
1 249 1
1 267 1
1 268 1
1 294 1
1 298 1
1 339 1
1 361 1
1 374 1
1 377 1
1 400 1
1 405 1
1 406 1
1 425 1
1 434 1
1 479 1
1 519 1
1 545 1
1 557 1
1 564 1
1 572 1
1 580 1
1 581 1
1 608 1
1 614 1
1 621 1
1 656 1
1 657 1
1 661 1
1 667 1
1 678 1
1 704 1
1 707 1
1 716 1
1 774 1
1 785 1
1 818 1
1 822 1
1 842 1
1 943 1
1 961 1
1 987 1
1 991 1
1 2 1
1 3 1
1 4 1
1 7 1
1 18 1
1 32 1
1 40 1
1 43 1
1 54 1
1 55 1
1 57 1
1 63 1
1 97 1
1 102 1
1 105 1
1 109 1
1 127 1
1 157 1
1 160 1
1 174 1
1 179 1
1 190 1
1 191 1
1 192 1
1 213 1
1 234 1
1 255 1
1 284 1
1 330 1
1 347 1
1 358 1
1 388 1
1 398 1
1 430 1
1 432 1
1 437 1
1 438 1
1 469 1
1 475 1
1 502 1
1 538 1
1 569 1
1 737 1
1 754 1
1 763 1
1 876 1
1 911 1
1 915 1
1 920 1
1 924 1
1 946 1
1 947 1
1 999 1
2 7 1
2 12 1
2 16 1
2 18 1
2 23 1
2 25 1
2 27 1
2 32 1
2 33 1
2 39 1
2 43 1
2 63 1
2 72 1
2 95 1
2 98 1
2 139 1
2 147 1
2 179 1
2 191 1
2 200 1
2 202 1
2 212 1
2 261 1
2 266 1
2 285 1
2 338 1
2 371 1
2 384 1
2 390 1
2 399 1
2 417 1
2 510 1
2 525 1
2 550 1
2 572 1
2 626 1
2 651 1
2 680 1
2 738 1
2 792 1
2 802 1
2 824 1
2 897 1
2 898 1
2 913 1
2 949 1
2 973 1
2 3 1
2 4 1
2 5 1
2 8 1
2 9 1
2 10 1
2 13 1
2 14 1
2 15 1
2 28 1
2 64 1
2 71 1
2 75 1
2 76 1
2 104 1
2 122 1
2 150 1
2 153 1
2 180 1
2 207 1
2 214 1
2 220 1
2 265 1
2 270 1
2 273 1
2 288 1
2 302 1
2 304 1
2 305 1
2 319 1
2 346 1
2 375 1
2 377 1
2 389 1
2 415 1
2 430 1
2 431 1
2 441 1
2 451 1
2 513 1
2 518 1
2 543 1
2 571 1
2 599 1
2 603 1
2 607 1
2 609 1
2 613 1
2 618 1
2 631 1
2 685 1
2 704 1
2 712 1
2 724 1
2 760 1
2 766 1
2 787 1
2 788 1
2 827 1
2 864 1
2 908 1
2 915 1
2 940 1
2 957 1
3 9 1
3 11 1
3 14 1
3 17 1
3 20 1
3 23 1
3 24 1
3 30 1
3 48 1
3 58 1
3 60 1
3 64 1
3 65 1
3 79 1
3 89 1
3 94 1
3 100 1
3 103 1
3 105 1
3 112 1
3 119 1
3 131 1
3 141 1
3 144 1
3 177 1
3 182 1
3 204 1
3 215 1
3 225 1
3 232 1
3 245 1
3 246 1
3 251 1
3 253 1
3 255 1
3 278 1
3 286 1
3 293 1
3 301 1
3 307 1
3 312 1
3 323 1
3 349 1
3 356 1
3 357 1
3 364 1
3 368 1
3 369 1
3 383 1
3 410 1
3 456 1
3 458 1
3 459 1
3 491 1
3 492 1
3 512 1
3 529 1
3 556 1
3 612 1
3 648 1
3 658 1
3 662 1
3 715 1
3 761 1
3 792 1
3 805 1
3 817 1
3 845 1
3 853 1
3 878 1
3 885 1
3 919 1
3 923 1
3 933 1
3 944 1
3 989 1
3 993 1
3 4 1
3 5 1
3 6 1
3 7 1
3 8 1
3 10 1
3 16 1
3 18 1
3 21 1
3 25 1
3 32 1
3 45 1
3 71 1
3 76 1
3 80 1
3 81 1
3 88 1
3 97 1
3 99 1
3 106 1
3 130 1
3 140 1
3 146 1
3 161 1
3 183 1
3 192 1
3 196 1
3 200 1
3 210 1
3 235 1
3 249 1
3 257 1
3 267 1
3 273 1
3 285 1
3 291 1
3 304 1
3 321 1
3 327 1
3 333 1
3 335 1
3 352 1
3 378 1
3 394 1
3 406 1
3 418 1
3 421 1
3 475 1
3 486 1
3 496 1
3 521 1
3 546 1
3 580 1
3 595 1
3 640 1
3 646 1
3 660 1
3 678 1
3 682 1
3 719 1
3 733 1
3 741 1
3 773 1
3 776 1
3 793 1
3 821 1
3 826 1
3 832 1
3 858 1
3 859 1
3 873 1
3 961 1
3 964 1
3 969 1
3 975 1
3 976 1
3 994 1
4 8 1
4 19 1
4 22 1
4 23 1
4 40 1
4 46 1
4 47 1
4 51 1
4 142 1
4 147 1
4 148 1
4 174 1
4 180 1
4 184 1
4 246 1
4 251 1
4 278 1
4 339 1
4 352 1
4 364 1
4 371 1
4 401 1
4 448 1
4 497 1
4 525 1
4 531 1
4 638 1
4 643 1
4 649 1
4 664 1
4 665 1
4 712 1
4 735 1
4 804 1
4 844 1
4 858 1
4 912 1
4 5 1
4 6 1
4 7 1
4 9 1
4 11 1
4 12 1
4 15 1
4 21 1
4 26 1
4 31 1
4 33 1
4 39 1
4 48 1
4 52 1
4 54 1
4 56 1
4 57 1
4 61 1
4 69 1
4 75 1
4 80 1
4 81 1
4 86 1
4 88 1
4 95 1
4 103 1
4 105 1
4 128 1
4 131 1
4 162 1
4 164 1
4 169 1
4 175 1
4 218 1
4 228 1
4 236 1
4 244 1
4 261 1
4 279 1
4 296 1
4 331 1
4 336 1
4 348 1
4 386 1
4 420 1
4 430 1
4 455 1
4 460 1
4 498 1
4 511 1
4 548 1
4 583 1
4 636 1
4 642 1
4 662 1
4 679 1
4 694 1
4 796 1
4 798 1
4 841 1
4 864 1
4 886 1
4 960 1
4 970 1
5 10 1
5 13 1
5 44 1
5 45 1
5 47 1
5 64 1
5 75 1
5 77 1
5 78 1
5 93 1
5 112 1
5 113 1
5 124 1
5 138 1
5 140 1
5 145 1
5 156 1
5 158 1
5 183 1
5 197 1
5 201 1
5 205 1
5 246 1
5 257 1
5 263 1
5 289 1
5 291 1
5 300 1
5 332 1
5 343 1
5 345 1
5 346 1
5 370 1
5 374 1
5 392 1
5 397 1
5 439 1
5 459 1
5 467 1
5 469 1
5 485 1
5 496 1
5 497 1
5 515 1
5 536 1
5 541 1
5 554 1
5 603 1
5 631 1
5 647 1
5 665 1
5 704 1
5 729 1
5 740 1
5 755 1
5 823 1
5 828 1
5 856 1
5 865 1
5 881 1
5 882 1
5 895 1
5 909 1
5 6 1
5 8 1
5 9 1
5 11 1
5 14 1
5 19 1
5 20 1
5 26 1
5 28 1
5 29 1
5 31 1
5 35 1
5 38 1
5 42 1
5 49 1
5 74 1
5 94 1
5 103 1
5 117 1
5 122 1
5 126 1
5 128 1
5 134 1
5 135 1
5 161 1
5 162 1
5 208 1
5 212 1
5 225 1
5 227 1
5 230 1
5 233 1
5 235 1
5 239 1
5 268 1
5 290 1
5 299 1
5 301 1
5 325 1
5 339 1
5 357 1
5 369 1
5 373 1
5 379 1
5 452 1
5 474 1
5 537 1
5 558 1
5 566 1
5 596 1
5 653 1
5 659 1
5 697 1
5 712 1
5 723 1
5 753 1
5 842 1
5 875 1
5 917 1
5 923 1
5 943 1
5 961 1
5 992 1
5 995 1
6 9 1
6 20 1
6 26 1
6 28 1
6 36 1
6 42 1
6 45 1
6 57 1
6 60 1
6 62 1
6 70 1
6 74 1
6 77 1
6 85 1
6 90 1
6 102 1
6 117 1
6 169 1
6 206 1
6 215 1
6 233 1
6 247 1
6 257 1
6 272 1
6 286 1
6 296 1
6 318 1
6 328 1
6 357 1
6 358 1
6 360 1
6 363 1
6 382 1
6 383 1
6 394 1
6 504 1
6 535 1
6 560 1
6 581 1
6 595 1
6 611 1
6 642 1
6 669 1
6 682 1
6 708 1
6 787 1
6 796 1
6 845 1
6 877 1
6 884 1
6 1000 1
6 11 1
6 12 1
6 19 1
6 21 1
6 25 1
6 37 1
6 41 1
6 50 1
6 61 1
6 89 1
6 125 1
6 126 1
6 147 1
6 167 1
6 181 1
6 205 1
6 217 1
6 334 1
6 341 1
6 404 1
6 413 1
6 419 1
6 446 1
6 508 1
6 515 1
6 523 1
6 532 1
6 562 1
6 604 1
6 632 1
6 651 1
6 654 1
6 673 1
6 705 1
6 773 1
6 836 1
6 961 1
6 966 1
6 982 1
7 12 1
7 16 1
7 19 1
7 21 1
7 25 1
7 27 1
7 35 1
7 39 1
7 46 1
7 49 1
7 51 1
7 52 1
7 53 1
7 66 1
7 82 1
7 148 1
7 153 1
7 179 1
7 202 1
7 217 1
7 235 1
7 262 1
7 321 1
7 391 1
7 400 1
7 420 1
7 451 1
7 455 1
7 531 1
7 533 1
7 548 1
7 562 1
7 587 1
7 609 1
7 655 1
7 663 1
7 664 1
7 675 1
7 679 1
7 757 1
7 759 1
7 773 1
7 827 1
7 863 1
7 875 1
7 898 1
7 915 1
7 953 1
7 969 1
7 976 1
7 18 1
7 54 1
7 80 1
7 109 1
7 249 1
7 361 1
7 378 1
7 498 1
7 510 1
7 569 1
7 681 1
7 736 1
7 811 1
7 946 1
7 994 1
8 15 1
8 44 1
8 47 1
8 92 1
8 113 1
8 118 1
8 124 1
8 130 1
8 185 1
8 218 1
8 239 1
8 240 1
8 308 1
8 345 1
8 346 1
8 348 1
8 372 1
8 431 1
8 507 1
8 543 1
8 552 1
8 592 1
8 881 1
8 947 1
8 10 1
8 13 1
8 14 1
8 16 1
8 17 1
8 20 1
8 22 1
8 23 1
8 27 1
8 30 1
8 34 1
8 35 1
8 36 1
8 46 1
8 53 1
8 78 1
8 87 1
8 91 1
8 104 1
8 111 1
8 114 1
8 115 1
8 161 1
8 163 1
8 207 1
8 220 1
8 222 1
8 229 1
8 242 1
8 252 1
8 265 1
8 270 1
8 281 1
8 283 1
8 297 1
8 305 1
8 312 1
8 332 1
8 342 1
8 352 1
8 354 1
8 364 1
8 375 1
8 466 1
8 470 1
8 472 1
8 478 1
8 487 1
8 504 1
8 522 1
8 541 1
8 550 1
8 609 1
8 619 1
8 670 1
8 674 1
8 704 1
8 726 1
8 727 1
8 771 1
8 797 1
8 809 1
8 856 1
8 860 1
8 891 1
8 901 1
8 907 1
8 925 1
8 932 1
8 943 1
8 981 1
9 10 1
9 13 1
9 34 1
9 37 1
9 45 1
9 54 1
9 56 1
9 58 1
9 59 1
9 60 1
9 75 1
9 78 1
9 127 1
9 131 1
9 134 1
9 136 1
9 175 1
9 190 1
9 196 1
9 201 1
9 203 1
9 233 1
9 241 1
9 270 1
9 289 1
9 299 1
9 388 1
9 430 1
9 526 1
9 553 1
9 591 1
9 601 1
9 625 1
9 632 1
9 687 1
9 772 1
9 830 1
9 865 1
9 889 1
9 939 1
9 951 1
9 15 1
9 28 1
9 29 1
9 42 1
9 48 1
9 51 1
9 62 1
9 64 1
9 68 1
9 85 1
9 92 1
9 108 1
9 112 1
9 113 1
9 121 1
9 128 1
9 129 1
9 142 1
9 169 1
9 187 1
9 195 1
9 206 1
9 211 1
9 237 1
9 240 1
9 247 1
9 294 1
9 318 1
9 325 1
9 348 1
9 373 1
9 399 1
9 426 1
9 444 1
9 453 1
9 459 1
9 462 1
9 464 1
9 483 1
9 493 1
9 525 1
9 533 1
9 566 1
9 582 1
9 584 1
9 606 1
9 616 1
9 665 1
9 667 1
9 675 1
9 688 1
9 796 1
9 842 1
9 892 1
9 900 1
9 922 1
9 934 1
9 945 1
9 956 1
9 967 1
9 971 1
9 973 1
9 986 1
9 991 1
10 29 1
10 37 1
10 38 1
10 58 1
10 64 1
10 79 1
10 83 1
10 106 1
10 140 1
10 176 1
10 177 1
10 190 1
10 194 1
10 196 1
10 231 1
10 253 1
10 280 1
10 305 1
10 327 1
10 398 1
10 416 1
10 450 1
10 501 1
10 536 1
10 570 1
10 582 1
10 666 1
10 690 1
10 722 1
10 826 1
10 882 1
10 903 1
10 994 1
10 13 1
10 16 1
10 17 1
10 22 1
10 24 1
10 30 1
10 36 1
10 45 1
10 65 1
10 70 1
10 71 1
10 96 1
10 146 1
10 156 1
10 158 1
10 166 1
10 214 1
10 216 1
10 243 1
10 259 1
10 267 1
10 283 1
10 300 1
10 311 1
10 319 1
10 321 1
10 427 1
10 435 1
10 484 1
10 499 1
10 503 1
10 506 1
10 528 1
10 540 1
10 542 1
10 553 1
10 554 1
10 602 1
10 605 1
10 607 1
10 649 1
10 682 1
10 687 1
10 756 1
10 818 1
10 844 1
10 861 1
10 869 1
10 897 1
10 928 1
11 14 1
11 20 1
11 24 1
11 31 1
11 36 1
11 55 1
11 69 1
11 71 1
11 73 1
11 80 1
11 84 1
11 86 1
11 91 1
11 114 1
11 221 1
11 225 1
11 247 1
11 258 1
11 277 1
11 310 1
11 318 1
11 367 1
11 373 1
11 394 1
11 396 1
11 432 1
11 475 1
11 494 1
11 537 1
11 612 1
11 629 1
11 653 1
11 702 1
11 822 1
11 843 1
11 932 1
11 996 1
11 12 1
11 19 1
11 26 1
11 33 1
11 37 1
11 47 1
11 52 1
11 77 1
11 83 1
11 125 1
11 132 1
11 143 1
11 147 1
11 184 1
11 227 1
11 231 1
11 250 1
11 269 1
11 317 1
11 336 1
11 350 1
11 387 1
11 446 1
11 523 1
11 532 1
11 551 1
11 579 1
11 644 1
11 699 1
11 705 1
11 721 1
11 781 1
11 792 1
11 874 1
11 921 1
11 937 1
11 983 1
12 18 1
12 19 1
12 49 1
12 52 1
12 61 1
12 66 1
12 143 1
12 147 1
12 154 1
12 235 1
12 254 1
12 275 1
12 285 1
12 417 1
12 426 1
12 437 1
12 446 1
12 511 1
12 533 1
12 550 1
12 558 1
12 590 1
12 675 1
12 685 1
12 686 1
12 698 1
12 730 1
12 748 1
12 765 1
12 771 1
12 804 1
12 850 1
12 860 1
12 913 1
12 920 1
12 959 1
12 33 1
12 69 1
12 125 1
12 164 1
12 181 1
12 205 1
12 309 1
12 326 1
12 386 1
12 448 1
12 520 1
12 579 1
12 629 1
13 29 1
13 38 1
13 59 1
13 75 1
13 140 1
13 145 1
13 403 1
13 435 1
13 469 1
13 756 1
13 862 1
13 17 1
13 34 1
13 78 1
13 138 1
13 207 1
13 319 1
13 377 1
13 605 1
14 17 1
14 105 1
14 119 1
14 141 1
14 171 1
14 216 1
14 335 1
14 381 1
14 635 1
14 661 1
14 713 1
14 843 1
14 866 1
14 874 1
14 972 1
14 20 1
14 27 1
14 38 1
14 59 1
14 93 1
14 104 1
14 115 1
14 122 1
14 134 1
14 150 1
14 153 1
14 177 1
14 185 1
14 238 1
14 274 1
14 280 1
14 346 1
14 374 1
14 397 1
14 494 1
14 513 1
14 550 1
14 552 1
14 585 1
14 594 1
14 612 1
14 666 1
14 732 1
14 785 1
14 806 1
14 840 1
14 955 1
15 22 1
15 40 1
15 118 1
15 130 1
15 137 1
15 189 1
15 207 1
15 236 1
15 281 1
15 339 1
15 362 1
15 366 1
15 557 1
15 594 1
15 638 1
15 725 1
15 752 1
15 760 1
15 786 1
15 794 1
15 857 1
15 48 1
15 64 1
15 75 1
15 85 1
15 92 1
15 172 1
15 187 1
15 240 1
15 247 1
15 264 1
15 275 1
15 292 1
15 294 1
15 409 1
15 414 1
15 415 1
15 441 1
15 443 1
15 458 1
15 468 1
15 571 1
15 582 1
15 613 1
15 618 1
15 631 1
15 680 1
15 847 1
15 944 1
15 953 1
15 959 1
16 21 1
16 25 1
16 35 1
16 63 1
16 115 1
16 150 1
16 167 1
16 271 1
16 287 1
16 297 1
16 409 1
16 445 1
16 565 1
16 572 1
16 584 1
16 593 1
16 768 1
16 978 1
16 997 1
16 998 1
16 36 1
16 45 1
16 65 1
16 70 1
16 96 1
16 106 1
16 107 1
16 114 1
16 145 1
16 156 1
16 170 1
16 188 1
16 201 1
16 219 1
16 248 1
16 251 1
16 310 1
16 383 1
16 427 1
16 472 1
16 544 1
16 557 1
16 601 1
16 652 1
16 664 1
16 687 1
16 695 1
16 711 1
16 824 1
16 844 1
16 862 1
16 877 1
16 928 1
17 30 1
17 48 1
17 99 1
17 105 1
17 108 1
17 121 1
17 122 1
17 155 1
17 171 1
17 252 1
17 462 1
17 464 1
17 509 1
17 597 1
17 657 1
17 763 1
17 835 1
17 902 1
17 928 1
17 937 1
17 22 1
17 23 1
17 24 1
17 34 1
17 46 1
17 58 1
17 60 1
17 87 1
17 100 1
17 101 1
17 120 1
17 178 1
17 229 1
17 266 1
17 380 1
17 384 1
17 454 1
17 477 1
17 540 1
17 602 1
17 605 1
17 619 1
17 710 1
17 729 1
17 751 1
17 818 1
17 855 1
17 916 1
17 939 1
17 997 1
18 33 1
18 39 1
18 43 1
18 153 1
18 165 1
18 226 1
18 254 1
18 402 1
18 471 1
18 533 1
18 748 1
18 795 1
18 32 1
18 40 1
18 55 1
18 72 1
18 127 1
18 144 1
18 221 1
18 249 1
18 361 1
18 390 1
18 497 1
18 510 1
18 592 1
18 600 1
18 622 1
18 775 1
18 941 1
19 49 1
19 51 1
19 53 1
19 81 1
19 96 1
19 97 1
19 135 1
19 142 1
19 193 1
19 354 1
19 359 1
19 365 1
19 428 1
19 466 1
19 488 1
19 530 1
19 619 1
19 655 1
19 686 1
19 746 1
19 808 1
19 863 1
19 880 1
19 958 1
19 37 1
19 41 1
19 47 1
19 50 1
19 66 1
19 82 1
19 126 1
19 148 1
19 198 1
19 217 1
19 227 1
19 239 1
19 246 1
19 254 1
19 269 1
19 278 1
19 286 1
19 287 1
19 298 1
19 307 1
19 337 1
19 369 1
19 376 1
19 404 1
19 410 1
19 419 1
19 425 1
19 433 1
19 509 1
19 515 1
19 536 1
19 671 1
19 755 1
19 779 1
19 781 1
19 865 1
19 913 1
20 24 1
20 36 1
20 55 1
20 80 1
20 88 1
20 144 1
20 215 1
20 349 1
20 369 1
20 376 1
20 404 1
20 410 1
20 432 1
20 475 1
20 500 1
20 529 1
20 27 1
20 35 1
20 38 1
20 53 1
20 59 1
20 94 1
20 135 1
20 152 1
20 185 1
20 212 1
20 242 1
20 245 1
20 274 1
20 338 1
20 495 1
20 576 1
20 617 1
20 752 1
21 107 1
21 167 1
21 493 1
21 911 1
21 25 1
21 61 1
21 89 1
21 130 1
21 394 1
21 634 1
21 672 1
21 776 1
21 836 1
22 40 1
22 130 1
22 137 1
22 172 1
22 180 1
22 189 1
22 236 1
22 281 1
22 288 1
22 401 1
22 507 1
22 522 1
22 549 1
22 676 1
22 764 1
22 794 1
22 925 1
22 23 1
22 24 1
22 30 1
22 58 1
22 120 1
22 166 1
22 176 1
22 199 1
22 542 1
22 553 1
22 771 1
22 868 1
22 882 1
22 897 1
22 916 1
23 32 1
23 94 1
23 101 1
23 128 1
23 139 1
23 211 1
23 251 1
23 261 1
23 419 1
23 463 1
23 508 1
23 640 1
23 784 1
23 855 1
23 941 1
23 942 1
23 229 1
23 470 1
23 771 1
23 870 1
23 882 1
23 914 1
23 939 1
23 981 1
24 88 1
24 89 1
24 225 1
24 243 1
24 245 1
24 260 1
24 307 1
24 315 1
24 316 1
24 325 1
24 329 1
24 379 1
24 387 1
24 389 1
24 432 1
24 443 1
24 500 1
24 623 1
24 670 1
24 677 1
24 691 1
24 731 1
24 761 1
24 955 1
24 58 1
24 60 1
24 90 1
24 159 1
24 540 1
24 553 1
24 722 1
24 845 1
24 855 1
25 27 1
25 35 1
25 63 1
25 98 1
25 115 1
25 191 1
25 209 1
25 217 1
25 262 1
25 271 1
25 287 1
25 297 1
25 314 1
25 566 1
25 679 1
25 827 1
25 964 1
25 966 1
25 130 1
25 196 1
25 200 1
25 202 1
25 456 1
25 589 1
25 640 1
25 663 1
25 672 1
25 702 1
25 773 1
25 936 1
25 965 1
26 28 1
26 42 1
26 50 1
26 57 1
26 74 1
26 90 1
26 146 1
26 161 1
26 162 1
26 168 1
26 169 1
26 170 1
26 294 1
26 340 1
26 378 1
26 453 1
26 483 1
26 545 1
26 564 1
26 637 1
26 709 1
26 893 1
26 896 1
26 946 1
26 31 1
26 39 1
26 44 1
26 49 1
26 52 1
26 56 1
26 67 1
26 73 1
26 118 1
26 136 1
26 155 1
26 171 1
26 184 1
26 193 1
26 215 1
26 228 1
26 250 1
26 293 1
26 329 1
26 331 1
26 368 1
26 422 1
26 480 1
26 491 1
26 492 1
26 519 1
26 583 1
26 636 1
26 643 1
26 648 1
26 703 1
26 757 1
26 804 1
26 816 1
26 974 1
27 98 1
27 212 1
27 217 1
27 898 1
27 53 1
27 59 1
27 93 1
27 115 1
27 177 1
27 238 1
27 262 1
27 272 1
27 297 1
27 308 1
27 312 1
27 315 1
27 353 1
27 401 1
27 417 1
27 439 1
27 440 1
27 556 1
27 590 1
27 612 1
27 635 1
27 641 1
27 752 1
27 782 1
27 799 1
27 840 1
27 902 1
27 907 1
27 918 1
27 919 1
27 948 1
27 984 1
28 41 1
28 42 1
28 50 1
28 102 1
28 162 1
28 164 1
28 178 1
28 198 1
28 363 1
28 486 1
28 754 1
28 876 1
28 29 1
28 62 1
28 108 1
28 110 1
28 203 1
28 233 1
28 318 1
28 328 1
28 362 1
28 395 1
28 412 1
28 442 1
28 493 1
28 627 1
28 661 1
28 712 1
28 766 1
28 850 1
28 992 1
29 34 1
29 37 1
29 38 1
29 54 1
29 56 1
29 83 1
29 106 1
29 109 1
29 110 1
29 116 1
29 133 1
29 160 1
29 231 1
29 270 1
29 408 1
29 423 1
29 435 1
29 563 1
29 570 1
29 585 1
29 721 1
29 862 1
29 905 1
29 981 1
29 42 1
29 51 1
29 62 1
29 68 1
29 233 1
29 328 1
29 362 1
29 395 1
29 399 1
29 505 1
29 533 1
29 735 1
29 783 1
29 866 1
30 48 1
30 65 1
30 99 1
30 155 1
30 219 1
30 237 1
30 249 1
30 331 1
30 405 1
30 412 1
30 429 1
30 462 1
30 464 1
30 546 1
30 561 1
30 814 1
30 918 1
30 923 1
30 989 1
30 166 1
30 861 1
31 71 1
31 76 1
31 84 1
31 87 1
31 111 1
31 123 1
31 126 1
31 146 1
31 149 1
31 157 1
31 159 1
31 186 1
31 192 1
31 234 1
31 256 1
31 258 1
31 264 1
31 274 1
31 282 1
31 295 1
31 313 1
31 319 1
31 353 1
31 375 1
31 414 1
31 418 1
31 440 1
31 457 1
31 460 1
31 538 1
31 583 1
31 588 1
31 719 1
31 742 1
31 776 1
31 780 1
31 39 1
31 44 1
31 49 1
31 74 1
31 103 1
31 175 1
31 215 1
31 236 1
31 329 1
31 355 1
31 368 1
31 405 1
31 422 1
31 436 1
31 577 1
31 626 1
31 648 1
31 677 1
31 696 1
31 725 1
31 954 1
32 94 1
32 101 1
32 103 1
32 139 1
32 182 1
32 301 1
32 481 1
32 508 1
32 640 1
32 792 1
32 914 1
32 974 1
32 40 1
32 43 1
32 97 1
32 102 1
32 226 1
32 517 1
32 750 1
32 819 1
32 833 1
32 920 1
33 254 1
33 275 1
33 417 1
33 511 1
33 959 1
33 69 1
33 629 1
33 679 1
34 56 1
34 59 1
34 116 1
34 175 1
34 188 1
34 411 1
34 430 1
34 482 1
34 599 1
34 668 1
34 684 1
34 689 1
34 766 1
34 782 1
34 803 1
34 851 1
34 862 1
34 922 1
34 956 1
34 960 1
34 46 1
34 78 1
34 91 1
34 138 1
34 222 1
34 727 1
34 791 1
35 271 1
35 94 1
35 117 1
35 137 1
35 141 1
35 149 1
35 152 1
35 173 1
35 230 1
35 299 1
35 402 1
35 639 1
35 808 1
36 55 1
36 69 1
36 73 1
36 132 1
36 247 1
36 360 1
36 427 1
36 641 1
36 926 1
36 96 1
36 114 1
36 145 1
36 243 1
36 259 1
36 283 1
36 310 1
36 364 1
36 371 1
36 506 1
36 601 1
36 860 1
36 862 1
36 987 1
37 54 1
37 68 1
37 109 1
37 127 1
37 190 1
37 194 1
37 283 1
37 398 1
37 477 1
37 553 1
37 671 1
37 753 1
37 870 1
37 883 1
37 903 1
37 41 1
37 47 1
37 77 1
37 82 1
37 83 1
37 132 1
37 147 1
37 286 1
37 317 1
37 387 1
37 408 1
37 476 1
37 500 1
37 563 1
37 572 1
37 574 1
37 623 1
37 669 1
37 721 1
37 774 1
37 830 1
37 854 1
37 890 1
37 898 1
37 966 1
38 231 1
38 435 1
38 563 1
38 134 1
38 185 1
38 785 1
39 43 1
39 72 1
39 95 1
39 153 1
39 179 1
39 214 1
39 279 1
39 304 1
39 321 1
39 350 1
39 355 1
39 402 1
39 471 1
39 473 1
39 559 1
39 587 1
39 602 1
39 615 1
39 616 1
39 705 1
39 724 1
39 736 1
39 795 1
39 807 1
39 809 1
39 832 1
39 841 1
39 891 1
39 915 1
39 973 1
39 976 1
39 999 1
39 44 1
39 56 1
39 67 1
39 73 1
39 79 1
39 131 1
39 165 1
39 193 1
39 194 1
39 236 1
39 260 1
39 296 1
39 405 1
39 490 1
39 491 1
39 581 1
39 626 1
39 703 1
39 802 1
40 180 1
40 236 1
40 362 1
40 366 1
40 505 1
40 760 1
40 43 1
40 55 1
40 63 1
40 72 1
40 84 1
40 123 1
40 191 1
40 197 1
40 221 1
40 226 1
40 241 1
40 469 1
40 497 1
40 517 1
40 524 1
40 610 1
40 621 1
40 647 1
40 690 1
40 775 1
40 778 1
40 867 1
40 876 1
40 879 1
41 62 1
41 67 1
41 208 1
41 268 1
41 290 1
41 363 1
41 407 1
41 595 1
41 825 1
41 931 1
41 50 1
41 66 1
41 82 1
41 139 1
41 148 1
41 189 1
41 278 1
41 287 1
41 322 1
41 337 1
41 476 1
41 535 1
41 608 1
42 50 1
42 57 1
42 102 1
42 164 1
42 168 1
42 178 1
42 198 1
42 340 1
42 347 1
42 424 1
42 539 1
42 547 1
42 674 1
42 737 1
42 834 1
42 51 1
42 373 1
42 444 1
42 783 1
42 931 1
43 72 1
43 165 1
43 473 1
43 559 1
43 605 1
43 680 1
43 724 1
43 975 1
43 63 1
43 84 1
43 102 1
43 133 1
43 160 1
43 226 1
43 398 1
43 438 1
43 524 1
43 750 1
43 794 1
44 93 1
44 113 1
44 138 1
44 199 1
44 303 1
44 348 1
44 433 1
44 608 1
44 729 1
44 961 1
44 73 1
44 79 1
44 118 1
44 154 1
44 155 1
44 194 1
44 263 1
44 282 1
44 314 1
44 329 1
44 355 1
44 445 1
44 677 1
44 740 1
44 848 1
45 77 1
45 78 1
45 183 1
45 197 1
45 504 1
45 603 1
45 65 1
45 106 1
45 107 1
45 170 1
45 209 1
45 210 1
45 219 1
45 223 1
45 267 1
45 435 1
45 484 1
45 646 1
45 711 1
45 821 1
45 859 1
45 869 1
45 884 1
46 400 1
46 656 1
46 664 1
46 953 1
46 87 1
46 91 1
46 100 1
46 101 1
46 111 1
46 116 1
46 797 1
46 901 1
46 997 1
47 124 1
47 185 1
47 218 1
47 250 1
47 77 1
47 286 1
47 408 1
47 500 1
47 563 1
47 767 1
47 781 1
47 849 1
47 898 1
48 65 1
48 99 1
48 100 1
48 108 1
48 121 1
48 210 1
48 219 1
48 252 1
48 276 1
48 311 1
48 337 1
48 386 1
48 489 1
48 513 1
48 523 1
48 540 1
48 555 1
48 576 1
48 627 1
48 745 1
48 762 1
48 790 1
48 799 1
48 833 1
48 838 1
48 928 1
48 937 1
48 169 1
48 464 1
48 582 1
48 675 1
48 847 1
48 953 1
49 52 1
49 53 1
49 61 1
49 81 1
49 82 1
49 104 1
49 143 1
49 151 1
49 173 1
49 244 1
49 420 1
49 438 1
49 444 1
49 451 1
49 452 1
49 466 1
49 476 1
49 532 1
49 620 1
49 628 1
49 645 1
49 646 1
49 686 1
49 744 1
49 746 1
49 861 1
49 872 1
49 968 1
49 74 1
49 215 1
49 293 1
49 428 1
49 659 1
49 822 1
50 164 1
50 168 1
50 424 1
50 539 1
50 946 1
50 66 1
50 139 1
50 189 1
50 254 1
50 276 1
50 289 1
50 298 1
50 307 1
50 323 1
50 404 1
50 413 1
50 463 1
50 509 1
50 530 1
50 588 1
50 715 1
50 817 1
51 142 1
51 148 1
51 174 1
51 184 1
51 193 1
51 269 1
51 309 1
51 395 1
51 436 1
51 455 1
51 659 1
51 727 1
51 839 1
51 858 1
51 863 1
51 921 1
51 969 1
51 977 1
51 982 1
51 988 1
51 68 1
51 112 1
51 206 1
51 320 1
51 783 1
52 61 1
52 66 1
52 154 1
52 326 1
52 420 1
52 446 1
52 562 1
52 924 1
52 184 1
52 336 1
52 350 1
52 411 1
52 434 1
52 583 1
52 825 1
53 81 1
53 82 1
53 96 1
53 97 1
53 104 1
53 120 1
53 125 1
53 135 1
53 151 1
53 152 1
53 230 1
53 244 1
53 317 1
53 365 1
53 438 1
53 444 1
53 567 1
53 586 1
53 617 1
53 655 1
53 663 1
53 744 1
53 798 1
53 813 1
53 958 1
53 983 1
53 242 1
53 297 1
53 353 1
53 576 1
53 641 1
53 801 1
53 856 1
54 68 1
54 127 1
54 270 1
54 283 1
54 423 1
54 632 1
54 697 1
54 905 1
54 57 1
54 95 1
54 109 1
54 174 1
54 190 1
54 234 1
54 256 1
54 502 1
54 881 1
54 909 1
55 69 1
55 80 1
55 114 1
55 373 1
55 72 1
55 123 1
55 124 1
55 127 1
55 144 1
55 157 1
55 213 1
55 255 1
55 324 1
55 382 1
55 390 1
55 403 1
55 449 1
55 549 1
55 565 1
55 591 1
55 621 1
55 630 1
55 728 1
55 770 1
55 926 1
56 116 1
56 188 1
56 585 1
56 684 1
56 766 1
56 782 1
56 67 1
56 131 1
56 136 1
56 171 1
56 228 1
56 260 1
56 367 1
56 519 1
56 581 1
56 645 1
56 657 1
56 802 1
56 883 1
56 886 1
56 949 1
57 74 1
57 272 1
57 378 1
57 709 1
57 714 1
57 95 1
57 105 1
57 174 1
57 244 1
57 256 1
57 306 1
57 420 1
57 501 1
57 737 1
57 846 1
58 79 1
58 131 1
58 134 1
58 213 1
58 255 1
58 388 1
58 556 1
58 666 1
58 749 1
58 800 1
58 980 1
58 60 1
58 90 1
58 98 1
58 120 1
58 176 1
58 204 1
58 224 1
58 266 1
58 575 1
58 614 1
58 668 1
58 676 1
58 706 1
58 729 1
58 935 1
58 952 1
58 993 1
59 175 1
59 203 1
59 526 1
59 625 1
59 668 1
59 694 1
59 837 1
59 908 1
59 93 1
59 274 1
59 315 1
59 494 1
59 495 1
59 732 1
59 752 1
59 919 1
60 233 1
60 383 1
60 601 1
60 662 1
60 687 1
60 919 1
60 90 1
60 98 1
60 119 1
60 159 1
60 224 1
60 253 1
60 266 1
60 384 1
60 416 1
60 575 1
60 614 1
60 625 1
60 749 1
60 803 1
60 855 1
60 887 1
60 985 1
61 143 1
61 154 1
61 173 1
61 426 1
61 89 1
61 167 1
61 168 1
61 508 1
61 531 1
61 560 1
61 634 1
61 734 1
61 743 1
61 962 1
62 67 1
62 70 1
62 181 1
62 206 1
62 298 1
62 358 1
62 407 1
62 598 1
62 622 1
62 701 1
62 884 1
62 965 1
62 108 1
62 110 1
62 203 1
62 271 1
62 328 1
62 412 1
62 447 1
62 462 1
62 505 1
62 533 1
62 748 1
62 866 1
62 912 1
62 986 1
63 115 1
63 150 1
63 200 1
63 209 1
63 224 1
63 502 1
63 717 1
63 966 1
63 978 1
63 84 1
63 133 1
63 160 1
63 179 1
63 191 1
63 197 1
63 388 1
63 568 1
63 794 1
63 924 1
64 112 1
64 491 1
64 885 1
64 85 1
64 121 1
64 172 1
64 186 1
64 441 1
64 443 1
64 597 1
64 599 1
64 688 1
64 843 1
64 944 1
64 959 1
65 219 1
65 237 1
65 923 1
65 70 1
65 107 1
65 201 1
65 248 1
65 251 1
65 396 1
65 484 1
65 628 1
65 637 1
65 691 1
66 235 1
66 437 1
66 446 1
66 558 1
66 574 1
66 698 1
66 700 1
66 773 1
66 924 1
66 139 1
66 148 1
66 198 1
66 254 1
66 276 1
66 535 1
67 208 1
67 298 1
67 406 1
67 407 1
67 434 1
67 598 1
67 965 1
67 136 1
67 193 1
67 260 1
67 367 1
67 490 1
67 492 1
67 555 1
67 883 1
67 974 1
68 109 1
68 110 1
68 133 1
68 741 1
68 905 1
68 957 1
68 981 1
68 112 1
68 129 1
68 399 1
68 453 1
69 73 1
69 86 1
69 91 1
69 373 1
69 636 1
69 733 1
69 164 1
69 261 1
69 629 1
69 679 1
69 841 1
70 85 1
70 181 1
70 206 1
70 296 1
70 682 1
70 156 1
70 201 1
70 691 1
71 84 1
71 87 1
71 123 1
71 149 1
71 186 1
71 221 1
71 222 1
71 227 1
71 282 1
71 310 1
71 319 1
71 330 1
71 336 1
71 341 1
71 421 1
71 440 1
71 447 1
71 454 1
71 630 1
71 696 1
71 767 1
71 822 1
71 76 1
71 146 1
71 158 1
71 214 1
71 216 1
71 285 1
71 291 1
71 300 1
71 327 1
71 344 1
71 457 1
71 554 1
71 686 1
72 95 1
72 279 1
72 304 1
72 473 1
72 506 1
72 615 1
72 616 1
72 680 1
72 807 1
72 123 1
72 124 1
72 144 1
72 221 1
72 241 1
72 403 1
72 471 1
72 622 1
72 647 1
72 655 1
72 770 1
72 941 1
72 980 1
73 86 1
73 132 1
73 277 1
73 292 1
73 396 1
73 427 1
73 641 1
73 733 1
73 783 1
73 899 1
73 926 1
73 930 1
73 996 1
73 79 1
73 118 1
73 154 1
73 165 1
73 182 1
73 282 1
73 313 1
73 314 1
73 343 1
73 491 1
73 740 1
73 759 1
73 839 1
73 906 1
74 90 1
74 161 1
74 195 1
74 272 1
74 378 1
74 453 1
74 483 1
74 714 1
74 846 1
74 896 1
74 916 1
74 659 1
74 822 1
75 145 1
75 201 1
75 263 1
75 300 1
75 370 1
75 403 1
75 541 1
75 779 1
75 801 1
75 889 1
75 415 1
75 685 1
75 864 1
76 87 1
76 111 1
76 157 1
76 192 1
76 229 1
76 284 1
76 295 1
76 353 1
76 460 1
76 487 1
76 634 1
76 719 1
76 806 1
76 273 1
76 327 1
76 406 1
76 826 1
76 969 1
77 257 1
77 504 1
77 560 1
77 642 1
77 781 1
77 83 1
77 669 1
78 183 1
78 289 1
78 343 1
78 138 1
78 222 1
78 342 1
78 354 1
78 656 1
78 903 1
79 177 1
79 232 1
79 492 1
79 666 1
79 722 1
79 165 1
79 194 1
79 313 1
79 740 1
79 899 1
80 114 1
80 475 1
80 81 1
80 86 1
80 140 1
80 218 1
80 498 1
80 548 1
80 700 1
80 888 1
80 950 1
81 96 1
81 152 1
81 220 1
81 244 1
81 466 1
81 476 1
81 514 1
81 530 1
81 532 1
81 692 1
81 808 1
81 979 1
81 86 1
81 88 1
81 99 1
81 140 1
81 335 1
81 455 1
81 461 1
81 700 1
81 741 1
81 888 1
82 104 1
82 452 1
82 617 1
82 620 1
82 663 1
82 811 1
82 869 1
82 337 1
82 476 1
82 572 1
82 574 1
82 779 1
83 106 1
83 166 1
83 194 1
83 248 1
83 280 1
83 480 1
83 501 1
83 582 1
83 883 1
83 132 1
83 143 1
83 231 1
83 482 1
83 669 1
83 714 1
83 795 1
83 921 1
84 123 1
84 221 1
84 256 1
84 258 1
84 264 1
84 313 1
84 375 1
84 542 1
84 688 1
84 695 1
84 767 1
84 780 1
84 797 1
84 848 1
84 133 1
84 197 1
84 568 1
84 610 1
85 296 1
85 581 1
85 614 1
85 678 1
85 92 1
85 113 1
85 121 1
85 142 1
85 151 1
85 172 1
85 186 1
85 264 1
85 275 1
85 277 1
85 365 1
85 381 1
85 392 1
85 459 1
85 624 1
85 843 1
85 929 1
86 91 1
86 277 1
86 292 1
86 322 1
86 367 1
86 528 1
86 636 1
86 653 1
86 702 1
86 711 1
86 733 1
86 783 1
86 899 1
86 218 1
86 455 1
86 460 1
86 700 1
87 149 1
87 234 1
87 295 1
87 385 1
87 634 1
87 751 1
87 871 1
87 100 1
87 111 1
87 163 1
87 178 1
87 380 1
87 454 1
87 726 1
88 89 1
88 144 1
88 243 1
88 316 1
88 805 1
88 99 1
88 183 1
88 391 1
88 461 1
89 243 1
89 260 1
89 344 1
89 805 1
89 944 1
89 167 1
89 168 1
89 334 1
89 527 1
89 531 1
89 560 1
89 634 1
89 836 1
89 852 1
89 962 1
90 161 1
90 169 1
90 195 1
90 819 1
90 846 1
90 893 1
90 98 1
90 119 1
90 159 1
90 204 1
90 253 1
90 258 1
90 345 1
90 360 1
90 393 1
90 450 1
90 529 1
90 706 1
90 722 1
91 636 1
91 653 1
91 797 1
92 118 1
92 240 1
92 306 1
92 342 1
92 519 1
92 693 1
92 725 1
92 113 1
92 187 1
92 237 1
92 409 1
92 584 1
92 789 1
92 991 1
93 138 1
93 158 1
93 199 1
93 433 1
93 577 1
93 580 1
93 608 1
93 718 1
93 810 1
93 909 1
93 177 1
93 262 1
93 280 1
93 303 1
93 315 1
93 401 1
93 494 1
93 526 1
93 853 1
94 101 1
94 103 1
94 128 1
94 211 1
94 223 1
94 323 1
94 419 1
94 463 1
94 481 1
94 579 1
94 750 1
94 900 1
94 914 1
94 974 1
94 117 1
94 135 1
94 137 1
94 141 1
94 149 1
94 152 1
94 208 1
94 245 1
94 452 1
94 465 1
94 485 1
94 507 1
94 633 1
94 697 1
94 718 1
94 871 1
94 894 1
95 279 1
95 244 1
96 97 1
96 120 1
96 125 1
96 152 1
96 220 1
96 317 1
96 808 1
96 813 1
96 880 1
96 243 1
96 310 1
96 427 1
97 120 1
97 135 1
97 230 1
97 354 1
97 798 1
97 880 1
97 983 1
97 192 1
97 858 1
98 212 1
98 119 1
98 204 1
98 224 1
98 258 1
98 479 1
98 625 1
98 676 1
99 108 1
99 210 1
99 464 1
99 597 1
99 835 1
99 183 1
99 391 1
99 461 1
99 496 1
99 741 1
100 121 1
100 122 1
100 276 1
100 386 1
100 509 1
100 650 1
100 793 1
100 101 1
100 116 1
100 178 1
100 477 1
100 751 1
101 128 1
101 223 1
101 470 1
101 481 1
101 640 1
101 900 1
101 116 1
101 477 1
101 997 1
102 178 1
102 347 1
102 499 1
102 854 1
102 935 1
102 398 1
102 763 1
102 920 1
103 182 1
103 323 1
103 356 1
103 579 1
103 750 1
103 878 1
103 175 1
103 954 1
104 151 1
104 452 1
104 617 1
104 811 1
104 869 1
104 265 1
104 346 1
104 431 1
104 585 1
104 739 1
104 958 1
104 988 1
105 119 1
105 293 1
105 381 1
105 449 1
105 633 1
105 420 1
105 501 1
105 737 1
105 846 1
106 166 1
106 176 1
106 248 1
106 259 1
106 380 1
106 480 1
106 710 1
106 826 1
106 170 1
106 209 1
106 210 1
106 223 1
106 340 1
106 418 1
106 615 1
106 695 1
106 731 1
106 968 1
106 990 1
107 167 1
107 445 1
107 493 1
107 565 1
107 821 1
107 873 1
107 911 1
107 997 1
107 219 1
107 248 1
107 396 1
107 628 1
107 652 1
108 210 1
108 311 1
108 835 1
108 937 1
108 110 1
108 318 1
108 442 1
108 462 1
108 627 1
108 665 1
108 667 1
108 748 1
108 850 1
108 912 1
109 110 1
109 160 1
109 408 1
109 721 1
109 741 1
109 957 1
109 234 1
109 284 1
109 295 1
109 316 1
109 363 1
109 407 1
109 424 1
109 569 1
109 570 1
109 736 1
109 880 1
109 927 1
109 998 1
110 133 1
110 160 1
110 741 1
110 203 1
110 271 1
110 447 1
110 748 1
111 126 1
111 129 1
111 157 1
111 229 1
111 267 1
111 274 1
111 284 1
111 588 1
111 703 1
111 995 1
111 163 1
111 252 1
111 466 1
111 901 1
112 491 1
112 129 1
112 206 1
112 211 1
112 320 1
112 356 1
112 359 1
112 525 1
112 922 1
112 945 1
113 239 1
113 348 1
113 431 1
113 237 1
113 459 1
114 145 1
114 188 1
114 364 1
114 383 1
114 472 1
114 689 1
114 709 1
114 891 1
115 209 1
115 287 1
115 314 1
115 502 1
115 978 1
115 238 1
115 312 1
115 439 1
115 522 1
115 550 1
115 720 1
115 806 1
116 188 1
116 411 1
116 482 1
116 585 1
117 205 1
117 328 1
117 704 1
117 137 1
117 173 1
117 230 1
117 452 1
117 465 1
117 507 1
117 561 1
117 596 1
117 620 1
117 639 1
117 701 1
117 905 1
118 240 1
118 306 1
118 342 1
118 575 1
118 693 1
118 154 1
118 155 1
118 182 1
118 263 1
118 423 1
118 473 1
118 480 1
118 586 1
118 742 1
118 759 1
119 141 1
119 293 1
119 335 1
119 381 1
119 449 1
119 633 1
119 874 1
119 625 1
119 985 1
120 125 1
120 798 1
120 176 1
120 199 1
120 370 1
120 567 1
120 693 1
120 729 1
120 868 1
120 916 1
120 952 1
121 122 1
121 252 1
121 276 1
121 337 1
121 650 1
121 743 1
121 762 1
121 763 1
121 793 1
121 142 1
121 151 1
121 186 1
121 195 1
121 277 1
121 365 1
121 392 1
121 597 1
121 606 1
121 688 1
121 777 1
121 929 1
122 509 1
122 763 1
122 902 1
122 150 1
122 374 1
122 389 1
122 545 1
122 717 1
122 823 1
123 256 1
123 440 1
123 583 1
123 742 1
123 767 1
123 848 1
123 124 1
123 449 1
123 471 1
123 488 1
123 621 1
123 638 1
123 647 1
123 708 1
123 728 1
123 867 1
124 185 1
124 308 1
124 346 1
124 372 1
124 393 1
124 441 1
124 544 1
124 829 1
124 449 1
124 471 1
124 488 1
124 630 1
124 638 1
124 708 1
124 744 1
124 837 1
125 181 1
125 309 1
125 523 1
125 579 1
125 673 1
125 874 1
126 129 1
126 159 1
126 163 1
126 274 1
126 377 1
126 472 1
126 777 1
126 842 1
126 929 1
126 995 1
126 217 1
126 246 1
127 283 1
127 553 1
127 671 1
127 697 1
127 870 1
127 157 1
127 324 1
127 382 1
127 926 1
128 211 1
128 223 1
128 470 1
128 534 1
128 784 1
128 855 1
128 162 1
128 268 1
128 325 1
128 348 1
128 653 1
128 723 1
128 917 1
129 163 1
129 621 1
129 929 1
129 995 1
129 211 1
129 359 1
129 747 1
130 137 1
130 207 1
130 507 1
130 522 1
130 196 1
130 257 1
130 394 1
130 547 1
130 672 1
130 713 1
130 765 1
130 790 1
131 134 1
131 136 1
131 204 1
131 213 1
131 749 1
131 980 1
131 296 1
131 662 1
131 886 1
132 396 1
132 427 1
132 143 1
132 387 1
132 482 1
132 551 1
132 714 1
132 937 1
133 568 1
133 794 1
134 136 1
134 213 1
134 241 1
134 388 1
134 591 1
135 230 1
135 354 1
135 359 1
135 365 1
135 428 1
135 840 1
135 847 1
135 208 1
135 212 1
135 225 1
135 290 1
135 338 1
135 366 1
135 514 1
135 633 1
135 746 1
135 834 1
136 241 1
136 171 1
136 367 1
136 643 1
136 645 1
136 738 1
136 757 1
136 949 1
137 172 1
137 207 1
137 468 1
137 522 1
137 676 1
137 752 1
137 141 1
137 173 1
137 485 1
137 808 1
138 199 1
138 718 1
138 729 1
138 810 1
139 261 1
139 338 1
139 415 1
139 508 1
139 613 1
139 626 1
139 824 1
139 906 1
139 942 1
139 984 1
139 189 1
139 276 1
139 289 1
139 530 1
139 535 1
139 692 1
140 156 1
140 469 1
140 485 1
140 569 1
140 631 1
140 644 1
140 756 1
140 992 1
140 335 1
141 335 1
141 635 1
141 681 1
141 866 1
141 149 1
141 402 1
141 485 1
141 808 1
142 174 1
142 193 1
142 269 1
142 309 1
142 395 1
142 488 1
142 619 1
142 712 1
142 723 1
142 735 1
142 788 1
142 839 1
142 887 1
142 982 1
142 151 1
142 195 1
142 956 1
143 173 1
143 426 1
143 645 1
143 831 1
143 231 1
143 482 1
143 699 1
143 795 1
143 1000 1
144 349 1
144 376 1
144 456 1
144 516 1
144 639 1
144 648 1
144 390 1
144 403 1
144 549 1
144 941 1
145 300 1
145 403 1
145 779 1
145 188 1
145 557 1
145 689 1
145 716 1
146 170 1
146 238 1
146 607 1
146 667 1
146 158 1
146 285 1
146 321 1
146 344 1
146 486 1
146 499 1
146 521 1
146 580 1
146 660 1
146 885 1
147 285 1
147 371 1
147 384 1
147 804 1
147 317 1
147 446 1
147 623 1
147 966 1
148 455 1
148 531 1
148 609 1
148 198 1
148 278 1
149 186 1
149 222 1
149 234 1
149 385 1
149 454 1
149 606 1
149 630 1
149 672 1
149 751 1
149 849 1
149 871 1
149 402 1
150 153 1
150 180 1
150 288 1
150 374 1
150 389 1
150 397 1
150 545 1
150 552 1
150 717 1
150 823 1
151 744 1
151 392 1
151 624 1
151 707 1
152 220 1
152 317 1
152 567 1
152 245 1
152 617 1
153 321 1
153 180 1
153 513 1
153 940 1
154 326 1
154 920 1
154 182 1
154 263 1
154 282 1
154 343 1
154 423 1
154 445 1
154 742 1
155 249 1
155 331 1
155 429 1
155 462 1
155 657 1
155 480 1
156 485 1
156 515 1
156 536 1
156 568 1
156 569 1
156 573 1
156 644 1
156 823 1
156 844 1
157 192 1
157 588 1
157 703 1
157 806 1
157 213 1
157 324 1
158 374 1
158 580 1
158 785 1
158 909 1
158 300 1
158 344 1
158 499 1
158 503 1
158 528 1
158 896 1
159 538 1
159 842 1
159 253 1
159 393 1
159 722 1
159 845 1
160 408 1
160 179 1
160 330 1
160 438 1
160 754 1
161 195 1
161 483 1
161 637 1
161 819 1
161 235 1
161 333 1
161 352 1
161 910 1
161 943 1
162 545 1
162 268 1
162 357 1
162 379 1
162 558 1
162 810 1
163 377 1
163 472 1
163 621 1
163 777 1
163 929 1
163 252 1
163 281 1
163 332 1
163 372 1
163 726 1
163 933 1
164 198 1
164 424 1
164 486 1
164 547 1
164 674 1
164 261 1
164 279 1
164 386 1
164 481 1
164 835 1
164 963 1
165 226 1
165 402 1
165 559 1
165 605 1
165 736 1
165 986 1
165 999 1
165 313 1
165 899 1
165 906 1
166 176 1
166 248 1
166 280 1
166 305 1
166 380 1
166 710 1
166 789 1
166 542 1
166 756 1
166 861 1
167 445 1
167 493 1
167 584 1
167 821 1
167 873 1
167 168 1
167 334 1
167 341 1
167 508 1
167 527 1
167 651 1
167 734 1
167 743 1
167 745 1
167 761 1
167 852 1
167 982 1
167 989 1
168 340 1
168 946 1
168 527 1
168 531 1
168 734 1
169 893 1
169 464 1
169 796 1
170 238 1
170 242 1
170 294 1
170 490 1
170 498 1
170 503 1
170 578 1
170 607 1
170 716 1
170 739 1
170 209 1
170 340 1
170 695 1
170 731 1
170 990 1
171 216 1
171 479 1
171 713 1
171 519 1
171 643 1
171 645 1
171 657 1
171 738 1
172 189 1
172 288 1
172 302 1
172 333 1
172 334 1
172 551 1
172 676 1
172 764 1
172 786 1
172 264 1
172 381 1
172 443 1
172 468 1
173 645 1
173 831 1
173 861 1
173 639 1
174 184 1
174 228 1
174 265 1
174 269 1
174 273 1
174 351 1
174 436 1
174 442 1
174 524 1
174 604 1
174 712 1
174 727 1
174 816 1
174 940 1
174 190 1
174 256 1
174 306 1
174 347 1
174 881 1
175 203 1
175 430 1
175 668 1
175 694 1
175 837 1
175 954 1
176 259 1
176 305 1
176 327 1
176 416 1
176 710 1
176 952 1
176 199 1
176 370 1
176 567 1
176 815 1
177 232 1
177 253 1
177 450 1
177 262 1
177 272 1
177 280 1
177 303 1
177 308 1
177 417 1
177 526 1
177 612 1
177 769 1
177 799 1
178 347 1
178 499 1
178 737 1
178 380 1
179 202 1
179 214 1
179 391 1
179 399 1
179 587 1
179 602 1
179 705 1
179 330 1
179 388 1
180 401 1
180 649 1
180 288 1
180 940 1
181 205 1
181 309 1
181 326 1
181 448 1
181 520 1
181 673 1
181 829 1
181 863 1
182 301 1
182 356 1
182 658 1
182 993 1
182 423 1
182 473 1
182 759 1
182 839 1
183 197 1
183 391 1
183 496 1
184 228 1
184 265 1
184 273 1
184 324 1
184 352 1
184 436 1
184 461 1
184 659 1
184 706 1
184 770 1
184 858 1
184 948 1
184 950 1
184 250 1
184 644 1
184 805 1
184 904 1
185 218 1
185 250 1
185 308 1
185 393 1
185 517 1
185 544 1
185 596 1
185 610 1
185 652 1
185 660 1
185 778 1
185 971 1
185 785 1
185 955 1
186 222 1
186 282 1
186 341 1
186 414 1
186 418 1
186 447 1
186 277 1
186 597 1
186 777 1
186 843 1
187 519 1
187 557 1
187 571 1
187 594 1
187 725 1
187 240 1
187 409 1
187 426 1
187 991 1
188 411 1
188 684 1
188 956 1
188 383 1
188 544 1
188 557 1
188 611 1
188 664 1
188 689 1
188 709 1
188 716 1
189 288 1
189 302 1
189 551 1
189 289 1
189 692 1
190 196 1
190 299 1
190 398 1
190 477 1
190 478 1
190 347 1
190 999 1
191 200 1
191 224 1
191 266 1
191 320 1
191 673 1
191 717 1
191 738 1
191 966 1
191 469 1
191 778 1
191 924 1
191 947 1
192 460 1
192 806 1
192 475 1
192 678 1
192 858 1
192 979 1
193 309 1
193 488 1
193 723 1
193 788 1
193 977 1
193 492 1
193 703 1
194 582 1
194 883 1
194 903 1
195 819 1
195 846 1
195 606 1
195 956 1
195 967 1
196 299 1
196 478 1
196 200 1
196 202 1
196 232 1
196 257 1
196 385 1
196 456 1
196 547 1
196 589 1
196 713 1
196 765 1
197 603 1
197 610 1
198 486 1
198 674 1
198 754 1
199 303 1
199 577 1
199 718 1
199 370 1
199 693 1
199 815 1
199 868 1
200 224 1
200 266 1
200 320 1
200 510 1
200 600 1
200 618 1
200 673 1
200 892 1
200 202 1
200 232 1
200 385 1
200 573 1
200 640 1
200 719 1
200 832 1
200 938 1
201 263 1
201 291 1
201 397 1
201 413 1
201 439 1
201 856 1
201 889 1
201 939 1
201 251 1
201 691 1
201 877 1
202 391 1
202 548 1
202 757 1
202 232 1
202 456 1
203 526 1
203 837 1
203 908 1
203 271 1
203 412 1
204 255 1
204 749 1
204 258 1
204 345 1
204 479 1
204 529 1
204 706 1
204 935 1
205 328 1
205 448 1
205 863 1
206 358 1
206 622 1
206 682 1
206 320 1
206 356 1
206 559 1
206 564 1
206 922 1
207 752 1
207 220 1
207 302 1
207 670 1
207 838 1
208 268 1
208 290 1
208 361 1
208 406 1
208 422 1
208 425 1
208 225 1
208 339 1
208 514 1
208 598 1
208 633 1
208 697 1
208 894 1
209 314 1
209 502 1
209 566 1
209 340 1
210 311 1
210 513 1
210 732 1
210 769 1
210 790 1
210 833 1
210 886 1
210 223 1
210 418 1
210 546 1
210 615 1
210 821 1
210 968 1
211 419 1
211 784 1
211 941 1
211 359 1
211 525 1
211 616 1
211 747 1
211 758 1
211 892 1
212 290 1
212 301 1
212 338 1
212 366 1
212 746 1
212 784 1
212 834 1
213 255 1
213 437 1
213 538 1
213 591 1
214 399 1
214 602 1
214 802 1
214 820 1
214 973 1
214 216 1
214 311 1
214 457 1
214 607 1
214 788 1
215 286 1
215 369 1
215 404 1
215 611 1
215 877 1
215 879 1
215 293 1
215 368 1
215 428 1
215 436 1
215 696 1
215 730 1
215 772 1
215 816 1
216 479 1
216 661 1
216 713 1
216 972 1
216 311 1
216 457 1
216 554 1
216 686 1
217 262 1
217 964 1
217 246 1
217 410 1
217 515 1
217 534 1
217 536 1
217 893 1
218 250 1
218 517 1
218 610 1
218 548 1
219 237 1
219 546 1
219 711 1
219 884 1
220 270 1
220 302 1
220 451 1
220 518 1
220 670 1
220 838 1
220 857 1
220 932 1
221 227 1
221 696 1
221 241 1
221 497 1
221 600 1
221 622 1
221 655 1
221 690 1
222 341 1
222 342 1
222 727 1
222 791 1
223 470 1
223 534 1
223 968 1
224 717 1
224 575 1
224 676 1
225 245 1
225 315 1
225 458 1
225 758 1
225 339 1
225 474 1
225 514 1
225 598 1
225 923 1
226 605 1
226 975 1
226 986 1
226 517 1
226 524 1
226 750 1
226 819 1
227 310 1
227 421 1
227 696 1
227 239 1
227 269 1
227 425 1
227 429 1
227 875 1
228 265 1
228 352 1
228 448 1
228 589 1
228 770 1
228 940 1
228 950 1
228 331 1
229 267 1
229 284 1
229 470 1
229 619 1
229 870 1
229 939 1
230 299 1
231 570 1
231 699 1
231 795 1
231 921 1
231 1000 1
232 492 1
232 385 1
232 573 1
232 938 1
233 601 1
233 395 1
233 992 1
233 995 1
234 385 1
234 606 1
234 284 1
234 295 1
234 358 1
234 407 1
234 502 1
234 909 1
235 437 1
235 574 1
235 675 1
235 759 1
235 773 1
235 333 1
235 910 1
236 281 1
236 362 1
236 549 1
236 857 1
236 405 1
237 546 1
237 584 1
237 789 1
238 242 1
238 490 1
238 607 1
238 667 1
238 707 1
238 791 1
239 332 1
239 369 1
239 376 1
239 425 1
239 429 1
239 875 1
239 878 1
240 306 1
240 247 1
240 292 1
240 349 1
240 426 1
240 458 1
240 516 1
242 490 1
242 498 1
242 578 1
242 707 1
242 775 1
242 791 1
242 576 1
243 260 1
243 316 1
243 344 1
243 379 1
243 389 1
243 484 1
243 728 1
243 259 1
243 371 1
243 578 1
243 780 1
244 438 1
244 476 1
244 514 1
244 628 1
244 734 1
244 910 1
244 927 1
245 307 1
245 312 1
245 315 1
245 325 1
245 329 1
245 458 1
245 512 1
245 518 1
245 691 1
245 726 1
245 758 1
245 815 1
245 936 1
245 617 1
246 278 1
246 459 1
246 497 1
246 643 1
246 755 1
246 853 1
246 859 1
246 912 1
246 410 1
246 534 1
246 650 1
246 893 1
247 318 1
247 360 1
247 382 1
247 494 1
247 527 1
247 292 1
247 294 1
247 349 1
247 414 1
247 587 1
247 900 1
248 380 1
248 480 1
248 789 1
248 396 1
248 637 1
248 652 1
249 331 1
249 405 1
249 412 1
249 918 1
249 361 1
249 378 1
249 592 1
249 595 1
249 681 1
250 517 1
250 660 1
250 644 1
250 805 1
251 364 1
251 877 1
252 540 1
252 745 1
252 762 1
252 281 1
252 372 1
252 466 1
252 478 1
252 674 1
252 683 1
252 786 1
252 933 1
253 450 1
253 393 1
254 275 1
254 748 1
254 850 1
254 298 1
254 323 1
254 351 1
254 400 1
254 996 1
255 556 1
255 800 1
255 437 1
255 591 1
256 375 1
256 542 1
256 583 1
256 797 1
256 848 1
256 306 1
256 881 1
257 560 1
257 547 1
258 264 1
258 457 1
258 345 1
258 360 1
258 479 1
258 698 1
259 826 1
259 371 1
259 506 1
259 578 1
259 658 1
259 951 1
260 344 1
260 379 1
260 387 1
260 484 1
260 490 1
260 555 1
260 581 1
260 883 1
261 338 1
261 415 1
261 651 1
261 942 1
261 279 1
261 481 1
261 835 1
261 963 1
262 679 1
262 964 1
262 272 1
262 526 1
262 782 1
263 291 1
263 370 1
263 413 1
263 742 1
264 313 1
264 457 1
264 688 1
264 695 1
264 275 1
264 381 1
265 273 1
265 324 1
265 351 1
265 442 1
265 461 1
265 706 1
265 770 1
265 940 1
265 305 1
265 431 1
265 603 1
265 988 1
266 320 1
266 510 1
266 600 1
266 618 1
266 699 1
266 738 1
266 892 1
266 897 1
266 384 1
266 416 1
266 614 1
266 668 1
266 803 1
266 813 1
266 887 1
267 435 1
267 646 1
267 682 1
267 975 1
268 290 1
268 361 1
268 422 1
268 931 1
268 357 1
268 537 1
268 653 1
268 810 1
268 889 1
269 727 1
269 839 1
269 921 1
270 423 1
270 632 1
270 772 1
270 451 1
270 704 1
270 932 1
270 957 1
271 447 1
272 714 1
272 308 1
272 769 1
272 782 1
273 324 1
273 351 1
273 524 1
273 304 1
273 543 1
273 733 1
274 495 1
275 511 1
276 337 1
276 386 1
276 489 1
276 555 1
276 650 1
276 743 1
277 292 1
277 322 1
277 367 1
277 537 1
277 932 1
277 365 1
278 853 1
278 859 1
278 912 1
278 287 1
278 322 1
278 433 1
278 467 1
278 608 1
278 865 1
279 304 1
279 350 1
279 355 1
279 506 1
279 720 1
279 841 1
279 481 1
280 501 1
280 303 1
280 853 1
281 549 1
281 794 1
281 332 1
281 372 1
281 478 1
281 504 1
281 786 1
281 807 1
282 319 1
282 330 1
282 336 1
282 414 1
282 447 1
282 465 1
282 314 1
282 343 1
282 445 1
282 848 1
283 671 1
283 697 1
283 753 1
283 860 1
284 295 1
284 316 1
284 358 1
284 432 1
284 570 1
285 384 1
285 390 1
285 291 1
285 486 1
285 793 1
285 976 1
286 357 1
286 368 1
286 611 1
286 879 1
286 933 1
286 1000 1
286 408 1
287 297 1
287 409 1
287 768 1
287 322 1
287 433 1
287 467 1
287 671 1
288 302 1
288 333 1
288 764 1
288 925 1
289 343 1
289 496 1
289 828 1
289 865 1
289 945 1
289 530 1
289 588 1
289 692 1
289 851 1
290 931 1
290 301 1
291 397 1
291 413 1
291 467 1
291 474 1
291 793 1
292 322 1
292 528 1
292 783 1
292 349 1
292 414 1
292 458 1
292 516 1
292 539 1
292 587 1
292 593 1
292 800 1
293 428 1
294 716 1
294 774 1
294 900 1
295 353 1
295 487 1
295 634 1
295 776 1
295 316 1
295 363 1
295 407 1
295 424 1
295 512 1
296 662 1
297 409 1
297 353 1
297 856 1
297 907 1
297 984 1
298 598 1
298 307 1
298 323 1
298 351 1
298 400 1
298 463 1
298 715 1
299 478 1
300 541 1
300 779 1
300 801 1
301 993 1
302 333 1
302 334 1
302 551 1
302 917 1
302 518 1
302 857 1
303 433 1
303 577 1
303 853 1
304 350 1
304 506 1
304 615 1
304 720 1
304 832 1
304 904 1
304 543 1
304 733 1
304 827 1
305 327 1
305 690 1
305 375 1
305 541 1
305 603 1
305 760 1
305 762 1
306 342 1
306 575 1
307 312 1
307 325 1
307 443 1
307 726 1
307 761 1
307 936 1
307 463 1
307 817 1
308 372 1
308 393 1
308 441 1
308 543 1
308 592 1
308 829 1
308 417 1
308 440 1
308 590 1
308 635 1
308 769 1
309 395 1
309 723 1
309 977 1
309 326 1
310 421 1
310 601 1
310 987 1
311 513 1
311 523 1
311 627 1
311 732 1
311 907 1
311 967 1
312 936 1
312 439 1
312 522 1
312 556 1
312 720 1
312 809 1
313 688 1
313 780 1
313 899 1
313 906 1
314 566 1
315 691 1
315 758 1
315 401 1
316 363 1
316 512 1
316 570 1
316 768 1
316 880 1
316 927 1
317 567 1
317 813 1
317 623 1
317 774 1
317 854 1
318 394 1
318 494 1
318 629 1
318 867 1
318 442 1
318 493 1
319 330 1
319 465 1
319 812 1
319 377 1
319 724 1
320 673 1
320 892 1
320 356 1
320 559 1
321 915 1
321 521 1
322 528 1
322 467 1
322 608 1
323 579 1
323 351 1
323 996 1
324 461 1
324 948 1
324 382 1
324 565 1
325 329 1
325 443 1
325 518 1
325 623 1
325 624 1
325 654 1
325 670 1
325 683 1
325 726 1
325 731 1
325 955 1
325 723 1
326 920 1
326 520 1
326 829 1
327 416 1
327 690 1
327 952 1
327 406 1
327 421 1
328 362 1
328 505 1
328 661 1
328 735 1
329 518 1
329 623 1
329 624 1
329 683 1
329 815 1
329 888 1
329 355 1
329 648 1
330 336 1
330 465 1
330 812 1
330 754 1
330 911 1
331 412 1
331 429 1
331 561 1
331 636 1
331 798 1
332 345 1
332 392 1
332 495 1
332 552 1
332 947 1
332 504 1
333 334 1
333 917 1
333 910 1
334 917 1
334 341 1
334 562 1
334 684 1
334 761 1
334 852 1
334 972 1
335 635 1
335 681 1
336 350 1
336 411 1
337 779 1
338 415 1
338 613 1
338 626 1
338 651 1
338 906 1
338 984 1
338 366 1
338 784 1
339 638 1
339 474 1
339 598 1
339 753 1
341 562 1
341 632 1
341 651 1
341 684 1
341 761 1
341 972 1
341 989 1
342 575 1
342 693 1
342 354 1
342 487 1
342 656 1
343 496 1
345 392 1
345 495 1
345 552 1
345 554 1
345 881 1
345 360 1
345 450 1
345 489 1
345 529 1
345 698 1
345 812 1
346 585 1
346 594 1
346 666 1
346 739 1
347 499 1
347 737 1
347 854 1
347 999 1
348 431 1
349 376 1
349 410 1
349 456 1
349 521 1
349 639 1
349 817 1
349 864 1
349 516 1
349 539 1
349 593 1
350 355 1
350 832 1
350 904 1
350 985 1
350 411 1
350 434 1
350 764 1
350 825 1
351 442 1
351 524 1
351 604 1
351 816 1
351 400 1
351 996 1
352 448 1
352 589 1
353 487 1
353 719 1
353 776 1
353 641 1
353 801 1
353 984 1
354 359 1
354 487 1
354 656 1
354 903 1
355 841 1
355 677 1
355 725 1
356 658 1
356 878 1
356 559 1
356 564 1
357 845 1
357 933 1
357 379 1
357 537 1
357 810 1
357 889 1
358 622 1
358 701 1
358 884 1
358 432 1
359 747 1
360 382 1
360 527 1
360 535 1
360 787 1
360 450 1
360 489 1
360 698 1
360 812 1
361 422 1
361 425 1
361 943 1
361 510 1
361 592 1
361 681 1
361 811 1
362 366 1
362 505 1
362 857 1
362 661 1
363 595 1
363 669 1
363 825 1
363 890 1
363 424 1
363 512 1
363 768 1
363 998 1
365 428 1
365 840 1
365 847 1
365 929 1
366 505 1
366 760 1
366 746 1
366 784 1
367 537 1
368 422 1
368 436 1
368 577 1
368 730 1
368 804 1
368 816 1
369 404 1
369 376 1
370 567 1
370 693 1
370 815 1
371 525 1
371 578 1
371 658 1
371 780 1
371 951 1
372 441 1
372 543 1
372 933 1
373 444 1
373 483 1
373 566 1
373 931 1
374 785 1
374 397 1
374 545 1
375 542 1
375 541 1
375 609 1
375 762 1
376 516 1
376 864 1
377 472 1
377 724 1
378 453 1
378 709 1
378 595 1
378 994 1
379 387 1
379 389 1
379 484 1
379 677 1
379 728 1
379 852 1
379 558 1
380 789 1
380 454 1
380 710 1
380 977 1
381 449 1
381 874 1
382 527 1
382 535 1
382 565 1
382 926 1
383 662 1
383 544 1
383 611 1
383 824 1
384 390 1
384 416 1
384 749 1
385 606 1
385 672 1
385 751 1
385 849 1
385 573 1
386 489 1
387 551 1
387 721 1
387 792 1
387 983 1
388 591 1
389 677 1
389 823 1
390 549 1
391 548 1
391 875 1
392 495 1
392 554 1
392 624 1
392 707 1
393 544 1
393 596 1
393 971 1
394 776 1
396 996 1
396 628 1
396 637 1
397 439 1
397 467 1
397 552 1
398 477 1
398 763 1
399 802 1
399 820 1
399 453 1
400 656 1
400 953 1
401 649 1
401 844 1
402 471 1
402 736 1
403 770 1
403 980 1
404 413 1
404 419 1
404 509 1
404 604 1
405 626 1
406 434 1
406 421 1
406 826 1
408 500 1
408 767 1
408 849 1
408 930 1
409 768 1
410 521 1
410 529 1
410 715 1
410 747 1
410 534 1
410 536 1
410 650 1
410 755 1
410 913 1
411 482 1
411 599 1
411 922 1
411 956 1
411 434 1
411 764 1
412 561 1
412 814 1
412 918 1
414 418 1
414 587 1
414 800 1
415 613 1
415 618 1
415 685 1
416 952 1
416 749 1
416 803 1
417 550 1
417 590 1
417 440 1
417 799 1
418 546 1
418 615 1
419 463 1
419 941 1
419 604 1
420 451 1
420 562 1
420 501 1
422 804 1
423 473 1
423 586 1
423 872 1
424 539 1
424 547 1
424 834 1
424 998 1
425 943 1
425 429 1
425 878 1
427 641 1
427 930 1
427 687 1
428 840 1
429 878 1
430 915 1
431 988 1
432 500 1
433 671 1
433 865 1
434 764 1
434 825 1
435 563 1
435 869 1
436 659 1
436 577 1
436 696 1
436 730 1
436 772 1
437 558 1
437 574 1
437 700 1
437 765 1
437 538 1
438 444 1
438 586 1
438 628 1
438 734 1
438 872 1
438 910 1
438 927 1
438 990 1
439 856 1
439 556 1
439 902 1
440 590 1
441 829 1
441 571 1
441 599 1
441 959 1
442 604 1
442 627 1
443 670 1
443 468 1
443 944 1
444 586 1
444 483 1
444 931 1
445 565 1
445 584 1
445 593 1
445 873 1
445 938 1
445 998 1
445 848 1
446 924 1
446 532 1
446 654 1
446 828 1
446 895 1
448 589 1
448 863 1
449 633 1
449 488 1
449 630 1
449 728 1
449 744 1
450 489 1
452 465 1
452 561 1
452 596 1
452 620 1
452 905 1
454 630 1
454 710 1
454 977 1
455 460 1
455 511 1
455 642 1
455 960 1
456 648 1
456 589 1
456 663 1
456 702 1
457 686 1
458 512 1
460 511 1
461 706 1
461 948 1
462 665 1
463 715 1
463 817 1
464 597 1
465 812 1
465 507 1
465 561 1
465 718 1
465 871 1
466 530 1
466 746 1
466 968 1
467 474 1
468 786 1
469 756 1
469 992 1
469 778 1
469 876 1
469 947 1
470 534 1
470 870 1
470 914 1
470 942 1
471 795 1
471 708 1
472 777 1
472 891 1
472 925 1
473 616 1
473 724 1
473 809 1
473 586 1
473 872 1
474 753 1
474 923 1
475 678 1
475 979 1
476 514 1
476 532 1
476 646 1
476 692 1
476 979 1
476 572 1
477 751 1
478 674 1
478 683 1
478 786 1
478 807 1
478 820 1
481 900 1
481 914 1
481 835 1
482 599 1
482 714 1
483 637 1
483 896 1
483 916 1
484 728 1
484 852 1
485 515 1
485 568 1
485 569 1
485 573 1
485 631 1
485 647 1
485 740 1
485 895 1
485 954 1
486 754 1
486 876 1
486 660 1
486 873 1
486 885 1
486 964 1
486 976 1
488 619 1
488 788 1
488 638 1
489 555 1
490 498 1
490 503 1
490 520 1
490 555 1
491 885 1
492 974 1
493 821 1
494 629 1
494 867 1
494 732 1
496 828 1
497 643 1
497 665 1
497 755 1
497 600 1
497 690 1
497 775 1
497 879 1
498 503 1
498 520 1
498 578 1
498 739 1
498 775 1
499 854 1
499 935 1
499 503 1
500 563 1
500 767 1
500 830 1
502 909 1
503 520 1
503 739 1
503 528 1
503 649 1
503 831 1
503 896 1
505 735 1
505 866 1
506 720 1
507 718 1
508 743 1
508 745 1
508 982 1
510 600 1
510 897 1
510 949 1
510 811 1
511 959 1
511 642 1
511 694 1
512 768 1
513 523 1
513 576 1
513 732 1
513 769 1
513 790 1
513 907 1
513 934 1
513 967 1
514 692 1
515 568 1
515 740 1
515 954 1
516 639 1
516 864 1
516 539 1
517 610 1
517 660 1
518 624 1
518 654 1
518 815 1
518 857 1
519 991 1
519 657 1
520 829 1
521 817 1
521 580 1
522 720 1
522 809 1
523 576 1
523 907 1
523 874 1
524 816 1
525 616 1
525 758 1
525 934 1
525 945 1
525 971 1
526 625 1
528 649 1
528 831 1
528 896 1
529 715 1
529 747 1
530 588 1
530 851 1
531 609 1
531 560 1
532 646 1
532 979 1
532 654 1
532 705 1
532 828 1
533 986 1
534 650 1
534 893 1
535 787 1
535 796 1
536 823 1
536 882 1
536 994 1
536 755 1
537 932 1
537 889 1
539 593 1
540 745 1
540 799 1
540 928 1
540 602 1
541 762 1
542 797 1
542 756 1
543 592 1
543 827 1
544 596 1
544 652 1
544 778 1
544 611 1
544 824 1
545 564 1
545 987 1
545 717 1
547 834 1
547 713 1
548 757 1
548 875 1
550 590 1
550 685 1
550 730 1
550 806 1
551 937 1
551 983 1
552 947 1
553 830 1
553 870 1
553 897 1
556 800 1
556 902 1
556 918 1
556 948 1
557 571 1
557 664 1
558 698 1
558 700 1
558 765 1
558 771 1
558 836 1
558 868 1
558 970 1
559 564 1
560 642 1
560 781 1
560 962 1
561 814 1
561 620 1
561 701 1
562 632 1
562 684 1
563 830 1
563 898 1
564 987 1
565 593 1
565 938 1
565 997 1
566 842 1
568 573 1
568 954 1
569 644 1
569 736 1
569 946 1
570 880 1
571 594 1
571 613 1
571 787 1
572 574 1
573 938 1
578 775 1
578 658 1
578 780 1
581 614 1
581 802 1
582 675 1
582 847 1
583 742 1
584 789 1
585 594 1
585 739 1
585 958 1
586 872 1
587 705 1
587 891 1
587 976 1
587 800 1
588 703 1
588 851 1
589 663 1
590 635 1
593 938 1
593 998 1
594 666 1
595 669 1
595 708 1
595 825 1
595 890 1
595 894 1
595 963 1
596 652 1
596 971 1
597 777 1
598 965 1
599 922 1
599 960 1
600 618 1
600 699 1
601 687 1
601 862 1
601 987 1
602 818 1
603 760 1
605 975 1
605 986 1
606 672 1
607 788 1
607 908 1
608 961 1
611 877 1
611 879 1
611 1000 1
612 843 1
612 840 1
613 984 1
613 631 1
613 680 1
613 787 1
613 814 1
614 678 1
614 668 1
614 813 1
614 993 1
616 807 1
616 758 1
616 892 1
616 934 1
617 811 1
618 699 1
620 701 1
620 905 1
621 867 1
622 701 1
622 655 1
623 774 1
624 654 1
624 683 1
624 888 1
624 707 1
625 985 1
626 824 1
626 906 1
627 850 1
628 734 1
628 872 1
628 990 1
629 867 1
630 744 1
630 837 1
631 647 1
631 680 1
631 814 1
632 772 1
632 951 1
635 681 1
635 866 1
636 798 1
636 970 1
640 719 1
641 926 1
641 930 1
641 801 1
642 781 1
642 694 1
642 960 1
643 738 1
643 757 1
644 805 1
644 904 1
645 831 1
645 861 1
645 949 1
646 859 1
646 975 1
647 895 1
649 844 1
649 831 1
650 743 1
650 793 1
651 989 1
652 778 1
653 702 1
653 711 1
654 828 1
654 895 1
655 958 1
656 903 1
657 818 1
658 951 1
659 822 1
660 873 1
660 885 1
661 972 1
662 919 1
663 702 1
663 936 1
665 667 1
665 973 1
666 722 1
667 973 1
668 694 1
668 813 1
668 993 1
669 708 1
670 731 1
670 838 1
671 753 1
674 683 1
674 820 1
675 759 1
677 725 1
678 979 1
679 827 1
679 841 1
680 814 1
683 888 1
683 820 1
684 689 1
684 766 1
684 803 1
684 851 1
685 730 1
685 860 1
685 913 1
688 695 1
689 803 1
689 709 1
689 716 1
690 879 1
695 731 1
696 772 1
697 894 1
698 771 1
698 836 1
698 868 1
698 812 1
700 888 1
700 950 1
702 711 1
702 936 1
702 965 1
704 957 1
705 891 1
706 935 1
707 791 1
710 977 1
711 884 1
712 735 1
712 887 1
712 766 1
713 765 1
713 790 1
715 747 1
716 774 1
718 810 1
718 871 1
719 832 1
721 792 1
722 845 1
723 917 1
724 809 1
727 921 1
727 988 1
727 791 1
728 852 1
729 952 1
730 860 1
731 955 1
731 990 1
732 769 1
732 886 1
732 934 1
732 967 1
734 910 1
734 990 1
735 887 1
736 999 1
737 846 1
739 958 1
741 957 1
743 745 1
744 837 1
745 799 1
746 968 1
746 834 1
748 850 1
748 912 1
749 980 1
750 974 1
750 819 1
750 833 1
751 849 1
751 871 1
752 919 1
754 876 1
754 911 1
755 913 1
756 992 1
759 839 1
761 972 1
763 902 1
764 925 1
765 790 1
766 782 1
767 849 1
767 930 1
769 886 1
769 934 1
770 950 1
770 980 1
771 836 1
771 970 1
771 882 1
771 981 1
772 951 1
774 854 1
774 890 1
774 978 1
779 801 1
783 899 1
784 855 1
785 955 1
786 807 1
787 796 1
788 908 1
790 833 1
790 838 1
795 1000 1
798 983 1
798 970 1
802 820 1
803 851 1
803 887 1
805 944 1
805 962 1
805 904 1
811 869 1
819 833 1
825 890 1
825 894 1
825 901 1
826 969 1
828 895 1
832 904 1
832 985 1
833 838 1
835 963 1
836 868 1
836 970 1
837 908 1
839 982 1
840 847 1
844 928 1
847 953 1
849 930 1
853 859 1
854 935 1
854 890 1
854 978 1
863 969 1
865 945 1
870 914 1
870 942 1
873 964 1
880 927 1
882 994 1
888 950 1
889 939 1
890 894 1
890 901 1
890 963 1
890 978 1
891 925 1
894 901 1
894 963 1
896 916 1
897 949 1
902 918 1
904 985 1
905 981 1
910 927 1
914 942 1
918 948 1
921 988 1
922 960 1
923 989 1
936 965 1
944 962 1
945 971 1
956 967 1
992 995 1
