1000 5914 
1 11 1
1 13 1
1 14 1
1 15 1
1 18 1
1 21 1
1 24 1
1 52 1
1 56 1
1 58 1
1 62 1
1 77 1
1 80 1
1 81 1
1 98 1
1 103 1
1 105 1
1 110 1
1 118 1
1 124 1
1 128 1
1 131 1
1 146 1
1 158 1
1 182 1
1 183 1
1 190 1
1 191 1
1 205 1
1 207 1
1 208 1
1 214 1
1 216 1
1 221 1
1 255 1
1 265 1
1 276 1
1 284 1
1 294 1
1 316 1
1 330 1
1 343 1
1 349 1
1 353 1
1 355 1
1 361 1
1 381 1
1 384 1
1 389 1
1 399 1
1 428 1
1 453 1
1 465 1
1 475 1
1 477 1
1 484 1
1 507 1
1 512 1
1 517 1
1 534 1
1 544 1
1 565 1
1 575 1
1 595 1
1 605 1
1 632 1
1 637 1
1 660 1
1 689 1
1 749 1
1 814 1
1 815 1
1 836 1
1 844 1
1 911 1
1 912 1
1 937 1
1 969 1
1 988 1
1 991 1
1 2 1
1 3 1
1 4 1
1 5 1
1 6 1
1 8 1
1 9 1
1 20 1
1 23 1
1 25 1
1 33 1
1 34 1
1 36 1
1 42 1
1 46 1
1 47 1
1 66 1
1 72 1
1 88 1
1 102 1
1 104 1
1 122 1
1 127 1
1 135 1
1 168 1
1 196 1
1 220 1
1 251 1
1 264 1
1 269 1
1 270 1
1 290 1
1 297 1
1 306 1
1 331 1
1 334 1
1 372 1
1 375 1
1 436 1
1 463 1
1 549 1
1 572 1
1 586 1
1 620 1
1 644 1
1 692 1
1 702 1
1 743 1
1 772 1
1 841 1
1 858 1
1 875 1
1 909 1
1 910 1
1 967 1
1 997 1
2 5 1
2 14 1
2 21 1
2 22 1
2 25 1
2 34 1
2 41 1
2 64 1
2 96 1
2 106 1
2 117 1
2 187 1
2 198 1
2 222 1
2 260 1
2 263 1
2 308 1
2 378 1
2 390 1
2 400 1
2 424 1
2 470 1
2 612 1
2 629 1
2 630 1
2 636 1
2 640 1
2 689 1
2 706 1
2 731 1
2 745 1
2 845 1
2 902 1
2 932 1
2 942 1
2 986 1
2 3 1
2 4 1
2 7 1
2 12 1
2 17 1
2 30 1
2 31 1
2 32 1
2 36 1
2 49 1
2 52 1
2 60 1
2 62 1
2 70 1
2 83 1
2 84 1
2 92 1
2 101 1
2 102 1
2 111 1
2 112 1
2 123 1
2 131 1
2 158 1
2 161 1
2 162 1
2 176 1
2 179 1
2 206 1
2 207 1
2 208 1
2 209 1
2 216 1
2 218 1
2 220 1
2 221 1
2 229 1
2 252 1
2 254 1
2 265 1
2 274 1
2 275 1
2 302 1
2 314 1
2 322 1
2 342 1
2 347 1
2 357 1
2 368 1
2 374 1
2 380 1
2 384 1
2 393 1
2 414 1
2 432 1
2 441 1
2 445 1
2 449 1
2 457 1
2 498 1
2 503 1
2 537 1
2 538 1
2 560 1
2 561 1
2 601 1
2 619 1
2 625 1
2 679 1
2 698 1
2 714 1
2 716 1
2 767 1
2 790 1
2 793 1
2 823 1
2 847 1
2 848 1
2 872 1
2 907 1
2 924 1
2 939 1
2 941 1
2 958 1
2 979 1
3 9 1
3 18 1
3 19 1
3 20 1
3 34 1
3 38 1
3 42 1
3 49 1
3 63 1
3 67 1
3 71 1
3 72 1
3 73 1
3 78 1
3 85 1
3 87 1
3 90 1
3 107 1
3 112 1
3 138 1
3 151 1
3 155 1
3 200 1
3 229 1
3 292 1
3 301 1
3 321 1
3 324 1
3 326 1
3 338 1
3 365 1
3 380 1
3 395 1
3 421 1
3 439 1
3 452 1
3 488 1
3 491 1
3 545 1
3 587 1
3 649 1
3 672 1
3 679 1
3 703 1
3 709 1
3 760 1
3 803 1
3 836 1
3 860 1
3 879 1
3 904 1
3 940 1
3 971 1
3 994 1
3 4 1
3 5 1
3 6 1
3 7 1
3 10 1
3 11 1
3 12 1
3 14 1
3 15 1
3 17 1
3 22 1
3 29 1
3 31 1
3 32 1
3 40 1
3 47 1
3 48 1
3 54 1
3 61 1
3 70 1
3 74 1
3 75 1
3 77 1
3 84 1
3 93 1
3 100 1
3 105 1
3 106 1
3 108 1
3 120 1
3 145 1
3 166 1
3 167 1
3 170 1
3 188 1
3 197 1
3 203 1
3 210 1
3 214 1
3 226 1
3 245 1
3 255 1
3 262 1
3 271 1
3 283 1
3 288 1
3 335 1
3 344 1
3 345 1
3 358 1
3 369 1
3 394 1
3 396 1
3 409 1
3 420 1
3 428 1
3 464 1
3 482 1
3 558 1
3 576 1
3 593 1
3 624 1
3 632 1
3 642 1
3 652 1
3 670 1
3 681 1
3 715 1
3 726 1
3 740 1
3 789 1
3 817 1
3 878 1
3 931 1
3 933 1
3 950 1
3 972 1
4 6 1
4 8 1
4 16 1
4 25 1
4 26 1
4 30 1
4 32 1
4 34 1
4 39 1
4 45 1
4 50 1
4 59 1
4 68 1
4 114 1
4 117 1
4 133 1
4 145 1
4 152 1
4 155 1
4 199 1
4 222 1
4 240 1
4 271 1
4 273 1
4 296 1
4 311 1
4 314 1
4 315 1
4 325 1
4 355 1
4 363 1
4 378 1
4 395 1
4 425 1
4 463 1
4 467 1
4 470 1
4 495 1
4 498 1
4 535 1
4 551 1
4 597 1
4 607 1
4 608 1
4 611 1
4 618 1
4 636 1
4 643 1
4 671 1
4 673 1
4 764 1
4 773 1
4 784 1
4 850 1
4 926 1
4 937 1
4 963 1
4 5 1
4 7 1
4 14 1
4 29 1
4 36 1
4 43 1
4 54 1
4 62 1
4 65 1
4 66 1
4 69 1
4 80 1
4 95 1
4 108 1
4 135 1
4 147 1
4 189 1
4 232 1
4 247 1
4 292 1
4 322 1
4 350 1
4 365 1
4 426 1
4 436 1
4 445 1
4 601 1
4 610 1
4 677 1
4 687 1
4 703 1
4 815 1
4 883 1
4 938 1
4 976 1
4 996 1
5 14 1
5 22 1
5 32 1
5 41 1
5 48 1
5 60 1
5 64 1
5 66 1
5 88 1
5 103 1
5 106 1
5 118 1
5 145 1
5 191 1
5 299 1
5 335 1
5 369 1
5 451 1
5 493 1
5 519 1
5 544 1
5 597 1
5 671 1
5 707 1
5 762 1
5 825 1
5 840 1
5 887 1
5 919 1
5 979 1
5 990 1
5 6 1
5 8 1
5 10 1
5 11 1
5 13 1
5 18 1
5 20 1
5 21 1
5 25 1
5 26 1
5 27 1
5 28 1
5 29 1
5 35 1
5 38 1
5 44 1
5 56 1
5 63 1
5 65 1
5 69 1
5 75 1
5 82 1
5 89 1
5 96 1
5 107 1
5 109 1
5 124 1
5 135 1
5 139 1
5 148 1
5 151 1
5 182 1
5 195 1
5 196 1
5 197 1
5 198 1
5 200 1
5 205 1
5 224 1
5 240 1
5 245 1
5 276 1
5 289 1
5 306 1
5 346 1
5 350 1
5 355 1
5 400 1
5 418 1
5 421 1
5 448 1
5 473 1
5 479 1
5 486 1
5 524 1
5 559 1
5 595 1
5 632 1
5 683 1
5 720 1
5 734 1
5 755 1
5 765 1
5 808 1
5 869 1
5 890 1
5 916 1
6 7 1
6 12 1
6 17 1
6 36 1
6 50 1
6 52 1
6 79 1
6 84 1
6 94 1
6 95 1
6 100 1
6 130 1
6 156 1
6 161 1
6 164 1
6 173 1
6 180 1
6 181 1
6 182 1
6 209 1
6 211 1
6 228 1
6 243 1
6 259 1
6 262 1
6 266 1
6 276 1
6 279 1
6 319 1
6 323 1
6 353 1
6 355 1
6 377 1
6 383 1
6 416 1
6 425 1
6 426 1
6 468 1
6 486 1
6 487 1
6 489 1
6 496 1
6 501 1
6 614 1
6 644 1
6 652 1
6 695 1
6 719 1
6 733 1
6 743 1
6 925 1
6 953 1
6 8 1
6 9 1
6 10 1
6 13 1
6 16 1
6 18 1
6 19 1
6 21 1
6 27 1
6 38 1
6 39 1
6 45 1
6 47 1
6 51 1
6 58 1
6 73 1
6 77 1
6 90 1
6 114 1
6 115 1
6 120 1
6 128 1
6 139 1
6 150 1
6 159 1
6 166 1
6 169 1
6 172 1
6 178 1
6 184 1
6 187 1
6 190 1
6 204 1
6 230 1
6 268 1
6 283 1
6 312 1
6 318 1
6 334 1
6 382 1
6 398 1
6 415 1
6 434 1
6 443 1
6 459 1
6 484 1
6 499 1
6 500 1
6 510 1
6 515 1
6 528 1
6 529 1
6 531 1
6 565 1
6 570 1
6 596 1
6 597 1
6 615 1
6 620 1
6 631 1
6 670 1
6 758 1
6 802 1
6 838 1
6 840 1
6 841 1
6 845 1
6 864 1
6 891 1
6 895 1
6 899 1
6 947 1
6 972 1
6 982 1
7 8 1
7 10 1
7 17 1
7 89 1
7 90 1
7 155 1
7 212 1
7 232 1
7 551 1
7 649 1
7 784 1
7 802 1
7 12 1
7 14 1
7 22 1
7 24 1
7 30 1
7 43 1
7 55 1
7 57 1
7 61 1
7 67 1
7 68 1
7 105 1
7 111 1
7 117 1
7 126 1
7 188 1
7 193 1
7 194 1
7 217 1
7 243 1
7 298 1
7 303 1
7 317 1
7 322 1
7 367 1
7 409 1
7 410 1
7 414 1
7 424 1
7 432 1
7 494 1
7 496 1
7 585 1
7 639 1
7 674 1
7 703 1
7 705 1
7 711 1
8 10 1
8 16 1
8 26 1
8 29 1
8 79 1
8 89 1
8 109 1
8 129 1
8 161 1
8 199 1
8 212 1
8 215 1
8 245 1
8 328 1
8 468 1
8 502 1
8 551 1
8 682 1
8 758 1
8 809 1
8 850 1
8 931 1
8 9 1
8 19 1
8 20 1
8 23 1
8 33 1
8 37 1
8 42 1
8 44 1
8 64 1
8 87 1
8 91 1
8 116 1
8 172 1
8 187 1
8 264 1
8 268 1
8 325 1
8 355 1
8 407 1
8 408 1
8 550 1
8 686 1
8 746 1
8 753 1
8 810 1
8 887 1
9 11 1
9 12 1
9 13 1
9 15 1
9 27 1
9 28 1
9 35 1
9 43 1
9 52 1
9 53 1
9 71 1
9 75 1
9 78 1
9 84 1
9 86 1
9 97 1
9 98 1
9 107 1
9 108 1
9 113 1
9 116 1
9 125 1
9 128 1
9 164 1
9 166 1
9 176 1
9 180 1
9 189 1
9 203 1
9 208 1
9 219 1
9 237 1
9 249 1
9 251 1
9 254 1
9 257 1
9 277 1
9 291 1
9 309 1
9 316 1
9 317 1
9 339 1
9 344 1
9 346 1
9 348 1
9 473 1
9 500 1
9 516 1
9 540 1
9 542 1
9 547 1
9 564 1
9 635 1
9 668 1
9 686 1
9 716 1
9 727 1
9 730 1
9 732 1
9 739 1
9 748 1
9 755 1
9 769 1
9 777 1
9 798 1
9 807 1
9 821 1
9 833 1
9 861 1
9 877 1
9 898 1
9 899 1
9 955 1
9 960 1
9 967 1
9 980 1
9 19 1
9 23 1
9 34 1
9 37 1
9 59 1
9 138 1
9 334 1
9 423 1
9 596 1
9 643 1
9 751 1
9 897 1
9 926 1
10 17 1
10 89 1
10 109 1
10 129 1
10 150 1
10 163 1
10 211 1
10 232 1
10 245 1
10 279 1
10 293 1
10 328 1
10 362 1
10 367 1
10 370 1
10 403 1
10 434 1
10 471 1
10 490 1
10 663 1
10 670 1
10 705 1
10 797 1
10 855 1
10 923 1
10 11 1
10 13 1
10 15 1
10 16 1
10 26 1
10 28 1
10 39 1
10 40 1
10 41 1
10 53 1
10 77 1
10 79 1
10 81 1
10 100 1
10 153 1
10 198 1
10 200 1
10 299 1
10 318 1
10 327 1
10 337 1
10 345 1
10 398 1
10 425 1
10 461 1
10 469 1
10 470 1
10 491 1
10 524 1
10 543 1
10 559 1
10 591 1
10 594 1
10 651 1
10 681 1
10 745 1
10 750 1
10 837 1
10 859 1
10 863 1
11 13 1
11 18 1
11 19 1
11 20 1
11 27 1
11 28 1
11 33 1
11 37 1
11 40 1
11 43 1
11 47 1
11 53 1
11 54 1
11 61 1
11 62 1
11 85 1
11 119 1
11 125 1
11 126 1
11 144 1
11 146 1
11 159 1
11 165 1
11 172 1
11 174 1
11 221 1
11 236 1
11 294 1
11 306 1
11 324 1
11 326 1
11 334 1
11 341 1
11 360 1
11 387 1
11 392 1
11 393 1
11 394 1
11 429 1
11 474 1
11 513 1
11 518 1
11 536 1
11 562 1
11 564 1
11 571 1
11 594 1
11 601 1
11 604 1
11 635 1
11 651 1
11 653 1
11 679 1
11 694 1
11 715 1
11 726 1
11 737 1
11 752 1
11 775 1
11 786 1
11 822 1
11 860 1
11 862 1
11 908 1
11 966 1
11 15 1
11 26 1
11 75 1
11 79 1
11 143 1
11 167 1
11 480 1
12 78 1
12 84 1
12 94 1
12 95 1
12 112 1
12 130 1
12 153 1
12 156 1
12 166 1
12 235 1
12 242 1
12 248 1
12 264 1
12 277 1
12 289 1
12 407 1
12 416 1
12 560 1
12 580 1
12 686 1
12 695 1
12 698 1
12 710 1
12 868 1
12 899 1
12 17 1
12 22 1
12 24 1
12 30 1
12 48 1
12 50 1
12 60 1
12 74 1
12 76 1
12 97 1
12 98 1
12 99 1
12 106 1
12 125 1
12 137 1
12 140 1
12 152 1
12 154 1
12 170 1
12 179 1
12 183 1
12 193 1
12 217 1
12 225 1
12 249 1
12 250 1
12 272 1
12 280 1
12 298 1
12 301 1
12 313 1
12 317 1
12 367 1
12 368 1
12 389 1
12 438 1
12 452 1
12 483 1
12 548 1
12 551 1
12 552 1
12 575 1
12 621 1
12 622 1
12 663 1
12 667 1
12 689 1
12 701 1
12 711 1
12 733 1
12 737 1
12 785 1
12 792 1
12 806 1
12 809 1
12 826 1
12 857 1
12 878 1
12 901 1
12 924 1
12 944 1
12 946 1
12 991 1
12 994 1
13 15 1
13 28 1
13 33 1
13 46 1
13 51 1
13 80 1
13 92 1
13 99 1
13 119 1
13 124 1
13 135 1
13 167 1
13 186 1
13 195 1
13 210 1
13 218 1
13 233 1
13 237 1
13 238 1
13 249 1
13 256 1
13 278 1
13 297 1
13 305 1
13 344 1
13 359 1
13 401 1
13 433 1
13 481 1
13 505 1
13 526 1
13 546 1
13 578 1
13 757 1
13 765 1
13 779 1
13 782 1
13 799 1
13 808 1
13 927 1
13 966 1
13 16 1
13 18 1
13 35 1
13 58 1
13 73 1
13 115 1
13 136 1
13 141 1
13 149 1
13 192 1
13 200 1
13 222 1
13 299 1
13 320 1
13 323 1
13 339 1
13 386 1
13 417 1
13 418 1
13 466 1
13 491 1
13 545 1
13 722 1
13 925 1
13 971 1
14 21 1
14 22 1
14 24 1
14 187 1
14 191 1
14 252 1
14 331 1
14 509 1
14 538 1
14 699 1
14 707 1
14 745 1
14 887 1
14 902 1
14 919 1
14 981 1
14 983 1
14 988 1
14 43 1
14 54 1
14 67 1
14 194 1
14 215 1
14 232 1
14 292 1
14 409 1
14 541 1
14 709 1
14 976 1
15 23 1
15 46 1
15 51 1
15 69 1
15 77 1
15 105 1
15 116 1
15 185 1
15 206 1
15 238 1
15 239 1
15 265 1
15 270 1
15 287 1
15 300 1
15 354 1
15 389 1
15 402 1
15 454 1
15 479 1
15 504 1
15 512 1
15 553 1
15 556 1
15 558 1
15 568 1
15 585 1
15 665 1
15 730 1
15 794 1
15 812 1
15 40 1
15 167 1
15 543 1
15 817 1
15 931 1
16 26 1
16 36 1
16 68 1
16 114 1
16 123 1
16 161 1
16 181 1
16 271 1
16 318 1
16 690 1
16 743 1
16 758 1
16 767 1
16 39 1
16 41 1
16 58 1
16 90 1
16 113 1
16 132 1
16 184 1
16 190 1
16 299 1
16 323 1
16 461 1
16 470 1
16 588 1
16 668 1
16 676 1
16 700 1
16 884 1
16 889 1
16 961 1
16 982 1
17 150 1
17 163 1
17 232 1
17 426 1
17 466 1
17 471 1
17 569 1
17 670 1
17 31 1
17 48 1
17 50 1
17 52 1
17 93 1
17 112 1
17 137 1
17 179 1
17 207 1
17 226 1
17 238 1
17 244 1
17 309 1
17 396 1
17 428 1
17 442 1
17 482 1
17 503 1
17 812 1
17 860 1
17 985 1
18 20 1
18 38 1
18 42 1
18 49 1
18 55 1
18 62 1
18 63 1
18 70 1
18 83 1
18 120 1
18 141 1
18 201 1
18 261 1
18 274 1
18 298 1
18 301 1
18 310 1
18 374 1
18 387 1
18 521 1
18 539 1
18 645 1
18 648 1
18 650 1
18 742 1
18 795 1
18 829 1
18 836 1
18 837 1
18 859 1
18 879 1
18 911 1
18 974 1
18 984 1
18 21 1
18 35 1
18 56 1
18 115 1
18 136 1
18 192 1
18 204 1
18 222 1
18 415 1
18 440 1
18 481 1
18 490 1
18 598 1
18 675 1
18 734 1
18 755 1
18 763 1
18 788 1
18 927 1
19 27 1
19 71 1
19 75 1
19 85 1
19 87 1
19 134 1
19 304 1
19 317 1
19 360 1
19 499 1
19 527 1
19 543 1
19 659 1
19 697 1
19 700 1
19 718 1
19 998 1
19 37 1
19 59 1
19 172 1
19 325 1
19 354 1
19 364 1
19 500 1
19 506 1
19 577 1
19 596 1
19 751 1
19 897 1
19 965 1
19 984 1
20 38 1
20 47 1
20 55 1
20 151 1
20 380 1
20 387 1
20 513 1
20 587 1
20 627 1
20 766 1
20 984 1
20 25 1
20 42 1
20 44 1
20 46 1
20 72 1
20 85 1
20 87 1
20 88 1
20 91 1
20 104 1
20 116 1
20 118 1
20 121 1
20 156 1
20 157 1
20 160 1
20 173 1
20 175 1
20 212 1
20 224 1
20 242 1
20 246 1
20 260 1
20 270 1
20 281 1
20 297 1
20 308 1
20 395 1
20 509 1
20 562 1
20 583 1
20 691 1
20 697 1
20 765 1
20 903 1
20 916 1
20 963 1
20 990 1
21 24 1
21 101 1
21 252 1
21 308 1
21 331 1
21 412 1
21 509 1
21 629 1
21 638 1
21 689 1
21 838 1
21 841 1
21 27 1
21 51 1
21 56 1
21 82 1
21 107 1
21 129 1
21 146 1
21 204 1
21 276 1
21 294 1
21 490 1
21 612 1
21 930 1
22 106 1
22 187 1
22 335 1
22 493 1
22 790 1
22 887 1
22 981 1
22 24 1
22 55 1
22 57 1
22 61 1
22 68 1
22 71 1
22 74 1
22 97 1
22 98 1
22 99 1
22 110 1
22 117 1
22 214 1
22 219 1
22 262 1
22 266 1
22 287 1
22 358 1
22 388 1
22 412 1
22 413 1
22 478 1
22 533 1
22 544 1
22 590 1
22 664 1
22 754 1
22 827 1
22 839 1
22 851 1
22 888 1
22 894 1
22 901 1
22 917 1
22 951 1
23 98 1
23 105 1
23 110 1
23 116 1
23 149 1
23 168 1
23 219 1
23 254 1
23 291 1
23 405 1
23 458 1
23 469 1
23 479 1
23 504 1
23 547 1
23 553 1
23 556 1
23 567 1
23 634 1
23 674 1
23 677 1
23 798 1
23 820 1
23 907 1
23 33 1
23 34 1
23 64 1
23 127 1
23 331 1
23 372 1
23 391 1
23 423 1
23 431 1
23 546 1
24 56 1
24 58 1
24 101 1
24 231 1
24 509 1
24 638 1
24 841 1
24 881 1
24 988 1
24 55 1
24 99 1
24 140 1
24 193 1
24 664 1
24 689 1
24 701 1
24 754 1
24 813 1
25 32 1
25 41 1
25 45 1
25 48 1
25 57 1
25 60 1
25 65 1
25 96 1
25 117 1
25 147 1
25 194 1
25 197 1
25 213 1
25 240 1
25 246 1
25 263 1
25 364 1
25 495 1
25 508 1
25 607 1
25 701 1
25 714 1
25 747 1
25 806 1
25 825 1
25 889 1
25 910 1
25 88 1
25 122 1
25 196 1
25 224 1
25 269 1
25 284 1
25 377 1
25 421 1
25 476 1
25 486 1
25 519 1
25 580 1
25 602 1
25 692 1
25 852 1
25 980 1
26 29 1
26 30 1
26 31 1
26 44 1
26 133 1
26 140 1
26 179 1
26 215 1
26 281 1
26 502 1
26 661 1
26 712 1
26 982 1
26 28 1
26 79 1
26 81 1
26 143 1
26 148 1
26 153 1
26 171 1
26 211 1
26 256 1
26 327 1
26 469 1
26 480 1
26 627 1
26 863 1
27 317 1
27 500 1
27 543 1
27 776 1
27 818 1
27 38 1
27 45 1
27 51 1
27 63 1
27 78 1
27 82 1
27 86 1
27 114 1
27 119 1
27 230 1
27 240 1
27 248 1
27 294 1
27 382 1
27 456 1
27 488 1
27 521 1
27 849 1
27 999 1
28 35 1
28 37 1
28 40 1
28 54 1
28 76 1
28 82 1
28 86 1
28 92 1
28 93 1
28 97 1
28 102 1
28 127 1
28 144 1
28 171 1
28 176 1
28 196 1
28 203 1
28 204 1
28 227 1
28 230 1
28 233 1
28 282 1
28 295 1
28 297 1
28 305 1
28 320 1
28 348 1
28 350 1
28 372 1
28 393 1
28 408 1
28 432 1
28 448 1
28 478 1
28 482 1
28 537 1
28 557 1
28 570 1
28 571 1
28 576 1
28 582 1
28 588 1
28 729 1
28 736 1
28 751 1
28 810 1
28 877 1
28 885 1
28 898 1
28 915 1
28 929 1
28 943 1
28 946 1
28 948 1
28 956 1
28 959 1
28 81 1
28 148 1
28 195 1
28 198 1
28 205 1
28 231 1
28 337 1
28 341 1
28 468 1
28 479 1
28 508 1
28 594 1
28 607 1
28 637 1
28 693 1
28 708 1
28 745 1
28 760 1
28 769 1
28 796 1
28 829 1
28 837 1
28 912 1
29 30 1
29 31 1
29 39 1
29 44 1
29 142 1
29 179 1
29 199 1
29 275 1
29 281 1
29 325 1
29 337 1
29 497 1
29 506 1
29 559 1
29 613 1
29 761 1
29 65 1
29 108 1
29 210 1
29 365 1
29 370 1
29 403 1
29 420 1
29 471 1
29 677 1
29 775 1
29 871 1
30 31 1
30 39 1
30 59 1
30 133 1
30 140 1
30 142 1
30 152 1
30 267 1
30 272 1
30 273 1
30 302 1
30 312 1
30 322 1
30 414 1
30 418 1
30 435 1
30 498 1
30 506 1
30 620 1
30 661 1
30 744 1
30 963 1
30 60 1
30 76 1
30 111 1
30 275 1
30 298 1
30 389 1
30 679 1
30 820 1
30 821 1
30 904 1
30 923 1
30 948 1
31 140 1
31 142 1
31 272 1
31 275 1
31 281 1
31 312 1
31 559 1
31 574 1
31 712 1
31 32 1
31 49 1
31 52 1
31 83 1
31 155 1
31 209 1
31 343 1
31 347 1
31 348 1
31 362 1
31 376 1
31 390 1
31 396 1
31 399 1
31 402 1
31 465 1
31 525 1
31 526 1
31 625 1
31 626 1
31 757 1
31 766 1
31 801 1
31 816 1
31 848 1
31 950 1
31 986 1
31 998 1
32 45 1
32 48 1
32 57 1
32 315 1
32 347 1
32 643 1
32 671 1
32 49 1
32 70 1
32 155 1
32 164 1
32 202 1
32 206 1
32 237 1
32 265 1
32 348 1
32 366 1
32 465 1
32 525 1
32 535 1
32 571 1
32 634 1
32 762 1
32 830 1
32 950 1
32 970 1
32 979 1
33 119 1
33 124 1
33 186 1
33 221 1
33 256 1
33 306 1
33 341 1
33 349 1
33 356 1
33 394 1
33 399 1
33 450 1
33 477 1
33 536 1
33 583 1
33 656 1
33 676 1
33 890 1
33 64 1
33 127 1
33 264 1
33 391 1
33 909 1
34 314 1
34 400 1
34 331 1
34 423 1
34 431 1
34 875 1
34 967 1
35 92 1
35 176 1
35 230 1
35 237 1
35 481 1
35 482 1
35 748 1
35 757 1
35 136 1
35 149 1
35 320 1
35 332 1
35 755 1
35 927 1
35 971 1
36 50 1
36 68 1
36 100 1
36 181 1
36 243 1
36 318 1
36 644 1
36 764 1
36 773 1
36 878 1
36 62 1
36 66 1
36 80 1
36 102 1
36 123 1
36 162 1
36 168 1
36 216 1
36 229 1
36 307 1
36 316 1
36 441 1
36 449 1
36 572 1
36 586 1
36 609 1
36 656 1
36 815 1
36 879 1
36 898 1
37 40 1
37 43 1
37 61 1
37 86 1
37 93 1
37 104 1
37 113 1
37 115 1
37 137 1
37 174 1
37 217 1
37 258 1
37 366 1
37 398 1
37 422 1
37 550 1
37 681 1
37 725 1
37 822 1
37 954 1
37 59 1
37 138 1
37 285 1
37 304 1
37 532 1
37 581 1
37 902 1
38 42 1
38 55 1
38 72 1
38 73 1
38 74 1
38 83 1
38 225 1
38 234 1
38 250 1
38 261 1
38 286 1
38 391 1
38 423 1
38 443 1
38 545 1
38 600 1
38 642 1
38 645 1
38 666 1
38 774 1
38 904 1
38 45 1
38 63 1
38 78 1
38 86 1
38 94 1
38 96 1
38 128 1
38 139 1
38 163 1
38 178 1
38 434 1
38 472 1
38 473 1
38 521 1
38 564 1
38 566 1
38 739 1
38 777 1
38 866 1
38 891 1
38 1000 1
39 59 1
39 267 1
39 325 1
39 435 1
39 463 1
39 834 1
39 41 1
39 53 1
39 90 1
39 113 1
39 199 1
39 359 1
39 591 1
39 645 1
39 915 1
39 961 1
40 54 1
40 76 1
40 82 1
40 122 1
40 126 1
40 159 1
40 174 1
40 204 1
40 227 1
40 334 1
40 398 1
40 510 1
40 530 1
40 655 1
40 903 1
40 100 1
40 369 1
40 543 1
40 750 1
40 817 1
40 932 1
41 60 1
41 64 1
41 96 1
41 847 1
41 930 1
41 53 1
41 199 1
41 228 1
41 446 1
41 461 1
41 645 1
41 662 1
42 49 1
42 67 1
42 83 1
42 120 1
42 141 1
42 225 1
42 274 1
42 303 1
42 391 1
42 417 1
42 443 1
42 791 1
42 829 1
42 859 1
42 46 1
42 87 1
42 118 1
42 260 1
42 290 1
42 371 1
42 395 1
42 487 1
42 504 1
42 514 1
42 617 1
42 797 1
42 955 1
43 53 1
43 61 1
43 113 1
43 115 1
43 137 1
43 172 1
43 351 1
43 366 1
43 373 1
43 511 1
43 540 1
43 550 1
43 589 1
43 594 1
43 606 1
43 609 1
43 623 1
43 626 1
43 741 1
43 811 1
43 854 1
43 870 1
43 962 1
43 985 1
43 67 1
43 215 1
43 232 1
43 247 1
43 492 1
43 494 1
43 541 1
43 610 1
43 687 1
43 709 1
44 179 1
44 215 1
44 497 1
44 613 1
44 982 1
44 355 1
44 408 1
44 765 1
45 57 1
45 65 1
45 147 1
45 184 1
45 194 1
45 315 1
45 347 1
45 376 1
45 701 1
45 728 1
45 86 1
45 94 1
45 114 1
45 119 1
45 128 1
45 134 1
45 150 1
45 456 1
45 488 1
45 515 1
45 690 1
45 729 1
45 741 1
45 867 1
45 922 1
45 989 1
46 51 1
46 69 1
46 77 1
46 80 1
46 91 1
46 99 1
46 111 1
46 131 1
46 132 1
46 135 1
46 157 1
46 162 1
46 183 1
46 206 1
46 216 1
46 224 1
46 283 1
46 287 1
46 433 1
46 437 1
46 442 1
46 444 1
46 457 1
46 480 1
46 549 1
46 572 1
46 602 1
46 665 1
46 702 1
46 720 1
46 794 1
46 799 1
46 808 1
46 827 1
46 835 1
46 72 1
46 85 1
46 118 1
46 121 1
46 144 1
46 290 1
46 349 1
46 375 1
46 463 1
46 727 1
46 743 1
46 791 1
46 797 1
47 151 1
47 160 1
47 229 1
47 436 1
47 488 1
47 513 1
47 627 1
47 679 1
47 766 1
47 620 1
47 972 1
48 50 1
48 93 1
48 125 1
48 154 1
48 170 1
48 174 1
48 177 1
48 180 1
48 203 1
48 225 1
48 271 1
48 278 1
48 646 1
48 657 1
48 740 1
48 776 1
48 811 1
48 812 1
48 831 1
48 843 1
48 862 1
48 933 1
48 985 1
49 63 1
49 67 1
49 70 1
49 141 1
49 539 1
49 541 1
49 795 1
49 888 1
49 155 1
49 164 1
49 185 1
49 202 1
49 206 1
49 209 1
49 221 1
49 234 1
49 237 1
49 277 1
49 343 1
49 393 1
49 538 1
49 571 1
49 640 1
49 914 1
49 970 1
50 100 1
50 764 1
50 125 1
50 137 1
50 152 1
50 174 1
50 180 1
50 249 1
50 261 1
50 328 1
50 462 1
50 485 1
50 520 1
50 730 1
50 968 1
51 69 1
51 91 1
51 135 1
51 157 1
51 185 1
51 224 1
51 238 1
51 239 1
51 244 1
51 270 1
51 278 1
51 288 1
51 307 1
51 332 1
51 340 1
51 354 1
51 388 1
51 444 1
51 447 1
51 558 1
51 602 1
51 696 1
51 916 1
51 938 1
51 972 1
51 987 1
51 230 1
51 294 1
52 128 1
52 175 1
52 182 1
52 190 1
52 209 1
52 214 1
52 226 1
52 262 1
52 323 1
52 357 1
52 605 1
52 617 1
52 639 1
52 660 1
52 740 1
52 785 1
52 894 1
52 900 1
52 83 1
52 92 1
52 101 1
52 112 1
52 142 1
52 158 1
52 235 1
52 356 1
52 430 1
52 633 1
52 661 1
52 724 1
53 125 1
53 594 1
53 199 1
53 228 1
53 311 1
53 446 1
53 574 1
53 591 1
53 707 1
53 784 1
53 804 1
53 915 1
54 76 1
54 126 1
54 144 1
54 165 1
54 202 1
54 358 1
54 601 1
54 653 1
54 655 1
54 726 1
54 735 1
54 959 1
55 645 1
55 648 1
55 666 1
55 57 1
55 71 1
55 243 1
55 253 1
55 338 1
55 475 1
55 748 1
55 754 1
55 964 1
56 58 1
56 81 1
56 101 1
56 231 1
56 412 1
56 577 1
56 107 1
56 129 1
56 130 1
56 146 1
56 151 1
56 201 1
56 257 1
56 340 1
56 458 1
56 490 1
56 493 1
56 507 1
56 513 1
56 522 1
56 547 1
56 592 1
56 598 1
56 614 1
56 685 1
56 712 1
56 734 1
56 763 1
56 771 1
56 870 1
56 943 1
57 147 1
57 184 1
57 246 1
57 347 1
57 446 1
57 796 1
57 68 1
57 71 1
57 243 1
57 253 1
57 263 1
57 266 1
57 287 1
57 303 1
57 338 1
57 475 1
57 604 1
57 705 1
57 964 1
58 81 1
58 205 1
58 595 1
58 688 1
58 978 1
58 73 1
58 141 1
58 159 1
58 184 1
58 323 1
58 339 1
58 387 1
58 466 1
58 567 1
58 584 1
58 700 1
58 722 1
59 152 1
59 267 1
59 302 1
59 138 1
59 285 1
59 643 1
59 751 1
60 88 1
60 369 1
60 411 1
60 441 1
60 533 1
60 76 1
60 275 1
60 368 1
60 380 1
60 452 1
60 904 1
60 923 1
60 936 1
60 994 1
61 115 1
61 172 1
61 351 1
61 775 1
61 105 1
61 335 1
61 358 1
61 648 1
61 715 1
62 146 1
62 220 1
62 313 1
62 392 1
62 80 1
62 189 1
62 213 1
62 216 1
62 227 1
62 307 1
62 316 1
62 342 1
62 516 1
62 834 1
62 938 1
63 70 1
63 201 1
63 301 1
63 675 1
63 78 1
63 96 1
63 163 1
63 248 1
63 472 1
63 595 1
63 683 1
63 808 1
63 877 1
63 880 1
64 847 1
64 930 1
64 932 1
64 391 1
64 546 1
65 240 1
65 296 1
65 440 1
65 69 1
65 89 1
65 95 1
65 103 1
65 133 1
65 147 1
65 182 1
65 258 1
65 259 1
65 279 1
65 293 1
65 319 1
65 321 1
65 365 1
65 370 1
65 439 1
65 450 1
65 589 1
65 635 1
65 718 1
65 807 1
65 892 1
65 937 1
66 103 1
66 145 1
66 384 1
66 428 1
66 753 1
66 937 1
66 572 1
66 815 1
67 194 1
67 215 1
67 494 1
68 114 1
68 123 1
68 318 1
68 409 1
68 690 1
68 773 1
68 117 1
68 126 1
68 303 1
68 315 1
68 604 1
68 836 1
69 91 1
69 185 1
69 206 1
69 402 1
69 454 1
69 480 1
69 696 1
69 771 1
69 801 1
69 812 1
69 869 1
69 939 1
69 89 1
69 95 1
69 103 1
69 109 1
69 133 1
69 258 1
69 282 1
69 383 1
69 635 1
69 649 1
69 682 1
70 201 1
70 298 1
70 460 1
70 795 1
70 974 1
70 84 1
70 208 1
70 252 1
70 265 1
70 302 1
70 336 1
70 714 1
71 75 1
71 107 1
71 108 1
71 134 1
71 148 1
71 170 1
71 189 1
71 193 1
71 251 1
71 304 1
71 491 1
71 499 1
71 527 1
71 555 1
71 678 1
71 813 1
71 828 1
71 833 1
71 906 1
71 967 1
71 253 1
71 263 1
71 266 1
71 748 1
71 959 1
72 73 1
72 250 1
72 292 1
72 410 1
72 494 1
72 587 1
72 664 1
72 672 1
72 709 1
72 832 1
72 839 1
72 901 1
72 913 1
72 952 1
72 85 1
72 144 1
72 157 1
72 233 1
72 236 1
72 267 1
72 270 1
72 300 1
72 326 1
72 373 1
72 405 1
72 453 1
72 463 1
72 534 1
72 557 1
72 629 1
72 665 1
72 735 1
72 791 1
72 794 1
73 74 1
73 138 1
73 200 1
73 250 1
73 286 1
73 292 1
73 338 1
73 410 1
73 494 1
73 584 1
73 664 1
73 713 1
73 774 1
73 803 1
73 805 1
73 832 1
73 905 1
73 999 1
73 141 1
73 159 1
74 138 1
74 545 1
74 584 1
74 905 1
74 97 1
74 106 1
74 110 1
74 145 1
74 214 1
74 286 1
74 429 1
74 464 1
74 483 1
74 495 1
74 539 1
74 551 1
74 553 1
74 599 1
74 611 1
74 721 1
74 752 1
74 774 1
74 854 1
74 929 1
75 108 1
75 134 1
75 148 1
75 170 1
75 193 1
75 253 1
75 503 1
75 628 1
75 893 1
75 960 1
75 197 1
75 344 1
76 82 1
76 102 1
76 122 1
76 127 1
76 136 1
76 196 1
76 290 1
76 295 1
76 352 1
76 379 1
76 524 1
76 622 1
76 655 1
76 872 1
76 941 1
76 946 1
76 959 1
76 992 1
76 904 1
76 936 1
76 994 1
77 131 1
77 512 1
77 568 1
77 120 1
77 312 1
77 318 1
77 345 1
77 499 1
77 510 1
77 623 1
77 653 1
77 738 1
77 802 1
77 859 1
77 899 1
78 112 1
78 235 1
78 686 1
78 163 1
78 248 1
78 521 1
78 564 1
78 739 1
78 849 1
78 866 1
78 999 1
79 245 1
79 809 1
79 143 1
79 171 1
79 327 1
79 425 1
79 787 1
80 99 1
80 111 1
80 121 1
80 139 1
80 269 1
80 462 1
80 596 1
80 722 1
80 738 1
80 189 1
80 213 1
80 307 1
80 433 1
80 850 1
80 879 1
80 898 1
81 205 1
81 361 1
81 688 1
81 909 1
81 153 1
81 337 1
82 102 1
82 122 1
82 136 1
82 171 1
82 204 1
82 290 1
82 345 1
82 350 1
82 522 1
82 530 1
82 537 1
82 576 1
82 633 1
82 903 1
82 240 1
82 276 1
82 289 1
82 612 1
83 120 1
83 225 1
83 234 1
83 261 1
83 303 1
83 342 1
83 456 1
83 642 1
83 826 1
83 92 1
83 161 1
83 165 1
83 347 1
83 356 1
83 390 1
83 401 1
83 537 1
83 618 1
83 659 1
83 661 1
83 695 1
83 766 1
83 816 1
83 941 1
84 94 1
84 164 1
84 166 1
84 169 1
84 173 1
84 178 1
84 223 1
84 268 1
84 280 1
84 377 1
84 386 1
84 438 1
84 483 1
84 579 1
84 739 1
84 769 1
84 858 1
84 866 1
84 871 1
84 208 1
84 218 1
84 336 1
85 87 1
85 321 1
85 324 1
85 360 1
85 429 1
85 697 1
85 700 1
85 144 1
85 157 1
85 233 1
85 236 1
85 349 1
85 474 1
86 93 1
86 97 1
86 104 1
86 588 1
86 729 1
86 993 1
86 94 1
86 134 1
86 456 1
86 566 1
86 710 1
86 922 1
87 321 1
87 365 1
87 439 1
87 700 1
87 718 1
87 91 1
87 173 1
87 407 1
87 887 1
88 369 1
88 411 1
88 519 1
88 533 1
88 825 1
88 104 1
88 122 1
88 160 1
88 251 1
88 580 1
88 641 1
88 795 1
88 885 1
89 212 1
89 705 1
89 103 1
89 109 1
89 124 1
89 182 1
89 259 1
89 279 1
89 282 1
89 295 1
89 330 1
89 411 1
89 589 1
89 650 1
89 764 1
89 780 1
89 876 1
90 113 1
90 132 1
90 190 1
90 359 1
90 529 1
90 563 1
90 668 1
91 157 1
91 457 1
91 480 1
91 680 1
91 702 1
91 801 1
91 846 1
91 116 1
91 156 1
91 173 1
91 246 1
91 407 1
91 454 1
91 489 1
91 550 1
91 903 1
91 978 1
92 230 1
92 233 1
92 757 1
92 101 1
92 142 1
92 161 1
92 165 1
92 181 1
92 235 1
92 356 1
92 357 1
92 401 1
92 618 1
92 633 1
93 104 1
93 729 1
93 226 1
93 238 1
93 394 1
93 812 1
93 933 1
94 95 1
94 153 1
94 173 1
94 177 1
94 259 1
94 264 1
94 268 1
94 280 1
94 289 1
94 386 1
94 586 1
94 616 1
94 652 1
94 654 1
94 733 1
94 734 1
94 857 1
94 925 1
94 134 1
94 566 1
94 710 1
94 777 1
95 130 1
95 153 1
95 177 1
95 242 1
95 368 1
95 371 1
95 455 1
95 560 1
95 733 1
95 734 1
95 853 1
95 961 1
95 147 1
95 258 1
95 319 1
95 807 1
95 996 1
96 263 1
96 364 1
96 390 1
96 424 1
96 910 1
96 595 1
97 203 1
97 432 1
97 588 1
97 993 1
97 98 1
97 110 1
97 183 1
97 219 1
97 286 1
97 291 1
97 310 1
97 353 1
97 360 1
97 379 1
97 388 1
97 404 1
97 419 1
97 429 1
97 467 1
97 483 1
97 495 1
97 511 1
97 582 1
97 603 1
97 621 1
97 630 1
97 893 1
98 110 1
98 149 1
98 208 1
98 517 1
98 634 1
98 183 1
98 219 1
98 272 1
98 353 1
98 419 1
98 555 1
98 851 1
98 893 1
98 913 1
98 944 1
99 111 1
99 139 1
99 143 1
99 154 1
99 192 1
99 285 1
99 415 1
99 433 1
99 549 1
99 596 1
99 603 1
99 667 1
99 722 1
99 140 1
99 664 1
99 813 1
99 901 1
99 951 1
99 966 1
100 243 1
100 369 1
100 681 1
100 750 1
100 932 1
101 231 1
101 412 1
101 577 1
101 881 1
101 142 1
101 181 1
101 191 1
101 241 1
101 430 1
101 437 1
101 846 1
102 127 1
102 136 1
102 171 1
102 524 1
102 557 1
102 633 1
102 751 1
102 872 1
102 992 1
102 123 1
102 131 1
102 168 1
102 220 1
102 549 1
102 702 1
102 858 1
103 118 1
103 299 1
103 384 1
103 413 1
103 453 1
103 753 1
103 804 1
103 844 1
103 979 1
103 133 1
103 259 1
103 282 1
103 293 1
103 383 1
103 649 1
103 650 1
103 783 1
103 892 1
104 160 1
104 297 1
105 265 1
105 284 1
105 300 1
105 330 1
105 479 1
105 585 1
105 188 1
105 288 1
105 335 1
105 410 1
105 435 1
105 648 1
106 198 1
106 335 1
106 451 1
106 790 1
106 840 1
106 145 1
106 551 1
106 611 1
106 785 1
107 491 1
107 833 1
107 129 1
107 130 1
107 151 1
107 448 1
107 458 1
107 522 1
107 568 1
107 613 1
107 842 1
107 930 1
108 170 1
108 189 1
108 339 1
108 346 1
108 503 1
108 555 1
108 592 1
108 628 1
108 678 1
108 816 1
108 897 1
108 960 1
108 210 1
108 403 1
108 471 1
108 677 1
109 129 1
109 682 1
109 705 1
109 923 1
109 931 1
109 124 1
109 330 1
109 411 1
109 876 1
110 149 1
110 168 1
110 188 1
110 247 1
110 458 1
110 469 1
110 763 1
110 933 1
110 286 1
110 291 1
110 310 1
110 388 1
110 467 1
110 511 1
110 569 1
110 582 1
110 803 1
110 832 1
110 977 1
111 121 1
111 132 1
111 139 1
111 143 1
111 162 1
111 269 1
111 283 1
111 285 1
111 459 1
111 492 1
111 549 1
111 924 1
111 432 1
111 496 1
111 606 1
111 636 1
112 235 1
112 158 1
112 207 1
112 309 1
112 442 1
112 881 1
113 540 1
113 550 1
113 609 1
113 727 1
113 783 1
113 962 1
113 132 1
113 359 1
113 563 1
113 961 1
114 123 1
114 271 1
114 409 1
114 427 1
114 535 1
114 778 1
114 119 1
114 150 1
114 169 1
114 186 1
114 363 1
114 382 1
114 484 1
114 505 1
114 597 1
114 615 1
114 729 1
114 773 1
114 833 1
114 989 1
115 137 1
115 217 1
115 606 1
115 626 1
115 681 1
115 725 1
115 800 1
115 811 1
115 954 1
115 222 1
115 417 1
115 925 1
115 940 1
116 291 1
116 405 1
116 504 1
116 567 1
116 730 1
116 156 1
116 175 1
116 212 1
116 454 1
116 530 1
116 536 1
116 550 1
116 671 1
116 686 1
116 749 1
116 810 1
116 818 1
116 835 1
116 905 1
117 222 1
117 260 1
117 311 1
117 495 1
117 561 1
117 611 1
117 126 1
117 315 1
117 836 1
117 995 1
118 299 1
118 413 1
118 804 1
118 121 1
118 242 1
118 260 1
118 371 1
118 797 1
118 990 1
119 167 1
119 195 1
119 210 1
119 218 1
119 256 1
119 306 1
119 356 1
119 359 1
119 375 1
119 401 1
119 526 1
119 529 1
119 704 1
119 717 1
119 723 1
119 724 1
119 787 1
119 880 1
119 944 1
119 950 1
119 488 1
119 690 1
119 729 1
119 741 1
120 829 1
120 166 1
120 312 1
120 631 1
120 653 1
120 789 1
120 814 1
121 132 1
121 269 1
121 459 1
121 462 1
121 843 1
121 242 1
121 281 1
121 542 1
122 903 1
122 251 1
122 269 1
122 284 1
122 580 1
122 641 1
122 795 1
122 852 1
123 409 1
123 131 1
123 162 1
123 176 1
123 254 1
123 273 1
124 186 1
124 399 1
124 450 1
124 912 1
124 330 1
125 564 1
125 154 1
125 174 1
125 177 1
125 250 1
125 261 1
125 305 1
125 313 1
125 329 1
125 646 1
125 744 1
125 776 1
126 159 1
126 165 1
126 202 1
126 236 1
126 474 1
126 518 1
126 315 1
127 196 1
127 320 1
127 385 1
127 570 1
127 872 1
127 372 1
127 909 1
128 158 1
128 175 1
128 207 1
128 226 1
128 333 1
128 534 1
128 824 1
128 874 1
128 515 1
129 682 1
129 130 1
129 146 1
129 201 1
129 340 1
129 385 1
129 451 1
129 527 1
129 568 1
129 613 1
129 680 1
129 712 1
129 761 1
129 930 1
129 943 1
130 156 1
130 242 1
130 580 1
130 853 1
130 201 1
130 257 1
130 522 1
130 568 1
131 183 1
131 254 1
131 273 1
131 314 1
131 406 1
131 501 1
131 874 1
131 906 1
132 162 1
132 437 1
132 442 1
132 459 1
132 492 1
132 572 1
132 668 1
133 273 1
133 661 1
133 744 1
133 383 1
133 783 1
133 892 1
134 148 1
134 304 1
134 813 1
134 828 1
134 906 1
134 922 1
135 224 1
135 244 1
135 278 1
135 288 1
135 388 1
135 514 1
135 799 1
135 949 1
135 970 1
135 306 1
135 350 1
135 436 1
135 772 1
136 290 1
136 345 1
136 352 1
136 524 1
136 149 1
136 192 1
136 332 1
136 386 1
136 392 1
136 440 1
136 573 1
136 608 1
136 675 1
136 919 1
136 927 1
137 217 1
137 258 1
137 366 1
137 373 1
137 511 1
137 606 1
137 152 1
137 462 1
137 737 1
138 200 1
138 584 1
138 805 1
138 285 1
138 304 1
138 497 1
138 581 1
138 643 1
138 926 1
139 143 1
139 154 1
139 192 1
139 241 1
139 382 1
139 596 1
139 667 1
139 178 1
139 473 1
139 720 1
140 712 1
141 274 1
141 310 1
141 523 1
141 539 1
141 541 1
141 593 1
141 685 1
141 863 1
141 888 1
141 958 1
141 339 1
141 387 1
142 272 1
142 275 1
142 337 1
142 418 1
142 506 1
142 548 1
142 574 1
142 610 1
142 181 1
142 191 1
142 235 1
142 430 1
142 437 1
142 447 1
142 688 1
142 723 1
142 819 1
143 154 1
143 241 1
143 285 1
143 415 1
143 641 1
143 924 1
143 171 1
143 211 1
143 256 1
143 480 1
143 518 1
143 787 1
143 974 1
144 393 1
144 408 1
144 449 1
144 598 1
144 601 1
144 694 1
144 786 1
144 862 1
144 943 1
144 233 1
144 267 1
144 349 1
144 427 1
144 727 1
144 853 1
145 597 1
145 618 1
145 464 1
145 599 1
145 611 1
145 642 1
145 854 1
146 220 1
146 294 1
146 313 1
146 392 1
146 991 1
147 184 1
147 194 1
147 197 1
147 246 1
147 376 1
147 406 1
147 430 1
147 446 1
147 508 1
147 563 1
147 599 1
147 708 1
147 728 1
147 796 1
147 806 1
147 848 1
147 867 1
147 920 1
147 964 1
147 319 1
147 321 1
147 996 1
148 813 1
148 195 1
148 231 1
148 400 1
148 468 1
148 508 1
148 779 1
149 168 1
149 188 1
149 404 1
149 631 1
149 634 1
149 677 1
149 907 1
149 933 1
149 320 1
149 332 1
149 386 1
149 392 1
149 573 1
149 616 1
150 163 1
150 211 1
150 266 1
150 293 1
150 319 1
150 362 1
150 367 1
150 403 1
150 426 1
150 466 1
150 486 1
150 515 1
150 569 1
150 614 1
150 657 1
150 754 1
150 788 1
150 851 1
150 936 1
150 169 1
150 186 1
150 223 1
150 351 1
150 352 1
150 361 1
150 381 1
150 699 1
150 838 1
150 953 1
151 160 1
151 229 1
151 380 1
151 436 1
151 448 1
151 458 1
151 493 1
152 302 1
152 322 1
152 620 1
152 625 1
152 683 1
152 249 1
152 462 1
152 730 1
152 737 1
153 177 1
153 264 1
153 368 1
153 371 1
153 560 1
153 616 1
153 772 1
153 849 1
153 875 1
153 961 1
154 192 1
154 241 1
154 382 1
154 603 1
154 177 1
154 225 1
154 250 1
154 305 1
154 455 1
154 548 1
154 667 1
154 728 1
154 855 1
154 862 1
154 921 1
155 395 1
155 421 1
155 649 1
155 691 1
155 784 1
155 802 1
155 934 1
155 164 1
155 185 1
155 239 1
155 348 1
155 362 1
155 366 1
155 376 1
155 397 1
155 399 1
155 416 1
155 460 1
155 477 1
155 512 1
155 540 1
155 830 1
155 986 1
155 992 1
156 416 1
156 580 1
156 175 1
156 246 1
156 308 1
156 454 1
156 489 1
156 530 1
156 536 1
156 583 1
156 655 1
156 671 1
156 835 1
157 457 1
157 602 1
157 680 1
157 720 1
157 846 1
157 236 1
157 474 1
157 794 1
158 175 1
158 207 1
158 255 1
158 333 1
158 397 1
158 445 1
158 605 1
158 617 1
158 619 1
158 740 1
158 896 1
158 975 1
159 236 1
160 627 1
161 468 1
161 758 1
161 165 1
161 357 1
161 537 1
161 659 1
161 767 1
161 793 1
162 283 1
162 437 1
162 835 1
162 876 1
162 176 1
162 441 1
162 609 1
163 293 1
163 471 1
163 569 1
163 855 1
163 472 1
163 564 1
163 1000 1
164 169 1
164 180 1
164 223 1
164 336 1
164 739 1
164 858 1
164 866 1
164 953 1
164 185 1
164 202 1
164 234 1
164 239 1
164 277 1
164 366 1
164 397 1
164 460 1
164 666 1
164 673 1
164 762 1
164 952 1
165 202 1
165 358 1
165 474 1
165 562 1
165 651 1
165 653 1
165 401 1
165 659 1
166 277 1
166 309 1
166 407 1
166 473 1
166 624 1
166 769 1
166 792 1
166 861 1
166 871 1
166 947 1
166 283 1
166 443 1
166 789 1
167 195 1
167 375 1
167 529 1
167 779 1
167 927 1
167 966 1
167 931 1
168 188 1
168 247 1
168 329 1
168 404 1
168 419 1
168 458 1
168 531 1
168 677 1
168 763 1
169 483 1
169 953 1
169 186 1
169 223 1
169 324 1
169 361 1
169 363 1
169 704 1
169 782 1
169 799 1
169 838 1
169 864 1
170 193 1
170 503 1
170 555 1
170 592 1
170 816 1
170 823 1
170 203 1
170 255 1
170 652 1
170 657 1
170 742 1
170 878 1
171 350 1
171 522 1
171 557 1
171 633 1
171 736 1
171 780 1
171 793 1
171 885 1
171 211 1
171 787 1
172 351 1
172 589 1
172 775 1
172 865 1
172 187 1
172 325 1
172 354 1
172 500 1
172 506 1
172 554 1
172 753 1
172 965 1
172 981 1
172 984 1
173 178 1
173 259 1
173 268 1
173 579 1
173 586 1
174 334 1
174 398 1
174 510 1
174 822 1
174 908 1
174 180 1
174 261 1
174 278 1
174 328 1
174 520 1
174 605 1
174 744 1
174 776 1
174 831 1
174 865 1
175 226 1
175 824 1
175 874 1
175 965 1
175 212 1
175 671 1
175 697 1
175 908 1
176 348 1
176 748 1
176 755 1
176 807 1
176 915 1
177 368 1
177 455 1
177 520 1
177 734 1
177 646 1
177 811 1
178 377 1
178 383 1
178 579 1
178 434 1
178 459 1
178 828 1
179 497 1
179 761 1
179 982 1
180 278 1
181 644 1
181 743 1
181 767 1
181 878 1
181 191 1
181 241 1
181 447 1
181 684 1
181 846 1
182 190 1
182 209 1
182 228 1
182 276 1
182 357 1
182 420 1
182 472 1
182 475 1
182 581 1
182 615 1
182 639 1
182 894 1
182 917 1
182 279 1
182 295 1
182 780 1
183 216 1
183 343 1
183 381 1
183 484 1
183 669 1
183 272 1
183 419 1
183 555 1
183 603 1
183 630 1
183 913 1
184 376 1
184 406 1
184 796 1
185 270 1
185 332 1
185 447 1
185 696 1
185 939 1
185 234 1
185 239 1
185 666 1
185 935 1
186 450 1
186 583 1
186 890 1
186 223 1
186 324 1
186 351 1
186 352 1
186 363 1
186 378 1
186 505 1
186 704 1
186 782 1
186 799 1
186 942 1
187 538 1
187 845 1
187 983 1
187 268 1
187 753 1
187 981 1
188 247 1
188 329 1
188 404 1
188 419 1
188 631 1
188 646 1
188 933 1
188 288 1
188 410 1
188 435 1
189 251 1
189 339 1
189 542 1
189 668 1
189 678 1
189 732 1
189 968 1
189 213 1
189 227 1
189 433 1
189 938 1
189 957 1
190 214 1
190 357 1
190 815 1
190 529 1
190 982 1
191 544 1
191 707 1
191 241 1
191 437 1
191 447 1
191 684 1
191 688 1
191 759 1
191 819 1
191 969 1
192 603 1
192 440 1
193 253 1
193 893 1
193 217 1
193 280 1
193 639 1
193 663 1
193 689 1
193 988 1
194 197 1
194 213 1
194 430 1
194 461 1
194 701 1
194 708 1
194 768 1
194 921 1
194 977 1
195 210 1
195 375 1
195 546 1
195 590 1
195 880 1
195 944 1
195 231 1
195 341 1
195 400 1
195 479 1
195 779 1
195 829 1
195 912 1
196 295 1
196 320 1
196 421 1
196 519 1
196 692 1
196 869 1
197 213 1
197 430 1
197 461 1
197 714 1
197 747 1
197 770 1
197 789 1
197 806 1
197 928 1
197 964 1
197 977 1
197 245 1
197 344 1
197 346 1
198 451 1
198 205 1
198 524 1
198 796 1
198 890 1
199 850 1
199 228 1
199 311 1
199 645 1
199 662 1
199 915 1
199 962 1
200 803 1
200 805 1
200 999 1
200 418 1
200 491 1
200 545 1
200 559 1
201 298 1
201 460 1
201 257 1
201 340 1
201 385 1
201 507 1
201 680 1
201 685 1
202 358 1
202 237 1
202 535 1
202 713 1
202 762 1
202 914 1
203 432 1
203 582 1
203 898 1
203 255 1
203 271 1
203 558 1
203 657 1
203 742 1
204 227 1
204 282 1
204 530 1
204 415 1
204 481 1
205 361 1
205 595 1
205 688 1
205 909 1
205 978 1
205 796 1
205 890 1
206 287 1
206 402 1
206 221 1
206 274 1
206 296 1
206 333 1
206 844 1
206 970 1
207 255 1
207 333 1
207 397 1
207 445 1
207 464 1
207 476 1
207 534 1
207 565 1
207 684 1
207 814 1
207 896 1
207 935 1
207 969 1
207 973 1
207 309 1
207 503 1
207 560 1
207 654 1
207 658 1
207 731 1
208 316 1
208 507 1
208 517 1
208 693 1
208 218 1
208 252 1
208 336 1
208 498 1
208 847 1
209 228 1
209 262 1
209 420 1
209 581 1
209 639 1
209 647 1
209 692 1
209 976 1
209 343 1
209 393 1
209 640 1
209 801 1
209 886 1
210 218 1
210 546 1
210 578 1
210 590 1
210 873 1
210 880 1
210 403 1
210 420 1
210 775 1
210 871 1
211 266 1
211 279 1
211 403 1
211 528 1
211 532 1
211 797 1
211 256 1
211 518 1
211 627 1
211 974 1
212 697 1
212 908 1
213 461 1
213 714 1
213 768 1
213 770 1
213 227 1
213 433 1
213 834 1
213 850 1
213 957 1
213 973 1
214 660 1
214 815 1
214 262 1
214 593 1
214 770 1
215 502 1
216 343 1
216 632 1
216 669 1
216 229 1
216 316 1
216 342 1
216 384 1
216 516 1
216 656 1
216 786 1
217 258 1
217 422 1
217 681 1
217 280 1
217 301 1
217 317 1
217 438 1
217 639 1
217 674 1
218 401 1
218 505 1
218 498 1
219 254 1
219 257 1
219 353 1
219 360 1
219 851 1
220 313 1
220 991 1
220 549 1
221 349 1
221 394 1
221 737 1
221 274 1
221 296 1
221 538 1
221 619 1
221 638 1
221 716 1
222 260 1
222 311 1
222 561 1
222 417 1
223 336 1
223 438 1
223 483 1
223 324 1
223 351 1
223 361 1
223 381 1
223 942 1
223 953 1
224 244 1
224 444 1
224 514 1
224 949 1
224 970 1
225 234 1
225 303 1
225 342 1
225 391 1
225 417 1
225 423 1
225 456 1
225 485 1
225 552 1
225 600 1
225 826 1
225 831 1
225 891 1
225 548 1
225 728 1
225 862 1
225 921 1
226 824 1
226 965 1
226 995 1
226 238 1
226 244 1
226 394 1
226 482 1
226 576 1
227 282 1
227 834 1
228 420 1
228 472 1
228 647 1
228 692 1
228 883 1
228 918 1
228 976 1
228 311 1
228 446 1
228 574 1
228 662 1
228 694 1
228 784 1
228 962 1
229 436 1
229 488 1
230 482 1
230 948 1
231 577 1
231 881 1
231 341 1
231 468 1
231 607 1
231 637 1
231 779 1
232 670 1
232 247 1
232 292 1
232 426 1
232 492 1
232 541 1
233 297 1
233 448 1
233 267 1
233 300 1
233 326 1
233 427 1
233 444 1
233 502 1
233 557 1
233 578 1
233 665 1
233 672 1
233 778 1
233 853 1
234 342 1
234 423 1
234 485 1
234 552 1
234 831 1
234 891 1
234 277 1
234 673 1
234 822 1
234 952 1
235 248 1
235 868 1
235 633 1
236 518 1
236 474 1
236 794 1
237 249 1
237 481 1
237 535 1
237 571 1
237 634 1
237 713 1
237 914 1
238 239 1
238 307 1
238 327 1
238 396 1
238 886 1
238 244 1
239 307 1
239 327 1
239 340 1
239 354 1
239 396 1
239 460 1
239 512 1
239 666 1
239 935 1
240 296 1
240 440 1
240 607 1
240 289 1
241 382 1
241 684 1
241 759 1
241 846 1
241 969 1
241 983 1
242 853 1
242 281 1
242 542 1
242 747 1
243 338 1
243 705 1
244 288 1
244 514 1
244 938 1
245 328 1
245 809 1
245 346 1
245 632 1
246 446 1
246 508 1
246 563 1
246 308 1
246 489 1
246 509 1
246 691 1
246 824 1
246 903 1
246 978 1
247 329 1
247 531 1
247 830 1
247 426 1
247 492 1
247 610 1
248 868 1
248 999 1
249 344 1
249 516 1
249 573 1
249 765 1
249 730 1
250 410 1
250 305 1
250 313 1
250 329 1
250 455 1
250 523 1
250 575 1
250 733 1
250 826 1
250 911 1
250 928 1
251 795 1
251 885 1
252 308 1
252 331 1
252 640 1
252 699 1
252 731 1
252 745 1
252 838 1
252 302 1
252 374 1
252 823 1
253 893 1
253 263 1
253 748 1
253 959 1
254 257 1
254 798 1
254 820 1
254 273 1
254 314 1
254 406 1
254 501 1
254 561 1
254 587 1
254 874 1
255 397 1
255 565 1
255 575 1
255 652 1
255 726 1
256 359 1
256 704 1
256 717 1
256 882 1
256 518 1
256 627 1
257 507 1
257 614 1
257 798 1
258 422 1
258 635 1
258 807 1
259 652 1
259 654 1
259 857 1
259 951 1
259 293 1
259 450 1
259 589 1
259 650 1
259 718 1
259 937 1
260 561 1
260 371 1
260 395 1
260 487 1
260 504 1
260 562 1
260 990 1
261 642 1
261 328 1
261 485 1
261 744 1
262 323 1
262 593 1
262 770 1
263 364 1
263 390 1
263 889 1
263 942 1
263 959 1
264 289 1
264 616 1
264 698 1
264 710 1
265 284 1
265 300 1
265 389 1
265 465 1
265 979 1
266 319 1
266 496 1
266 528 1
266 532 1
266 781 1
266 851 1
266 287 1
266 412 1
266 478 1
266 544 1
266 934 1
267 435 1
267 834 1
267 300 1
267 427 1
267 444 1
267 502 1
267 578 1
267 778 1
268 280 1
268 586 1
269 462 1
269 843 1
269 284 1
269 377 1
269 476 1
269 579 1
269 600 1
269 987 1
270 332 1
271 363 1
271 427 1
271 673 1
271 558 1
271 740 1
272 312 1
272 414 1
272 418 1
272 431 1
272 574 1
272 610 1
272 555 1
272 944 1
273 498 1
273 874 1
274 310 1
274 374 1
274 523 1
274 591 1
274 593 1
274 819 1
274 859 1
274 296 1
274 333 1
274 619 1
274 638 1
275 337 1
275 548 1
275 559 1
275 380 1
275 679 1
275 820 1
276 353 1
276 475 1
276 489 1
276 749 1
276 612 1
277 309 1
277 407 1
277 899 1
277 673 1
277 822 1
278 388 1
278 831 1
278 865 1
279 295 1
279 764 1
280 386 1
280 301 1
280 663 1
280 988 1
281 542 1
281 747 1
282 649 1
282 682 1
283 835 1
283 876 1
283 443 1
283 528 1
283 565 1
283 570 1
283 670 1
284 330 1
284 377 1
284 579 1
284 600 1
284 852 1
284 987 1
285 415 1
285 641 1
285 924 1
285 304 1
285 497 1
285 532 1
285 669 1
285 781 1
286 774 1
286 291 1
286 429 1
286 539 1
286 752 1
286 918 1
287 665 1
287 412 1
287 413 1
287 827 1
288 938 1
288 435 1
289 698 1
290 345 1
290 352 1
290 379 1
290 566 1
290 622 1
290 914 1
290 1000 1
290 375 1
291 405 1
291 547 1
291 310 1
292 338 1
292 494 1
292 709 1
292 713 1
292 976 1
293 362 1
293 490 1
293 754 1
293 788 1
293 855 1
293 450 1
295 946 1
295 764 1
295 780 1
296 440 1
296 333 1
296 844 1
297 305 1
297 448 1
297 478 1
298 460 1
298 974 1
298 389 1
298 821 1
298 991 1
299 413 1
299 979 1
299 990 1
300 585 1
300 326 1
300 373 1
300 735 1
300 778 1
301 675 1
302 620 1
302 625 1
302 683 1
302 374 1
302 714 1
303 826 1
303 604 1
304 499 1
304 497 1
304 532 1
304 581 1
304 669 1
304 902 1
305 478 1
305 329 1
305 455 1
305 523 1
306 341 1
306 356 1
306 723 1
306 724 1
306 950 1
307 327 1
307 340 1
307 916 1
307 987 1
307 879 1
308 629 1
308 640 1
308 706 1
308 721 1
308 509 1
308 583 1
308 824 1
309 473 1
309 624 1
309 947 1
309 442 1
309 881 1
310 374 1
310 521 1
310 523 1
310 591 1
310 837 1
310 511 1
311 574 1
311 694 1
311 707 1
311 804 1
311 954 1
311 962 1
312 414 1
312 431 1
312 658 1
312 499 1
312 623 1
312 631 1
312 653 1
312 738 1
312 814 1
313 575 1
313 911 1
314 378 1
314 400 1
314 608 1
314 406 1
314 561 1
314 587 1
314 906 1
314 949 1
315 643 1
315 836 1
315 995 1
316 507 1
316 693 1
316 516 1
316 656 1
317 500 1
317 543 1
317 776 1
317 818 1
317 998 1
317 367 1
317 438 1
317 622 1
318 690 1
318 398 1
318 510 1
318 758 1
318 859 1
319 496 1
319 614 1
319 719 1
319 781 1
319 851 1
319 321 1
320 372 1
320 385 1
320 971 1
321 365 1
322 414 1
322 424 1
322 445 1
322 457 1
322 698 1
322 703 1
322 872 1
323 700 1
323 722 1
323 889 1
324 326 1
324 604 1
324 715 1
324 760 1
324 942 1
325 463 1
325 467 1
325 354 1
325 364 1
325 422 1
326 604 1
326 760 1
326 860 1
326 373 1
326 405 1
326 534 1
326 557 1
327 396 1
327 886 1
327 425 1
327 469 1
328 485 1
328 520 1
328 605 1
328 628 1
328 968 1
329 419 1
329 531 1
329 646 1
329 830 1
329 523 1
329 928 1
330 411 1
331 699 1
331 838 1
331 431 1
331 875 1
331 910 1
332 447 1
332 392 1
332 616 1
332 919 1
333 445 1
333 464 1
333 476 1
333 619 1
333 844 1
334 510 1
335 493 1
335 840 1
335 648 1
335 715 1
336 438 1
336 858 1
337 548 1
337 594 1
338 475 1
339 346 1
339 542 1
339 716 1
339 777 1
339 387 1
339 466 1
339 567 1
339 584 1
339 882 1
340 916 1
340 972 1
340 385 1
340 451 1
340 527 1
340 696 1
340 712 1
340 719 1
341 637 1
341 693 1
341 829 1
342 456 1
342 485 1
342 384 1
342 786 1
343 381 1
343 632 1
343 669 1
343 640 1
343 801 1
343 886 1
344 516 1
344 573 1
344 621 1
344 765 1
346 777 1
346 821 1
346 897 1
346 980 1
347 390 1
347 625 1
347 757 1
347 941 1
347 958 1
348 877 1
348 915 1
348 362 1
348 416 1
348 465 1
348 830 1
349 477 1
349 727 1
350 522 1
350 537 1
350 736 1
350 780 1
350 793 1
350 957 1
351 589 1
351 865 1
351 352 1
351 378 1
351 699 1
351 953 1
352 379 1
352 566 1
352 914 1
352 1000 1
352 378 1
352 699 1
353 489 1
353 864 1
353 360 1
353 379 1
354 558 1
354 364 1
354 422 1
354 506 1
354 554 1
354 577 1
355 425 1
355 408 1
356 723 1
356 661 1
356 724 1
357 894 1
357 900 1
357 767 1
359 704 1
359 882 1
359 563 1
360 429 1
360 697 1
360 379 1
360 404 1
361 381 1
362 367 1
362 370 1
362 434 1
362 490 1
362 657 1
362 754 1
362 922 1
362 376 1
362 416 1
362 540 1
363 427 1
363 535 1
363 673 1
363 778 1
363 505 1
363 704 1
364 889 1
364 910 1
364 422 1
364 577 1
365 452 1
365 370 1
365 439 1
366 373 1
366 854 1
366 985 1
366 397 1
366 477 1
366 556 1
366 647 1
366 732 1
366 956 1
366 992 1
367 370 1
367 657 1
367 663 1
367 756 1
367 852 1
367 922 1
367 622 1
367 711 1
368 371 1
368 455 1
368 520 1
368 772 1
368 856 1
368 452 1
368 552 1
368 924 1
369 411 1
369 441 1
369 519 1
370 434 1
370 663 1
370 756 1
370 852 1
370 922 1
370 439 1
371 772 1
371 849 1
371 856 1
371 961 1
371 487 1
371 617 1
371 955 1
371 993 1
372 385 1
372 570 1
373 511 1
373 623 1
373 741 1
373 854 1
373 870 1
373 405 1
373 453 1
373 706 1
373 735 1
374 521 1
374 591 1
374 823 1
375 529 1
375 743 1
376 406 1
376 728 1
376 920 1
376 996 1
376 399 1
376 402 1
376 526 1
377 383 1
377 487 1
377 476 1
377 579 1
377 602 1
377 960 1
378 470 1
378 608 1
378 612 1
378 750 1
379 566 1
379 622 1
379 941 1
379 404 1
381 484 1
382 484 1
382 531 1
382 895 1
383 487 1
383 783 1
384 428 1
384 453 1
384 637 1
384 753 1
384 786 1
385 451 1
385 680 1
385 719 1
386 573 1
386 608 1
387 984 1
387 567 1
388 467 1
388 569 1
389 465 1
389 821 1
389 991 1
390 424 1
390 630 1
390 942 1
390 986 1
390 766 1
391 417 1
391 443 1
391 600 1
391 791 1
391 546 1
392 616 1
392 919 1
393 408 1
393 449 1
393 525 1
393 571 1
393 746 1
393 759 1
393 786 1
393 810 1
394 536 1
394 676 1
394 737 1
394 576 1
395 421 1
395 691 1
395 934 1
395 562 1
395 963 1
396 886 1
396 428 1
396 624 1
396 860 1
397 477 1
397 556 1
399 912 1
399 402 1
399 626 1
399 725 1
399 986 1
399 998 1
401 505 1
401 526 1
401 618 1
401 695 1
402 454 1
402 771 1
402 526 1
402 626 1
402 725 1
403 797 1
403 471 1
403 871 1
404 631 1
405 453 1
405 534 1
405 629 1
405 706 1
405 900 1
406 920 1
406 996 1
406 501 1
406 906 1
407 887 1
408 449 1
408 525 1
408 598 1
408 746 1
408 759 1
408 810 1
408 943 1
410 664 1
410 839 1
410 913 1
411 441 1
411 533 1
411 876 1
412 413 1
412 478 1
412 533 1
412 590 1
412 717 1
412 839 1
413 804 1
413 533 1
413 717 1
413 827 1
413 888 1
413 917 1
414 431 1
414 658 1
414 424 1
414 457 1
415 641 1
415 481 1
415 788 1
415 920 1
416 695 1
416 540 1
417 925 1
417 940 1
418 545 1
419 646 1
419 603 1
419 893 1
420 472 1
420 581 1
420 615 1
420 647 1
420 883 1
420 775 1
421 691 1
421 486 1
421 519 1
421 869 1
421 980 1
423 552 1
424 630 1
426 466 1
426 486 1
426 501 1
426 515 1
426 554 1
426 842 1
426 989 1
427 778 1
427 444 1
427 853 1
428 637 1
428 624 1
428 860 1
429 495 1
429 539 1
429 553 1
429 721 1
429 918 1
430 708 1
430 848 1
430 921 1
430 977 1
431 658 1
432 582 1
432 496 1
432 585 1
432 606 1
432 660 1
432 975 1
433 850 1
433 957 1
433 973 1
434 459 1
434 828 1
434 891 1
435 834 1
436 772 1
437 442 1
439 452 1
439 940 1
440 675 1
441 449 1
441 609 1
442 572 1
442 881 1
443 791 1
443 528 1
444 502 1
445 464 1
445 619 1
445 896 1
445 975 1
445 601 1
445 872 1
445 907 1
447 688 1
447 723 1
449 525 1
449 598 1
450 583 1
450 656 1
450 718 1
451 527 1
451 696 1
451 719 1
452 940 1
452 994 1
452 552 1
452 792 1
452 806 1
452 856 1
452 946 1
453 844 1
453 629 1
453 706 1
453 900 1
454 771 1
454 812 1
454 869 1
454 530 1
455 520 1
457 680 1
457 720 1
457 827 1
457 884 1
457 698 1
458 469 1
458 763 1
458 493 1
458 513 1
458 547 1
458 592 1
459 492 1
459 828 1
460 512 1
461 768 1
461 470 1
461 588 1
461 651 1
462 843 1
463 467 1
463 791 1
464 476 1
464 684 1
464 599 1
464 642 1
464 929 1
465 525 1
467 569 1
467 803 1
468 508 1
468 607 1
468 769 1
469 863 1
470 612 1
470 636 1
470 750 1
470 588 1
470 651 1
470 676 1
470 768 1
470 884 1
472 615 1
472 883 1
472 917 1
472 918 1
473 624 1
473 792 1
473 861 1
473 955 1
473 720 1
474 562 1
475 749 1
475 964 1
476 684 1
476 973 1
476 602 1
476 960 1
477 556 1
477 647 1
477 992 1
478 544 1
478 934 1
479 556 1
479 674 1
480 702 1
480 801 1
481 788 1
481 920 1
482 948 1
482 956 1
483 621 1
484 531 1
484 597 1
484 947 1
485 831 1
485 968 1
486 501 1
486 515 1
486 554 1
486 936 1
486 989 1
486 997 1
486 980 1
487 504 1
487 514 1
487 517 1
487 617 1
487 736 1
487 756 1
487 805 1
487 868 1
487 873 1
488 690 1
489 864 1
489 978 1
490 598 1
493 513 1
494 713 1
494 832 1
494 901 1
495 611 1
495 553 1
496 781 1
496 585 1
496 606 1
496 636 1
496 660 1
496 678 1
497 613 1
497 761 1
497 669 1
497 781 1
498 963 1
498 847 1
499 527 1
499 659 1
499 711 1
499 623 1
499 899 1
500 965 1
501 989 1
501 997 1
502 578 1
502 672 1
503 592 1
503 628 1
503 823 1
503 560 1
503 654 1
503 731 1
503 790 1
504 553 1
504 567 1
504 514 1
504 517 1
506 554 1
506 984 1
507 693 1
507 614 1
507 685 1
507 798 1
508 563 1
508 599 1
508 662 1
508 687 1
508 769 1
509 638 1
509 691 1
509 824 1
510 758 1
510 802 1
510 840 1
510 845 1
511 623 1
511 582 1
511 832 1
512 568 1
513 766 1
513 547 1
513 771 1
513 896 1
514 949 1
514 517 1
514 736 1
514 868 1
515 554 1
515 842 1
515 936 1
516 573 1
516 621 1
517 736 1
517 756 1
517 800 1
518 974 1
520 605 1
520 628 1
521 837 1
521 849 1
522 793 1
522 957 1
523 593 1
523 819 1
523 928 1
524 992 1
525 746 1
527 659 1
527 711 1
527 696 1
528 532 1
528 565 1
530 536 1
530 655 1
530 818 1
530 861 1
530 905 1
531 830 1
531 895 1
532 902 1
533 590 1
533 717 1
534 814 1
534 935 1
535 634 1
535 713 1
536 676 1
536 655 1
536 818 1
536 835 1
536 861 1
537 576 1
537 929 1
537 793 1
538 845 1
538 983 1
539 541 1
539 685 1
539 863 1
539 958 1
539 752 1
539 774 1
539 918 1
540 727 1
540 962 1
541 685 1
541 888 1
541 709 1
542 668 1
542 716 1
542 968 1
542 747 1
543 776 1
543 998 1
544 934 1
545 904 1
546 578 1
546 590 1
546 782 1
546 873 1
547 592 1
547 771 1
547 870 1
547 896 1
548 667 1
548 728 1
548 855 1
549 702 1
550 609 1
550 783 1
550 686 1
550 746 1
550 749 1
551 785 1
552 891 1
552 792 1
553 721 1
554 842 1
555 913 1
556 674 1
556 647 1
556 732 1
557 751 1
557 665 1
560 654 1
560 658 1
560 790 1
560 939 1
561 587 1
561 949 1
562 651 1
562 963 1
563 599 1
563 662 1
563 945 1
564 635 1
564 739 1
564 1000 1
565 575 1
565 969 1
565 570 1
566 914 1
566 710 1
566 777 1
567 584 1
567 882 1
568 613 1
568 761 1
568 842 1
569 803 1
572 586 1
572 644 1
573 621 1
573 608 1
574 610 1
574 694 1
574 707 1
574 784 1
574 954 1
575 733 1
575 911 1
576 929 1
578 782 1
578 672 1
579 600 1
580 641 1
582 832 1
582 977 1
583 656 1
583 890 1
584 905 1
584 882 1
586 644 1
587 672 1
587 949 1
588 993 1
588 676 1
588 768 1
589 865 1
590 873 1
590 839 1
592 816 1
592 823 1
593 819 1
593 770 1
594 745 1
595 683 1
595 877 1
595 880 1
596 667 1
596 722 1
596 738 1
596 897 1
597 618 1
597 926 1
597 615 1
597 773 1
597 833 1
597 947 1
599 662 1
599 687 1
599 945 1
599 854 1
599 929 1
600 987 1
601 694 1
601 726 1
601 735 1
601 907 1
602 960 1
603 630 1
604 715 1
604 752 1
605 617 1
605 628 1
606 626 1
606 636 1
606 660 1
606 678 1
606 825 1
606 975 1
609 783 1
610 687 1
610 883 1
612 750 1
613 761 1
613 842 1
614 719 1
614 798 1
615 917 1
615 773 1
617 740 1
617 785 1
617 955 1
617 993 1
618 926 1
618 695 1
619 975 1
619 638 1
619 716 1
620 625 1
620 841 1
622 941 1
623 741 1
624 792 1
624 947 1
625 683 1
625 757 1
625 848 1
625 958 1
626 811 1
626 725 1
626 998 1
629 706 1
629 721 1
630 986 1
636 678 1
636 825 1
637 693 1
637 708 1
637 760 1
638 841 1
639 674 1
640 731 1
640 886 1
643 926 1
644 878 1
645 648 1
645 650 1
645 666 1
646 811 1
646 843 1
647 692 1
647 732 1
647 956 1
648 650 1
648 742 1
649 703 1
649 802 1
649 971 1
649 682 1
650 742 1
652 654 1
652 726 1
653 738 1
653 814 1
654 857 1
654 951 1
654 658 1
654 731 1
655 861 1
657 742 1
659 711 1
660 975 1
661 744 1
661 724 1
662 687 1
662 945 1
663 756 1
663 988 1
664 839 1
664 813 1
664 951 1
664 966 1
665 794 1
666 935 1
667 855 1
668 732 1
668 968 1
669 781 1
671 762 1
673 822 1
673 952 1
676 768 1
676 884 1
677 907 1
678 825 1
679 820 1
680 846 1
681 725 1
681 800 1
681 817 1
681 892 1
682 931 1
683 808 1
683 877 1
684 973 1
684 759 1
685 863 1
686 746 1
686 749 1
686 810 1
687 883 1
688 909 1
688 978 1
688 723 1
688 819 1
689 701 1
689 809 1
690 741 1
690 867 1
690 945 1
691 934 1
692 976 1
693 708 1
694 862 1
694 954 1
696 939 1
697 908 1
698 710 1
700 718 1
700 889 1
701 809 1
701 857 1
702 858 1
703 971 1
704 717 1
704 882 1
704 782 1
705 923 1
706 721 1
706 900 1
707 804 1
708 848 1
708 921 1
708 760 1
712 943 1
714 747 1
714 770 1
714 789 1
714 895 1
715 752 1
718 937 1
720 827 1
720 884 1
722 738 1
723 724 1
723 787 1
724 787 1
724 950 1
725 800 1
725 817 1
725 954 1
726 735 1
728 867 1
729 989 1
732 956 1
733 925 1
733 826 1
734 763 1
736 780 1
736 885 1
736 756 1
736 800 1
736 805 1
736 868 1
739 866 1
740 785 1
741 867 1
741 945 1
743 767 1
745 902 1
745 837 1
746 759 1
747 789 1
747 895 1
747 928 1
748 755 1
750 932 1
752 774 1
753 981 1
754 788 1
755 807 1
756 852 1
756 800 1
756 805 1
756 873 1
759 969 1
759 983 1
765 916 1
766 816 1
769 871 1
771 869 1
771 870 1
771 896 1
772 849 1
772 856 1
772 875 1
773 833 1
776 818 1
777 821 1
779 927 1
782 799 1
788 920 1
789 895 1
789 928 1
790 939 1
792 806 1
792 856 1
793 957 1
795 885 1
798 820 1
799 808 1
800 817 1
800 892 1
802 840 1
805 999 1
805 873 1
806 964 1
806 856 1
806 946 1
809 857 1
811 843 1
812 985 1
813 828 1
814 935 1
817 892 1
818 905 1
822 908 1
824 874 1
824 965 1
824 995 1
827 884 1
827 888 1
827 894 1
828 906 1
829 912 1
831 865 1
832 901 1
832 977 1
833 967 1
835 876 1
836 879 1
836 911 1
836 995 1
838 864 1
839 913 1
839 952 1
840 845 1
847 930 1
847 932 1
849 875 1
854 870 1
854 985 1
857 951 1
858 866 1
861 955 1
862 921 1
863 958 1
867 945 1
875 910 1
875 967 1
875 997 1
877 880 1
879 898 1
880 944 1
883 918 1
887 919 1
887 981 1
888 894 1
888 917 1
894 900 1
897 980 1
904 923 1
904 936 1
904 948 1
910 997 1
913 952 1
914 1000 1
916 972 1
916 987 1
920 996 1
923 948 1
925 940 1
940 994 1
948 956 1
949 970 1
951 966 1
955 993 1
957 973 1
965 995 1
969 983 1
989 997 1
