1000 5916 
1 6 1
1 7 1
1 8 1
1 11 1
1 17 1
1 18 1
1 20 1
1 22 1
1 25 1
1 27 1
1 30 1
1 31 1
1 32 1
1 33 1
1 35 1
1 39 1
1 42 1
1 43 1
1 45 1
1 47 1
1 48 1
1 53 1
1 54 1
1 60 1
1 61 1
1 62 1
1 64 1
1 69 1
1 75 1
1 84 1
1 91 1
1 93 1
1 95 1
1 107 1
1 110 1
1 114 1
1 117 1
1 123 1
1 133 1
1 141 1
1 144 1
1 145 1
1 169 1
1 172 1
1 174 1
1 176 1
1 178 1
1 188 1
1 190 1
1 194 1
1 201 1
1 206 1
1 214 1
1 217 1
1 218 1
1 270 1
1 288 1
1 290 1
1 296 1
1 304 1
1 321 1
1 330 1
1 352 1
1 359 1
1 363 1
1 372 1
1 392 1
1 416 1
1 423 1
1 445 1
1 462 1
1 475 1
1 483 1
1 498 1
1 560 1
1 640 1
1 653 1
1 665 1
1 680 1
1 685 1
1 716 1
1 717 1
1 719 1
1 739 1
1 746 1
1 760 1
1 764 1
1 783 1
1 798 1
1 809 1
1 810 1
1 836 1
1 877 1
1 878 1
1 884 1
1 944 1
1 957 1
1 966 1
1 2 1
1 3 1
1 4 1
1 5 1
1 9 1
1 16 1
1 21 1
1 24 1
1 81 1
1 116 1
1 138 1
1 233 1
1 238 1
1 275 1
1 298 1
1 311 1
1 324 1
1 336 1
1 339 1
1 436 1
1 523 1
1 579 1
1 591 1
1 592 1
1 650 1
1 676 1
1 679 1
1 683 1
1 763 1
1 771 1
1 776 1
1 825 1
1 827 1
1 856 1
1 875 1
1 890 1
1 915 1
1 973 1
2 12 1
2 13 1
2 28 1
2 40 1
2 41 1
2 50 1
2 55 1
2 56 1
2 65 1
2 68 1
2 83 1
2 91 1
2 162 1
2 165 1
2 179 1
2 191 1
2 238 1
2 248 1
2 258 1
2 274 1
2 294 1
2 301 1
2 307 1
2 319 1
2 329 1
2 341 1
2 387 1
2 390 1
2 400 1
2 415 1
2 425 1
2 431 1
2 459 1
2 482 1
2 527 1
2 533 1
2 563 1
2 589 1
2 590 1
2 613 1
2 652 1
2 659 1
2 664 1
2 688 1
2 702 1
2 713 1
2 720 1
2 745 1
2 804 1
2 831 1
2 837 1
2 897 1
2 908 1
2 914 1
2 923 1
2 933 1
2 948 1
2 956 1
2 3 1
2 4 1
2 5 1
2 6 1
2 7 1
2 8 1
2 15 1
2 16 1
2 19 1
2 22 1
2 23 1
2 24 1
2 25 1
2 38 1
2 45 1
2 48 1
2 51 1
2 52 1
2 53 1
2 62 1
2 70 1
2 105 1
2 116 1
2 124 1
2 125 1
2 153 1
2 176 1
2 178 1
2 184 1
2 209 1
2 213 1
2 217 1
2 250 1
2 276 1
2 286 1
2 296 1
2 305 1
2 323 1
2 349 1
2 359 1
2 376 1
2 407 1
2 418 1
2 488 1
2 498 1
2 537 1
2 548 1
2 637 1
2 722 1
2 774 1
2 775 1
2 779 1
2 810 1
2 845 1
2 850 1
2 974 1
2 991 1
3 12 1
3 16 1
3 45 1
3 58 1
3 83 1
3 136 1
3 164 1
3 202 1
3 353 1
3 497 1
3 505 1
3 558 1
3 593 1
3 598 1
3 618 1
3 628 1
3 650 1
3 708 1
3 757 1
3 812 1
3 903 1
3 4 1
3 6 1
3 9 1
3 14 1
3 17 1
3 27 1
3 28 1
3 29 1
3 31 1
3 43 1
3 46 1
3 63 1
3 65 1
3 68 1
3 72 1
3 74 1
3 78 1
3 81 1
3 86 1
3 115 1
3 117 1
3 123 1
3 127 1
3 132 1
3 141 1
3 142 1
3 160 1
3 165 1
3 179 1
3 181 1
3 185 1
3 191 1
3 275 1
3 313 1
3 317 1
3 318 1
3 354 1
3 357 1
3 386 1
3 441 1
3 444 1
3 453 1
3 459 1
3 477 1
3 478 1
3 485 1
3 524 1
3 530 1
3 535 1
3 541 1
3 573 1
3 614 1
3 620 1
3 633 1
3 741 1
3 771 1
3 956 1
3 985 1
4 11 1
4 12 1
4 18 1
4 19 1
4 43 1
4 52 1
4 95 1
4 124 1
4 136 1
4 141 1
4 144 1
4 153 1
4 168 1
4 171 1
4 200 1
4 204 1
4 239 1
4 243 1
4 250 1
4 257 1
4 301 1
4 310 1
4 335 1
4 336 1
4 430 1
4 482 1
4 517 1
4 557 1
4 570 1
4 615 1
4 625 1
4 633 1
4 634 1
4 646 1
4 701 1
4 730 1
4 761 1
4 777 1
4 973 1
4 5 1
4 6 1
4 7 1
4 8 1
4 9 1
4 10 1
4 14 1
4 15 1
4 21 1
4 26 1
4 28 1
4 32 1
4 34 1
4 41 1
4 47 1
4 55 1
4 58 1
4 65 1
4 70 1
4 75 1
4 76 1
4 85 1
4 107 1
4 119 1
4 143 1
4 151 1
4 176 1
4 196 1
4 215 1
4 226 1
4 228 1
4 241 1
4 245 1
4 248 1
4 256 1
4 264 1
4 277 1
4 297 1
4 302 1
4 306 1
4 324 1
4 346 1
4 361 1
4 383 1
4 405 1
4 418 1
4 439 1
4 523 1
4 526 1
4 538 1
4 549 1
4 580 1
4 628 1
4 671 1
4 704 1
4 711 1
4 714 1
4 721 1
4 737 1
4 743 1
4 766 1
4 834 1
4 851 1
4 892 1
4 924 1
4 947 1
4 985 1
5 6 1
5 9 1
5 10 1
5 14 1
5 20 1
5 32 1
5 41 1
5 50 1
5 70 1
5 89 1
5 90 1
5 99 1
5 113 1
5 122 1
5 147 1
5 163 1
5 211 1
5 283 1
5 297 1
5 309 1
5 337 1
5 345 1
5 348 1
5 368 1
5 374 1
5 379 1
5 395 1
5 396 1
5 404 1
5 430 1
5 434 1
5 445 1
5 457 1
5 524 1
5 548 1
5 587 1
5 603 1
5 648 1
5 654 1
5 749 1
5 806 1
5 814 1
5 848 1
5 851 1
5 873 1
5 980 1
5 989 1
5 997 1
5 7 1
5 16 1
5 21 1
5 25 1
5 47 1
5 60 1
5 91 1
5 100 1
5 108 1
5 124 1
5 138 1
5 145 1
5 178 1
5 183 1
5 189 1
5 246 1
5 267 1
5 272 1
5 281 1
5 298 1
5 360 1
5 393 1
5 438 1
5 470 1
5 487 1
5 531 1
5 537 1
5 591 1
5 592 1
5 676 1
5 890 1
5 912 1
5 922 1
6 8 1
6 9 1
6 10 1
6 13 1
6 22 1
6 26 1
6 31 1
6 35 1
6 41 1
6 46 1
6 55 1
6 57 1
6 76 1
6 81 1
6 86 1
6 87 1
6 101 1
6 105 1
6 118 1
6 128 1
6 131 1
6 132 1
6 138 1
6 140 1
6 143 1
6 150 1
6 154 1
6 174 1
6 177 1
6 183 1
6 188 1
6 193 1
6 197 1
6 203 1
6 230 1
6 232 1
6 247 1
6 261 1
6 302 1
6 325 1
6 357 1
6 383 1
6 426 1
6 448 1
6 470 1
6 477 1
6 479 1
6 486 1
6 549 1
6 560 1
6 578 1
6 596 1
6 599 1
6 604 1
6 621 1
6 624 1
6 632 1
6 684 1
6 727 1
6 784 1
6 807 1
6 888 1
6 904 1
6 936 1
6 981 1
6 14 1
6 15 1
6 17 1
6 18 1
6 30 1
6 34 1
6 50 1
6 63 1
6 90 1
6 109 1
6 110 1
6 136 1
6 141 1
6 144 1
6 147 1
6 207 1
6 220 1
6 228 1
6 241 1
6 249 1
6 252 1
6 282 1
6 292 1
6 312 1
6 348 1
6 350 1
6 351 1
6 416 1
6 417 1
6 503 1
6 515 1
6 551 1
6 588 1
6 607 1
6 648 1
6 736 1
6 737 1
6 744 1
6 803 1
6 851 1
6 883 1
6 909 1
6 919 1
6 976 1
6 980 1
7 47 1
7 168 1
7 226 1
7 374 1
7 430 1
7 646 1
7 848 1
7 8 1
7 10 1
7 11 1
7 12 1
7 19 1
7 22 1
7 23 1
7 25 1
7 26 1
7 33 1
7 53 1
7 57 1
7 60 1
7 87 1
7 91 1
7 93 1
7 139 1
7 150 1
7 211 1
7 223 1
7 255 1
7 262 1
7 323 1
7 327 1
7 335 1
7 387 1
7 406 1
7 465 1
7 499 1
7 559 1
7 653 1
7 655 1
7 695 1
7 703 1
7 721 1
7 725 1
7 733 1
7 755 1
7 838 1
7 855 1
7 860 1
7 861 1
7 913 1
7 918 1
7 921 1
8 24 1
8 28 1
8 30 1
8 34 1
8 39 1
8 46 1
8 51 1
8 53 1
8 61 1
8 63 1
8 67 1
8 71 1
8 73 1
8 80 1
8 86 1
8 88 1
8 92 1
8 97 1
8 100 1
8 101 1
8 104 1
8 112 1
8 115 1
8 130 1
8 149 1
8 151 1
8 162 1
8 186 1
8 209 1
8 228 1
8 260 1
8 262 1
8 269 1
8 286 1
8 288 1
8 323 1
8 327 1
8 328 1
8 338 1
8 349 1
8 364 1
8 389 1
8 415 1
8 469 1
8 485 1
8 493 1
8 503 1
8 520 1
8 550 1
8 568 1
8 632 1
8 637 1
8 655 1
8 668 1
8 696 1
8 714 1
8 736 1
8 737 1
8 752 1
8 762 1
8 765 1
8 786 1
8 789 1
8 791 1
8 832 1
8 853 1
8 857 1
8 887 1
8 889 1
8 941 1
8 960 1
8 985 1
8 10 1
8 11 1
8 12 1
8 13 1
8 19 1
8 33 1
8 38 1
8 41 1
8 42 1
8 44 1
8 49 1
8 57 1
8 64 1
8 70 1
8 75 1
8 87 1
8 121 1
8 148 1
8 161 1
8 168 1
8 194 1
8 197 1
8 244 1
8 245 1
8 255 1
8 270 1
8 273 1
8 280 1
8 305 1
8 316 1
8 365 1
8 366 1
8 377 1
8 466 1
8 545 1
8 561 1
8 574 1
8 583 1
8 623 1
8 630 1
8 642 1
8 659 1
8 674 1
8 675 1
8 769 1
8 781 1
8 818 1
8 846 1
8 850 1
8 855 1
8 894 1
8 906 1
8 964 1
9 10 1
9 14 1
9 17 1
9 20 1
9 21 1
9 23 1
9 26 1
9 29 1
9 37 1
9 66 1
9 77 1
9 90 1
9 98 1
9 106 1
9 122 1
9 125 1
9 131 1
9 150 1
9 170 1
9 189 1
9 196 1
9 281 1
9 296 1
9 347 1
9 375 1
9 378 1
9 380 1
9 395 1
9 398 1
9 401 1
9 410 1
9 444 1
9 457 1
9 475 1
9 483 1
9 484 1
9 496 1
9 569 1
9 571 1
9 639 1
9 657 1
9 667 1
9 674 1
9 733 1
9 735 1
9 775 1
9 829 1
9 841 1
9 847 1
9 885 1
9 938 1
9 940 1
9 952 1
9 962 1
9 65 1
9 68 1
9 81 1
9 83 1
9 111 1
9 115 1
9 119 1
9 123 1
9 127 1
9 135 1
9 185 1
9 208 1
9 214 1
9 218 1
9 233 1
9 247 1
9 254 1
9 297 1
9 315 1
9 322 1
9 324 1
9 328 1
9 345 1
9 356 1
9 361 1
9 367 1
9 426 1
9 454 1
9 476 1
9 541 1
9 635 1
9 671 1
9 702 1
9 763 1
9 858 1
9 871 1
9 954 1
9 996 1
10 14 1
10 23 1
10 29 1
10 36 1
10 44 1
10 59 1
10 116 1
10 121 1
10 160 1
10 196 1
10 211 1
10 283 1
10 297 1
10 347 1
10 350 1
10 355 1
10 408 1
10 643 1
10 675 1
10 744 1
10 11 1
10 13 1
10 20 1
10 26 1
10 32 1
10 37 1
10 41 1
10 49 1
10 54 1
10 56 1
10 66 1
10 77 1
10 79 1
10 92 1
10 97 1
10 99 1
10 126 1
10 128 1
10 129 1
10 137 1
10 140 1
10 146 1
10 150 1
10 162 1
10 172 1
10 197 1
10 203 1
10 206 1
10 227 1
10 240 1
10 243 1
10 279 1
10 290 1
10 310 1
10 377 1
10 403 1
10 412 1
10 422 1
10 424 1
10 457 1
10 461 1
10 463 1
10 481 1
10 501 1
10 519 1
10 604 1
10 609 1
10 617 1
10 621 1
10 626 1
10 630 1
10 654 1
10 658 1
10 678 1
10 711 1
10 727 1
10 769 1
10 804 1
10 876 1
10 892 1
10 911 1
10 946 1
10 978 1
10 979 1
11 18 1
11 19 1
11 48 1
11 52 1
11 120 1
11 139 1
11 142 1
11 148 1
11 226 1
11 291 1
11 358 1
11 451 1
11 455 1
11 465 1
11 526 1
11 543 1
11 565 1
11 907 1
11 12 1
11 13 1
11 20 1
11 37 1
11 42 1
11 44 1
11 59 1
11 64 1
11 69 1
11 84 1
11 89 1
11 93 1
11 97 1
11 104 1
11 118 1
11 140 1
11 166 1
11 168 1
11 169 1
11 173 1
11 175 1
11 188 1
11 193 1
11 229 1
11 327 1
11 338 1
11 380 1
11 427 1
11 429 1
11 431 1
11 494 1
11 533 1
11 561 1
11 594 1
11 625 1
11 652 1
11 663 1
11 684 1
11 699 1
11 767 1
11 794 1
11 806 1
11 848 1
11 860 1
11 886 1
11 894 1
11 939 1
11 955 1
11 960 1
12 15 1
12 16 1
12 38 1
12 40 1
12 58 1
12 78 1
12 191 1
12 202 1
12 238 1
12 274 1
12 310 1
12 353 1
12 431 1
12 497 1
12 516 1
12 563 1
12 580 1
12 583 1
12 638 1
12 662 1
12 701 1
12 720 1
12 729 1
12 817 1
12 838 1
12 976 1
12 44 1
12 57 1
12 93 1
12 139 1
12 244 1
12 270 1
12 374 1
12 385 1
12 406 1
12 420 1
12 429 1
12 474 1
12 559 1
12 655 1
12 733 1
12 740 1
12 747 1
12 748 1
12 806 1
12 818 1
12 830 1
12 896 1
13 24 1
13 34 1
13 65 1
13 67 1
13 71 1
13 74 1
13 80 1
13 97 1
13 112 1
13 143 1
13 159 1
13 161 1
13 173 1
13 192 1
13 208 1
13 262 1
13 263 1
13 279 1
13 280 1
13 299 1
13 340 1
13 364 1
13 393 1
13 399 1
13 413 1
13 419 1
13 492 1
13 508 1
13 637 1
13 676 1
13 703 1
13 830 1
13 859 1
13 870 1
13 978 1
13 20 1
13 42 1
13 49 1
13 229 1
13 424 1
13 533 1
13 574 1
13 576 1
13 652 1
13 684 1
13 719 1
13 837 1
13 939 1
14 21 1
14 23 1
14 36 1
14 37 1
14 66 1
14 77 1
14 89 1
14 96 1
14 134 1
14 211 1
14 256 1
14 355 1
14 377 1
14 626 1
14 648 1
14 675 1
14 723 1
14 740 1
14 748 1
14 792 1
14 845 1
14 885 1
14 900 1
14 905 1
14 938 1
14 959 1
14 979 1
14 992 1
14 17 1
14 18 1
14 27 1
14 28 1
14 30 1
14 34 1
14 39 1
14 40 1
14 50 1
14 58 1
14 71 1
14 73 1
14 74 1
14 86 1
14 90 1
14 101 1
14 110 1
14 113 1
14 167 1
14 187 1
14 191 1
14 192 1
14 200 1
14 204 1
14 221 1
14 239 1
14 274 1
14 308 1
14 363 1
14 372 1
14 379 1
14 395 1
14 401 1
14 402 1
14 475 1
14 479 1
14 517 1
14 568 1
14 587 1
14 619 1
14 620 1
14 622 1
14 691 1
14 746 1
14 750 1
14 761 1
14 777 1
14 783 1
14 791 1
14 795 1
14 807 1
14 816 1
14 852 1
14 867 1
14 869 1
14 897 1
14 972 1
14 994 1
15 38 1
15 301 1
15 319 1
15 527 1
15 635 1
15 701 1
15 176 1
15 228 1
15 947 1
16 83 1
16 164 1
16 191 1
16 329 1
16 353 1
16 516 1
16 553 1
16 580 1
16 650 1
16 24 1
16 52 1
16 178 1
16 238 1
16 298 1
16 336 1
16 339 1
16 359 1
16 411 1
16 432 1
16 487 1
16 548 1
16 618 1
16 646 1
16 685 1
16 712 1
16 836 1
16 857 1
16 895 1
16 967 1
17 22 1
17 25 1
17 26 1
17 54 1
17 98 1
17 108 1
17 126 1
17 127 1
17 177 1
17 203 1
17 254 1
17 259 1
17 296 1
17 464 1
17 478 1
17 486 1
17 494 1
17 496 1
17 522 1
17 569 1
17 601 1
17 679 1
17 685 1
17 872 1
17 918 1
17 18 1
17 27 1
17 29 1
17 35 1
17 39 1
17 43 1
17 63 1
17 72 1
17 73 1
17 82 1
17 109 1
17 117 1
17 122 1
17 134 1
17 222 1
17 292 1
17 364 1
17 404 1
17 448 1
17 459 1
17 524 1
17 551 1
17 645 1
17 680 1
17 688 1
17 724 1
17 782 1
17 812 1
17 880 1
17 883 1
17 929 1
17 933 1
18 19 1
18 48 1
18 84 1
18 85 1
18 124 1
18 139 1
18 175 1
18 207 1
18 313 1
18 397 1
18 540 1
18 557 1
18 730 1
18 778 1
18 813 1
18 30 1
18 39 1
18 40 1
18 109 1
18 136 1
18 144 1
18 222 1
18 252 1
18 337 1
18 358 1
18 588 1
18 795 1
18 801 1
18 803 1
18 812 1
18 927 1
19 52 1
19 120 1
19 124 1
19 139 1
19 142 1
19 171 1
19 200 1
19 204 1
19 234 1
19 239 1
19 257 1
19 313 1
19 343 1
19 397 1
19 526 1
19 565 1
19 615 1
19 670 1
19 677 1
19 704 1
19 761 1
19 772 1
19 795 1
19 827 1
19 840 1
19 907 1
19 22 1
19 33 1
19 38 1
19 45 1
19 48 1
19 51 1
19 94 1
19 105 1
19 161 1
19 271 1
19 353 1
19 366 1
19 564 1
19 788 1
20 32 1
20 42 1
20 62 1
20 70 1
20 75 1
20 94 1
20 199 1
20 219 1
20 317 1
20 395 1
20 396 1
20 473 1
20 483 1
20 488 1
20 515 1
20 534 1
20 548 1
20 582 1
20 865 1
20 37 1
20 59 1
20 69 1
20 77 1
20 79 1
20 80 1
20 112 1
20 234 1
20 398 1
20 496 1
20 586 1
20 647 1
20 652 1
20 752 1
21 66 1
21 89 1
21 90 1
21 96 1
21 99 1
21 106 1
21 111 1
21 119 1
21 125 1
21 134 1
21 137 1
21 181 1
21 249 1
21 264 1
21 275 1
21 351 1
21 365 1
21 375 1
21 386 1
21 420 1
21 447 1
21 531 1
21 536 1
21 576 1
21 586 1
21 603 1
21 620 1
21 740 1
21 793 1
21 916 1
21 47 1
21 55 1
21 103 1
21 138 1
21 183 1
21 189 1
21 196 1
21 216 1
21 246 1
21 267 1
21 269 1
21 272 1
21 303 1
21 309 1
21 319 1
21 389 1
21 397 1
21 399 1
21 462 1
21 493 1
21 544 1
21 579 1
21 602 1
21 657 1
21 770 1
21 891 1
21 899 1
22 25 1
22 27 1
22 135 1
22 174 1
22 244 1
22 273 1
22 290 1
22 308 1
22 322 1
22 433 1
22 466 1
22 486 1
22 532 1
22 572 1
22 591 1
22 599 1
22 653 1
22 658 1
22 719 1
22 782 1
22 875 1
22 886 1
22 936 1
22 23 1
22 45 1
22 94 1
22 114 1
22 153 1
22 287 1
22 335 1
22 362 1
22 387 1
22 408 1
22 460 1
22 516 1
22 598 1
22 725 1
22 986 1
23 29 1
23 36 1
23 37 1
23 44 1
23 59 1
23 116 1
23 121 1
23 195 1
23 220 1
23 350 1
23 407 1
23 484 1
23 551 1
23 626 1
23 674 1
23 742 1
23 792 1
23 816 1
23 323 1
23 335 1
23 653 1
24 28 1
24 65 1
24 67 1
24 68 1
24 74 1
24 82 1
24 157 1
24 208 1
24 241 1
24 258 1
24 260 1
24 320 1
24 323 1
24 326 1
24 327 1
24 389 1
24 405 1
24 425 1
24 429 1
24 458 1
24 492 1
24 537 1
24 568 1
24 613 1
24 655 1
24 692 1
24 837 1
24 866 1
24 971 1
24 52 1
24 116 1
24 238 1
24 311 1
24 432 1
24 449 1
24 685 1
24 712 1
24 875 1
25 27 1
25 54 1
25 72 1
25 123 1
25 127 1
25 129 1
25 135 1
25 210 1
25 215 1
25 244 1
25 252 1
25 268 1
25 273 1
25 284 1
25 318 1
25 334 1
25 370 1
25 460 1
25 495 1
25 514 1
25 665 1
25 680 1
25 681 1
25 694 1
25 782 1
25 822 1
25 915 1
25 950 1
25 972 1
25 53 1
25 60 1
25 100 1
25 124 1
25 184 1
25 211 1
25 250 1
25 371 1
25 437 1
25 452 1
25 488 1
25 722 1
25 918 1
26 98 1
26 108 1
26 126 1
26 131 1
26 177 1
26 292 1
26 371 1
26 378 1
26 398 1
26 410 1
26 448 1
26 639 1
26 657 1
26 678 1
26 829 1
26 874 1
26 930 1
26 935 1
26 937 1
26 962 1
26 32 1
26 54 1
26 56 1
26 61 1
26 99 1
26 107 1
26 149 1
26 150 1
26 157 1
26 159 1
26 180 1
26 205 1
26 215 1
26 258 1
26 279 1
26 299 1
26 302 1
26 340 1
26 382 1
26 403 1
26 430 1
26 480 1
26 504 1
26 508 1
26 567 1
26 581 1
26 603 1
26 604 1
26 605 1
26 628 1
26 631 1
26 641 1
26 644 1
26 658 1
26 662 1
26 693 1
26 721 1
26 738 1
26 768 1
26 793 1
26 809 1
26 831 1
26 862 1
26 868 1
26 989 1
26 993 1
26 1000 1
27 123 1
27 129 1
27 135 1
27 169 1
27 215 1
27 229 1
27 272 1
27 282 1
27 305 1
27 322 1
27 333 1
27 373 1
27 418 1
27 510 1
27 573 1
27 640 1
27 653 1
27 726 1
27 747 1
27 794 1
27 809 1
27 875 1
27 909 1
27 972 1
27 998 1
27 29 1
27 31 1
27 35 1
27 36 1
27 73 1
27 74 1
27 98 1
27 113 1
27 132 1
27 142 1
27 239 1
27 300 1
27 308 1
27 318 1
27 341 1
27 477 1
27 556 1
27 599 1
27 629 1
27 713 1
27 819 1
27 877 1
27 897 1
28 51 1
28 88 1
28 156 1
28 258 1
28 422 1
28 568 1
28 664 1
28 745 1
28 906 1
28 960 1
28 58 1
28 151 1
28 158 1
28 170 1
28 191 1
28 248 1
28 253 1
28 455 1
28 580 1
28 634 1
28 985 1
28 994 1
29 44 1
29 196 1
29 484 1
29 31 1
29 35 1
29 36 1
29 43 1
29 46 1
29 67 1
29 78 1
29 82 1
29 88 1
29 98 1
29 102 1
29 122 1
29 156 1
29 179 1
29 195 1
29 202 1
29 210 1
29 251 1
29 260 1
29 313 1
29 321 1
29 354 1
29 444 1
29 534 1
29 542 1
29 569 1
29 573 1
29 701 1
29 723 1
29 731 1
29 917 1
29 931 1
29 940 1
29 952 1
30 31 1
30 33 1
30 49 1
30 57 1
30 73 1
30 76 1
30 87 1
30 114 1
30 130 1
30 149 1
30 158 1
30 228 1
30 315 1
30 321 1
30 339 1
30 357 1
30 402 1
30 403 1
30 518 1
30 556 1
30 623 1
30 686 1
30 846 1
30 878 1
30 40 1
30 90 1
30 101 1
30 144 1
30 187 1
30 358 1
30 394 1
30 475 1
30 515 1
30 648 1
30 801 1
30 976 1
31 35 1
31 76 1
31 105 1
31 138 1
31 152 1
31 205 1
31 225 1
31 339 1
31 376 1
31 402 1
31 403 1
31 544 1
31 556 1
31 753 1
31 824 1
31 46 1
31 67 1
31 88 1
31 98 1
31 102 1
31 132 1
31 133 1
31 156 1
31 201 1
31 260 1
31 300 1
31 317 1
31 330 1
31 388 1
31 409 1
31 445 1
31 558 1
31 599 1
31 709 1
31 802 1
31 819 1
31 982 1
32 42 1
32 70 1
32 199 1
32 219 1
32 317 1
32 337 1
32 439 1
32 445 1
32 534 1
32 582 1
32 690 1
32 966 1
32 54 1
32 107 1
32 149 1
32 155 1
32 157 1
32 180 1
32 190 1
32 226 1
32 257 1
32 285 1
32 314 1
32 410 1
32 500 1
32 504 1
32 520 1
32 546 1
32 669 1
32 711 1
32 751 1
33 39 1
33 49 1
33 64 1
33 79 1
33 92 1
33 103 1
33 114 1
33 182 1
33 245 1
33 443 1
33 161 1
33 255 1
33 273 1
33 283 1
33 499 1
33 596 1
33 829 1
33 833 1
33 865 1
33 953 1
34 46 1
34 63 1
34 80 1
34 140 1
34 143 1
34 231 1
34 299 1
34 393 1
34 512 1
34 636 1
34 843 1
34 863 1
34 934 1
34 50 1
34 71 1
34 294 1
34 312 1
34 690 1
34 737 1
34 909 1
35 81 1
35 105 1
35 154 1
35 197 1
35 246 1
35 247 1
35 261 1
35 298 1
35 394 1
35 491 1
35 528 1
35 529 1
35 578 1
35 904 1
35 36 1
35 82 1
35 134 1
35 364 1
35 534 1
35 713 1
35 952 1
36 59 1
36 408 1
36 626 1
36 675 1
36 744 1
36 959 1
36 534 1
36 713 1
37 170 1
37 281 1
37 316 1
37 377 1
37 468 1
37 504 1
37 674 1
37 700 1
37 724 1
37 748 1
37 779 1
37 792 1
37 845 1
37 970 1
37 992 1
37 59 1
37 77 1
37 80 1
37 92 1
37 97 1
37 104 1
37 112 1
37 129 1
37 130 1
37 154 1
37 162 1
37 173 1
37 236 1
37 325 1
37 326 1
37 398 1
37 609 1
37 647 1
37 760 1
38 40 1
38 400 1
38 933 1
38 48 1
38 209 1
38 271 1
38 305 1
38 353 1
38 365 1
38 366 1
38 369 1
38 458 1
38 540 1
38 557 1
38 659 1
38 675 1
38 920 1
39 64 1
39 79 1
39 92 1
39 103 1
39 117 1
39 155 1
39 167 1
39 182 1
39 186 1
39 227 1
39 288 1
39 463 1
39 480 1
39 503 1
39 597 1
39 610 1
39 668 1
39 687 1
39 736 1
39 739 1
39 222 1
39 795 1
39 972 1
39 995 1
40 238 1
40 400 1
40 590 1
40 101 1
40 358 1
41 50 1
41 55 1
41 56 1
41 102 1
41 147 1
41 163 1
41 179 1
41 180 1
41 183 1
41 184 1
41 212 1
41 216 1
41 223 1
41 235 1
41 294 1
41 348 1
41 384 1
41 404 1
41 449 1
41 546 1
41 555 1
41 644 1
41 673 1
41 788 1
41 815 1
41 876 1
41 995 1
41 75 1
41 85 1
41 121 1
41 143 1
41 194 1
41 333 1
41 600 1
41 743 1
41 892 1
42 62 1
42 110 1
42 219 1
42 270 1
42 473 1
42 966 1
42 168 1
42 229 1
42 574 1
43 45 1
43 95 1
43 172 1
43 176 1
43 336 1
43 500 1
43 852 1
43 920 1
43 964 1
43 72 1
43 122 1
43 179 1
43 202 1
43 485 1
43 542 1
43 715 1
43 840 1
43 956 1
43 984 1
44 121 1
44 160 1
44 224 1
44 64 1
44 148 1
44 338 1
44 677 1
44 728 1
44 818 1
44 971 1
45 172 1
45 214 1
45 695 1
45 799 1
45 94 1
45 105 1
45 114 1
45 125 1
45 153 1
45 287 1
45 419 1
45 598 1
45 998 1
46 63 1
46 86 1
46 118 1
46 140 1
46 231 1
46 271 1
46 477 1
46 614 1
46 722 1
46 67 1
46 78 1
46 160 1
46 317 1
46 321 1
46 558 1
46 569 1
46 701 1
46 762 1
47 60 1
47 69 1
47 278 1
47 309 1
47 360 1
47 374 1
47 446 1
47 577 1
47 611 1
47 666 1
47 902 1
47 55 1
47 76 1
47 103 1
47 183 1
47 216 1
47 284 1
47 319 1
47 393 1
47 447 1
47 497 1
47 553 1
47 562 1
47 566 1
47 632 1
47 638 1
47 884 1
47 912 1
47 941 1
47 948 1
48 84 1
48 85 1
48 175 1
48 213 1
48 222 1
48 240 1
48 332 1
48 435 1
48 437 1
48 441 1
48 453 1
48 489 1
48 513 1
48 525 1
48 661 1
48 798 1
48 51 1
48 62 1
48 209 1
48 271 1
48 286 1
48 369 1
48 376 1
48 390 1
48 442 1
48 482 1
48 522 1
48 564 1
48 811 1
48 842 1
48 907 1
48 943 1
49 130 1
49 520 1
49 709 1
49 197 1
49 227 1
49 240 1
49 424 1
50 147 1
50 212 1
50 265 1
50 303 1
50 307 1
50 384 1
50 459 1
50 652 1
50 911 1
50 71 1
50 167 1
50 294 1
50 301 1
50 312 1
50 489 1
50 575 1
50 690 1
50 999 1
51 88 1
51 104 1
51 156 1
51 162 1
51 185 1
51 286 1
51 356 1
51 387 1
51 422 1
51 456 1
51 471 1
51 606 1
51 609 1
51 664 1
51 711 1
51 737 1
51 738 1
51 780 1
51 898 1
51 62 1
51 810 1
51 914 1
52 120 1
52 148 1
52 171 1
52 234 1
52 358 1
52 411 1
52 543 1
52 704 1
52 891 1
52 359 1
52 685 1
52 895 1
53 61 1
53 91 1
53 359 1
53 415 1
53 423 1
53 469 1
53 688 1
53 713 1
53 914 1
53 250 1
53 276 1
53 775 1
54 72 1
54 210 1
54 254 1
54 312 1
54 388 1
54 541 1
54 680 1
54 685 1
54 706 1
54 821 1
54 825 1
54 56 1
54 61 1
54 66 1
54 95 1
54 96 1
54 106 1
54 120 1
54 149 1
54 155 1
54 186 1
54 205 1
54 235 1
54 257 1
54 258 1
54 299 1
54 310 1
54 370 1
54 422 1
54 425 1
54 451 1
54 484 1
54 495 1
54 631 1
54 664 1
54 832 1
54 854 1
54 902 1
54 934 1
55 56 1
55 102 1
55 183 1
55 216 1
55 354 1
55 436 1
55 555 1
55 644 1
55 788 1
55 876 1
55 76 1
55 103 1
55 196 1
55 284 1
55 303 1
55 397 1
55 447 1
55 462 1
55 497 1
55 566 1
55 657 1
55 770 1
55 800 1
55 879 1
55 924 1
55 941 1
56 102 1
56 179 1
56 180 1
56 223 1
56 289 1
56 673 1
56 725 1
56 995 1
56 61 1
56 66 1
56 95 1
56 99 1
56 106 1
56 126 1
56 235 1
56 290 1
56 382 1
56 468 1
56 481 1
56 668 1
56 809 1
56 822 1
56 866 1
56 881 1
56 962 1
56 969 1
56 977 1
56 978 1
57 73 1
57 328 1
57 357 1
57 549 1
57 623 1
57 696 1
57 714 1
57 741 1
57 835 1
57 87 1
57 244 1
57 280 1
57 655 1
57 740 1
57 781 1
58 78 1
58 136 1
58 153 1
58 237 1
58 266 1
58 287 1
58 310 1
58 583 1
58 707 1
58 151 1
58 158 1
58 170 1
58 253 1
58 277 1
58 455 1
58 549 1
59 116 1
59 195 1
59 408 1
59 424 1
59 452 1
59 467 1
59 519 1
59 551 1
59 643 1
59 649 1
59 763 1
59 773 1
59 790 1
59 925 1
59 926 1
59 945 1
59 69 1
59 84 1
59 131 1
59 163 1
59 166 1
59 169 1
59 174 1
59 175 1
59 193 1
59 198 1
59 295 1
59 456 1
59 510 1
59 647 1
59 651 1
59 760 1
59 764 1
59 847 1
59 863 1
59 944 1
60 69 1
60 206 1
60 278 1
60 309 1
60 446 1
60 521 1
60 577 1
60 588 1
60 666 1
60 983 1
60 91 1
60 100 1
60 108 1
60 145 1
60 211 1
60 281 1
60 371 1
60 437 1
60 452 1
60 695 1
60 703 1
60 755 1
60 758 1
61 95 1
61 96 1
61 152 1
61 186 1
61 205 1
61 231 1
61 265 1
61 289 1
61 332 1
61 334 1
61 355 1
61 373 1
61 382 1
61 391 1
61 521 1
61 550 1
61 582 1
61 589 1
61 603 1
61 606 1
61 700 1
61 716 1
61 753 1
61 962 1
62 75 1
62 93 1
62 94 1
62 110 1
62 133 1
62 194 1
62 293 1
62 382 1
62 865 1
62 286 1
62 390 1
62 773 1
62 810 1
62 910 1
62 914 1
62 943 1
62 970 1
63 117 1
63 141 1
63 207 1
63 249 1
63 292 1
63 351 1
63 404 1
63 417 1
63 680 1
63 736 1
63 745 1
63 824 1
63 904 1
63 957 1
63 980 1
64 79 1
64 117 1
64 155 1
64 167 1
64 463 1
64 687 1
64 148 1
64 338 1
64 380 1
64 561 1
64 677 1
64 728 1
64 906 1
65 74 1
65 82 1
65 157 1
65 68 1
65 83 1
65 111 1
65 119 1
65 171 1
65 268 1
65 439 1
65 502 1
65 635 1
65 660 1
65 841 1
65 981 1
65 992 1
66 96 1
66 249 1
66 256 1
66 267 1
66 385 1
66 501 1
66 566 1
66 823 1
66 860 1
66 106 1
66 120 1
66 126 1
66 137 1
66 164 1
66 172 1
66 242 1
66 310 1
66 370 1
66 425 1
66 434 1
66 468 1
66 495 1
66 563 1
66 664 1
66 668 1
66 905 1
67 71 1
67 260 1
67 320 1
67 405 1
67 419 1
67 492 1
67 502 1
67 539 1
67 718 1
67 819 1
67 828 1
67 88 1
67 133 1
67 558 1
67 569 1
67 731 1
67 898 1
68 157 1
68 241 1
68 425 1
68 429 1
68 533 1
68 692 1
68 776 1
68 958 1
68 83 1
68 115 1
68 135 1
68 247 1
68 254 1
68 268 1
68 278 1
68 291 1
68 304 1
68 307 1
68 342 1
68 345 1
68 357 1
68 375 1
68 443 1
68 469 1
68 665 1
68 749 1
68 841 1
68 932 1
68 963 1
68 987 1
69 206 1
69 278 1
69 521 1
69 538 1
69 554 1
69 836 1
69 84 1
69 89 1
69 131 1
69 177 1
69 198 1
69 347 1
69 532 1
69 585 1
69 821 1
70 199 1
70 337 1
70 488 1
70 515 1
70 770 1
70 880 1
70 922 1
70 245 1
70 383 1
70 405 1
70 418 1
70 545 1
70 583 1
70 704 1
70 817 1
70 845 1
70 850 1
70 923 1
70 991 1
71 97 1
71 100 1
71 115 1
71 173 1
71 340 1
71 406 1
71 419 1
71 428 1
71 432 1
71 493 1
71 508 1
71 539 1
71 881 1
71 167 1
71 294 1
71 301 1
71 489 1
71 575 1
71 696 1
71 706 1
71 735 1
71 777 1
71 925 1
72 127 1
72 210 1
72 254 1
72 268 1
72 312 1
72 334 1
72 370 1
72 478 1
72 601 1
72 706 1
72 915 1
72 990 1
72 956 1
73 328 1
73 623 1
73 741 1
73 239 1
73 746 1
73 807 1
74 82 1
74 208 1
74 279 1
74 324 1
74 326 1
74 399 1
74 86 1
74 113 1
74 142 1
74 192 1
74 230 1
75 93 1
75 94 1
75 145 1
75 293 1
75 382 1
75 545 1
75 619 1
75 85 1
75 121 1
75 264 1
75 514 1
75 552 1
75 600 1
76 87 1
76 158 1
76 230 1
76 232 1
76 556 1
76 656 1
76 497 1
76 562 1
76 889 1
76 924 1
77 170 1
77 377 1
77 444 1
77 468 1
77 700 1
77 766 1
77 775 1
77 779 1
77 885 1
77 929 1
77 953 1
77 954 1
77 994 1
77 79 1
77 80 1
77 92 1
77 128 1
77 234 1
77 392 1
77 496 1
77 505 1
77 595 1
78 202 1
78 160 1
78 165 1
78 313 1
78 321 1
78 614 1
78 762 1
78 931 1
79 103 1
79 155 1
79 443 1
79 480 1
79 597 1
79 496 1
79 586 1
80 262 1
80 263 1
80 299 1
80 421 1
80 676 1
80 975 1
80 112 1
80 130 1
80 234 1
80 392 1
80 415 1
80 423 1
80 505 1
80 752 1
81 197 1
81 246 1
81 383 1
81 185 1
81 233 1
81 275 1
81 436 1
81 478 1
81 650 1
81 692 1
81 739 1
81 893 1
82 134 1
83 164 1
83 165 1
83 329 1
83 505 1
83 558 1
83 593 1
83 618 1
83 111 1
83 171 1
83 247 1
83 268 1
83 356 1
83 502 1
83 572 1
84 85 1
84 109 1
84 240 1
84 513 1
84 89 1
84 118 1
84 131 1
84 163 1
84 166 1
84 174 1
84 177 1
84 266 1
84 329 1
84 510 1
84 512 1
84 532 1
84 590 1
84 640 1
84 786 1
84 798 1
85 109 1
85 175 1
85 207 1
85 213 1
85 240 1
85 435 1
85 712 1
85 896 1
85 143 1
85 264 1
85 514 1
85 714 1
86 101 1
86 118 1
86 128 1
86 132 1
86 146 1
86 271 1
86 325 1
86 349 1
86 361 1
86 604 1
86 614 1
86 693 1
86 727 1
86 888 1
86 620 1
87 158 1
87 230 1
87 781 1
88 104 1
88 151 1
88 185 1
88 485 1
88 550 1
88 552 1
88 606 1
88 750 1
88 752 1
88 133 1
88 156 1
88 195 1
88 201 1
88 731 1
88 898 1
89 99 1
89 113 1
89 119 1
89 166 1
89 181 1
89 187 1
89 306 1
89 345 1
89 412 1
89 547 1
89 740 1
89 862 1
89 873 1
89 979 1
89 118 1
89 177 1
89 266 1
89 347 1
89 512 1
89 590 1
89 640 1
89 798 1
89 908 1
89 960 1
89 997 1
90 106 1
90 111 1
90 122 1
90 189 1
90 380 1
90 386 1
90 420 1
90 531 1
90 561 1
90 574 1
90 576 1
90 603 1
90 844 1
90 847 1
90 110 1
90 147 1
90 182 1
90 187 1
90 200 1
90 220 1
90 225 1
90 274 1
90 331 1
90 348 1
90 394 1
90 416 1
90 446 1
90 450 1
90 483 1
90 486 1
90 491 1
90 515 1
90 555 1
90 565 1
90 673 1
90 849 1
90 867 1
90 937 1
91 178 1
91 248 1
91 341 1
91 359 1
91 392 1
91 511 1
91 688 1
91 760 1
91 850 1
91 879 1
91 999 1
91 145 1
91 438 1
91 695 1
91 838 1
92 186 1
92 338 1
92 128 1
92 162 1
92 236 1
92 261 1
92 519 1
92 543 1
92 727 1
93 145 1
93 190 1
93 293 1
93 304 1
93 314 1
93 330 1
93 545 1
93 619 1
93 631 1
93 811 1
93 869 1
93 139 1
93 223 1
93 262 1
93 327 1
93 385 1
93 429 1
93 464 1
93 465 1
93 474 1
93 571 1
93 748 1
93 784 1
93 874 1
93 896 1
94 382 1
94 865 1
94 114 1
94 408 1
94 419 1
94 460 1
94 998 1
95 107 1
95 336 1
95 363 1
95 381 1
95 500 1
95 808 1
95 858 1
95 895 1
95 917 1
95 96 1
95 152 1
95 391 1
95 934 1
96 134 1
96 137 1
96 249 1
96 256 1
96 267 1
96 454 1
96 501 1
96 566 1
96 579 1
96 620 1
96 823 1
96 152 1
96 186 1
96 231 1
96 265 1
96 289 1
96 521 1
96 687 1
96 934 1
97 100 1
97 112 1
97 159 1
97 161 1
97 173 1
97 192 1
97 280 1
97 295 1
97 406 1
97 472 1
97 703 1
97 705 1
97 789 1
97 857 1
97 104 1
97 129 1
97 140 1
97 188 1
97 326 1
97 494 1
97 617 1
97 872 1
98 108 1
98 259 1
98 378 1
98 496 1
98 102 1
98 210 1
98 599 1
98 940 1
99 113 1
99 119 1
99 166 1
99 187 1
99 306 1
99 346 1
99 379 1
99 524 1
99 562 1
99 630 1
99 698 1
99 721 1
99 912 1
99 290 1
99 403 1
99 881 1
100 115 1
100 269 1
100 406 1
100 428 1
100 432 1
100 472 1
100 765 1
100 789 1
100 993 1
100 108 1
100 371 1
100 758 1
100 968 1
101 349 1
101 632 1
101 693 1
101 727 1
101 800 1
102 180 1
102 216 1
102 354 1
102 210 1
102 251 1
102 260 1
102 388 1
102 723 1
103 182 1
103 245 1
103 443 1
103 597 1
103 610 1
103 216 1
103 284 1
103 303 1
103 309 1
103 553 1
103 879 1
104 185 1
104 286 1
104 356 1
104 456 1
104 471 1
104 550 1
104 552 1
104 759 1
104 974 1
104 173 1
104 188 1
104 325 1
104 848 1
104 916 1
105 138 1
105 152 1
105 154 1
105 205 1
105 300 1
105 491 1
105 600 1
105 967 1
105 981 1
105 125 1
105 213 1
105 593 1
105 823 1
106 111 1
106 125 1
106 189 1
106 351 1
106 561 1
106 574 1
106 732 1
106 916 1
106 996 1
106 120 1
106 235 1
106 854 1
106 902 1
107 141 1
107 363 1
107 381 1
107 416 1
107 438 1
107 490 1
107 783 1
107 808 1
107 895 1
107 180 1
107 215 1
107 226 1
107 285 1
107 508 1
107 644 1
107 751 1
108 126 1
108 259 1
108 292 1
108 371 1
108 464 1
108 872 1
108 918 1
109 136 1
109 883 1
109 929 1
110 133 1
110 233 1
110 270 1
110 147 1
110 182 1
110 225 1
110 274 1
110 331 1
110 363 1
110 379 1
110 414 1
110 433 1
110 619 1
110 636 1
111 386 1
111 916 1
111 171 1
111 635 1
111 858 1
111 871 1
111 992 1
112 159 1
112 637 1
112 791 1
112 832 1
112 130 1
112 154 1
112 212 1
112 219 1
112 263 1
112 398 1
112 415 1
112 423 1
112 820 1
112 853 1
113 166 1
113 345 1
113 379 1
113 562 1
113 630 1
113 654 1
113 721 1
113 814 1
113 862 1
113 868 1
113 192 1
113 221 1
113 230 1
113 237 1
113 368 1
113 402 1
113 413 1
113 479 1
113 517 1
113 570 1
113 608 1
113 959 1
114 321 1
114 408 1
114 419 1
114 598 1
115 269 1
115 428 1
115 493 1
115 123 1
115 135 1
115 208 1
115 278 1
115 307 1
115 322 1
115 357 1
115 367 1
115 378 1
115 386 1
115 471 1
115 530 1
115 610 1
115 665 1
115 666 1
115 935 1
116 195 1
116 220 1
116 424 1
116 442 1
116 452 1
116 467 1
116 519 1
116 602 1
116 660 1
116 311 1
117 167 1
117 227 1
117 242 1
117 251 1
117 311 1
117 459 1
118 128 1
118 193 1
118 221 1
118 271 1
118 481 1
118 266 1
118 329 1
118 960 1
119 181 1
119 187 1
119 264 1
119 275 1
119 412 1
119 734 1
119 769 1
119 921 1
119 297 1
119 439 1
120 142 1
120 148 1
120 411 1
120 451 1
120 455 1
120 465 1
120 581 1
120 795 1
120 425 1
120 854 1
121 160 1
121 224 1
121 350 1
121 407 1
121 542 1
121 194 1
121 333 1
121 600 1
121 813 1
122 457 1
122 806 1
122 542 1
123 129 1
123 169 1
123 229 1
123 282 1
123 331 1
123 333 1
123 344 1
123 362 1
123 450 1
123 523 1
123 573 1
123 612 1
123 663 1
123 665 1
123 127 1
123 181 1
123 322 1
123 328 1
123 386 1
123 400 1
123 441 1
123 808 1
124 204 1
124 313 1
124 557 1
124 625 1
124 677 1
124 777 1
124 778 1
124 813 1
124 973 1
124 184 1
125 351 1
125 365 1
125 375 1
125 732 1
125 793 1
125 213 1
125 217 1
125 440 1
125 511 1
125 593 1
126 292 1
126 464 1
126 137 1
126 146 1
126 164 1
126 199 1
126 203 1
126 259 1
126 463 1
126 468 1
126 481 1
126 560 1
126 584 1
126 597 1
126 616 1
126 678 1
126 787 1
126 822 1
126 866 1
126 911 1
126 961 1
127 370 1
127 478 1
127 494 1
127 181 1
127 400 1
127 541 1
128 132 1
128 146 1
128 193 1
128 198 1
128 221 1
128 236 1
128 361 1
128 409 1
128 470 1
128 479 1
128 481 1
128 616 1
128 621 1
128 754 1
128 784 1
128 882 1
128 519 1
129 215 1
129 229 1
129 272 1
129 331 1
129 342 1
129 726 1
129 747 1
129 822 1
129 326 1
129 609 1
130 149 1
130 315 1
130 518 1
130 520 1
130 709 1
130 842 1
130 901 1
130 154 1
130 212 1
130 219 1
130 263 1
130 343 1
130 415 1
130 667 1
130 820 1
130 966 1
131 302 1
131 398 1
131 596 1
131 667 1
131 874 1
131 163 1
131 198 1
132 146 1
132 198 1
132 236 1
132 325 1
132 479 1
132 616 1
132 755 1
132 864 1
132 882 1
132 300 1
132 318 1
132 330 1
132 341 1
132 445 1
132 535 1
132 629 1
132 844 1
132 877 1
132 938 1
133 194 1
133 218 1
133 233 1
133 849 1
133 987 1
134 137 1
134 447 1
134 454 1
134 507 1
134 509 1
134 530 1
134 586 1
134 605 1
134 627 1
134 647 1
134 364 1
134 880 1
135 244 1
135 252 1
135 308 1
135 322 1
135 585 1
135 591 1
135 972 1
135 208 1
135 214 1
135 218 1
135 224 1
135 232 1
135 278 1
135 288 1
135 291 1
135 293 1
135 435 1
135 471 1
135 527 1
135 611 1
135 697 1
135 718 1
135 935 1
136 153 1
136 237 1
136 707 1
136 252 1
136 337 1
136 350 1
136 396 1
136 467 1
137 447 1
137 454 1
137 507 1
137 579 1
137 605 1
137 627 1
137 146 1
137 164 1
137 172 1
137 199 1
137 206 1
137 242 1
137 243 1
137 352 1
137 434 1
137 490 1
137 563 1
137 584 1
137 597 1
137 624 1
138 152 1
138 300 1
138 376 1
138 461 1
138 600 1
138 963 1
138 981 1
138 984 1
138 267 1
138 531 1
138 579 1
138 591 1
138 679 1
138 694 1
138 899 1
138 922 1
139 397 1
139 526 1
139 540 1
139 223 1
139 385 1
139 406 1
139 464 1
139 539 1
139 571 1
139 747 1
139 913 1
140 231 1
140 477 1
140 624 1
140 722 1
140 803 1
140 863 1
140 919 1
140 617 1
140 626 1
140 790 1
141 144 1
141 243 1
141 335 1
141 367 1
141 416 1
141 490 1
141 584 1
141 672 1
141 890 1
141 207 1
142 451 1
142 565 1
142 795 1
142 840 1
142 477 1
143 393 1
143 512 1
143 622 1
143 830 1
143 743 1
144 243 1
144 250 1
144 367 1
144 584 1
144 588 1
144 607 1
144 976 1
145 190 1
145 314 1
145 535 1
145 564 1
145 281 1
145 438 1
146 198 1
146 361 1
146 409 1
146 754 1
146 755 1
146 203 1
146 560 1
146 787 1
146 887 1
147 163 1
147 184 1
147 212 1
147 265 1
147 303 1
147 629 1
147 182 1
147 220 1
148 358 1
148 411 1
148 581 1
148 891 1
148 982 1
149 228 1
149 315 1
149 842 1
149 155 1
149 157 1
149 159 1
149 190 1
149 258 1
149 451 1
149 520 1
149 707 1
150 279 1
150 461 1
150 873 1
151 485 1
151 750 1
151 906 1
151 158 1
151 248 1
151 256 1
151 277 1
151 306 1
151 320 1
151 513 1
151 661 1
151 834 1
152 205 1
152 225 1
152 285 1
152 300 1
152 376 1
152 461 1
152 963 1
152 967 1
152 984 1
152 391 1
152 521 1
152 550 1
152 589 1
152 687 1
152 729 1
153 237 1
153 266 1
153 287 1
153 362 1
153 516 1
153 528 1
153 529 1
153 754 1
153 765 1
153 885 1
153 986 1
154 247 1
154 491 1
154 212 1
155 463 1
155 480 1
155 257 1
155 451 1
156 422 1
156 195 1
156 201 1
157 241 1
157 159 1
157 190 1
157 314 1
157 410 1
157 707 1
158 170 1
159 161 1
159 295 1
159 899 1
159 707 1
160 224 1
160 165 1
160 741 1
160 814 1
161 280 1
161 295 1
161 705 1
161 899 1
162 209 1
162 387 1
162 923 1
162 236 1
162 261 1
162 727 1
163 184 1
163 629 1
163 510 1
164 505 1
164 199 1
164 259 1
164 518 1
164 698 1
165 593 1
165 708 1
165 812 1
165 614 1
165 741 1
165 814 1
166 562 1
166 862 1
166 912 1
166 169 1
166 174 1
166 295 1
166 427 1
166 473 1
166 767 1
166 944 1
167 227 1
167 242 1
167 251 1
167 255 1
167 417 1
167 575 1
167 687 1
167 968 1
167 777 1
168 226 1
168 291 1
168 646 1
168 751 1
168 883 1
168 894 1
169 523 1
169 640 1
169 175 1
169 427 1
169 473 1
169 594 1
169 663 1
169 847 1
169 863 1
170 281 1
170 316 1
170 401 1
170 444 1
170 468 1
170 476 1
170 504 1
170 766 1
170 940 1
170 953 1
170 970 1
170 253 1
170 634 1
171 200 1
171 234 1
171 343 1
171 391 1
171 642 1
171 947 1
171 502 1
171 660 1
172 176 1
172 201 1
172 214 1
172 695 1
172 206 1
172 242 1
172 490 1
173 192 1
173 340 1
173 413 1
173 859 1
173 325 1
173 916 1
174 188 1
174 217 1
174 290 1
174 366 1
174 372 1
174 433 1
174 684 1
174 936 1
174 977 1
174 295 1
175 207 1
175 213 1
175 222 1
175 253 1
175 276 1
175 437 1
175 617 1
175 712 1
175 797 1
175 193 1
175 431 1
175 456 1
175 507 1
175 594 1
175 764 1
175 847 1
175 965 1
175 988 1
176 201 1
176 764 1
176 947 1
177 203 1
177 645 1
177 932 1
177 347 1
177 512 1
177 532 1
177 585 1
177 821 1
177 997 1
178 248 1
178 392 1
178 511 1
178 567 1
178 804 1
178 999 1
178 537 1
178 548 1
178 774 1
179 223 1
179 289 1
179 546 1
179 965 1
179 202 1
179 485 1
179 715 1
179 840 1
180 673 1
180 504 1
180 508 1
181 264 1
181 536 1
181 734 1
181 400 1
182 245 1
182 610 1
182 225 1
182 849 1
183 555 1
183 189 1
183 269 1
183 319 1
183 393 1
183 470 1
183 789 1
183 891 1
184 629 1
185 471 1
185 606 1
185 609 1
185 759 1
185 943 1
186 338 1
186 503 1
186 231 1
186 334 1
186 656 1
186 828 1
187 306 1
187 346 1
187 412 1
187 499 1
187 547 1
187 594 1
187 802 1
187 200 1
187 204 1
187 394 1
187 475 1
187 483 1
187 536 1
187 587 1
187 601 1
187 673 1
187 689 1
188 217 1
188 366 1
188 369 1
188 427 1
188 560 1
188 684 1
188 746 1
188 977 1
188 494 1
188 848 1
188 872 1
189 380 1
189 561 1
189 246 1
189 269 1
189 399 1
189 470 1
189 670 1
189 717 1
189 789 1
189 901 1
190 304 1
190 352 1
190 462 1
190 535 1
190 314 1
190 500 1
190 520 1
190 525 1
190 546 1
190 682 1
190 720 1
191 274 1
191 638 1
191 994 1
192 413 1
192 703 1
192 221 1
192 230 1
192 237 1
192 368 1
192 492 1
193 221 1
193 470 1
193 431 1
193 456 1
193 507 1
193 651 1
193 699 1
193 903 1
193 988 1
194 218 1
194 849 1
194 333 1
194 813 1
195 220 1
195 424 1
195 442 1
195 551 1
195 602 1
195 671 1
195 742 1
195 773 1
195 925 1
196 347 1
196 770 1
197 246 1
197 261 1
197 298 1
197 383 1
197 394 1
197 697 1
197 834 1
197 227 1
197 377 1
197 412 1
197 623 1
197 734 1
198 236 1
198 755 1
198 864 1
199 317 1
199 439 1
199 488 1
199 770 1
199 880 1
199 259 1
199 518 1
199 584 1
199 616 1
200 257 1
200 204 1
200 395 1
200 401 1
200 483 1
200 486 1
200 536 1
200 568 1
200 601 1
200 686 1
200 867 1
201 764 1
201 877 1
202 715 1
202 984 1
203 645 1
203 932 1
203 463 1
203 560 1
203 887 1
203 946 1
204 239 1
204 517 1
204 677 1
204 777 1
204 395 1
204 536 1
204 587 1
204 691 1
204 791 1
205 225 1
205 285 1
205 607 1
205 689 1
205 924 1
205 299 1
205 484 1
205 603 1
205 605 1
205 662 1
206 836 1
206 243 1
206 352 1
206 621 1
206 958 1
207 249 1
207 282 1
208 279 1
208 324 1
208 326 1
208 767 1
208 214 1
208 224 1
208 367 1
208 381 1
208 610 1
208 666 1
208 945 1
208 996 1
209 369 1
209 376 1
209 407 1
209 458 1
209 522 1
209 557 1
209 637 1
209 811 1
209 843 1
209 920 1
209 949 1
210 268 1
210 312 1
210 318 1
210 388 1
210 541 1
210 251 1
210 917 1
210 940 1
211 283 1
211 355 1
211 368 1
211 414 1
211 648 1
211 691 1
211 723 1
211 437 1
211 703 1
211 918 1
212 265 1
212 384 1
212 219 1
212 343 1
212 612 1
213 222 1
213 253 1
213 276 1
213 332 1
213 435 1
213 608 1
213 617 1
213 712 1
213 805 1
213 854 1
213 896 1
213 217 1
213 440 1
213 547 1
213 593 1
213 779 1
213 823 1
213 826 1
214 695 1
214 799 1
214 218 1
214 224 1
214 232 1
214 381 1
214 435 1
214 996 1
215 726 1
215 822 1
215 950 1
215 998 1
215 302 1
215 340 1
215 346 1
215 428 1
215 480 1
215 526 1
215 641 1
215 681 1
216 354 1
216 436 1
216 487 1
216 644 1
216 815 1
216 553 1
217 366 1
217 369 1
217 746 1
217 758 1
217 944 1
217 440 1
217 511 1
217 547 1
217 779 1
217 826 1
217 839 1
218 849 1
218 987 1
219 473 1
219 534 1
219 263 1
219 343 1
219 612 1
219 667 1
219 966 1
220 602 1
220 348 1
220 565 1
220 672 1
220 757 1
221 481 1
221 402 1
221 413 1
221 570 1
221 983 1
222 253 1
222 332 1
222 437 1
222 441 1
222 453 1
222 608 1
222 797 1
222 812 1
223 235 1
223 289 1
223 449 1
223 546 1
223 725 1
223 743 1
223 965 1
223 262 1
223 571 1
224 232 1
224 288 1
224 381 1
224 527 1
224 643 1
224 945 1
225 285 1
225 607 1
225 924 1
225 939 1
225 331 1
225 414 1
225 849 1
226 291 1
226 751 1
226 285 1
227 242 1
227 311 1
227 728 1
227 240 1
228 241 1
228 766 1
229 272 1
229 282 1
229 305 1
229 331 1
229 342 1
229 362 1
229 373 1
229 418 1
229 592 1
229 641 1
229 682 1
229 699 1
229 771 1
229 533 1
229 576 1
229 837 1
230 232 1
230 426 1
230 656 1
230 237 1
230 492 1
231 863 1
231 265 1
231 332 1
231 334 1
231 606 1
231 656 1
232 426 1
232 656 1
232 288 1
232 293 1
232 435 1
232 611 1
232 643 1
232 718 1
232 759 1
232 870 1
234 343 1
234 391 1
234 704 1
234 772 1
234 820 1
234 855 1
234 392 1
234 595 1
234 752 1
235 449 1
235 725 1
235 743 1
236 864 1
236 261 1
236 543 1
237 266 1
237 287 1
237 440 1
237 707 1
237 826 1
237 894 1
237 368 1
237 492 1
237 959 1
238 563 1
238 590 1
238 831 1
238 908 1
238 956 1
238 339 1
238 432 1
238 449 1
238 577 1
238 649 1
238 776 1
238 836 1
239 517 1
239 761 1
239 308 1
239 372 1
239 556 1
239 746 1
240 513 1
240 661 1
240 892 1
240 969 1
241 429 1
241 766 1
242 251 1
242 255 1
242 311 1
242 575 1
242 728 1
242 968 1
242 434 1
242 490 1
242 905 1
243 250 1
243 277 1
243 335 1
243 367 1
243 474 1
243 570 1
243 634 1
243 352 1
243 621 1
243 624 1
243 958 1
244 252 1
244 273 1
244 284 1
244 308 1
244 495 1
244 585 1
244 658 1
244 694 1
244 893 1
244 270 1
244 280 1
244 316 1
244 374 1
244 421 1
244 466 1
244 506 1
244 642 1
244 740 1
244 964 1
245 383 1
245 538 1
245 545 1
245 756 1
245 797 1
246 394 1
246 528 1
246 529 1
246 834 1
246 399 1
246 670 1
246 717 1
246 901 1
247 578 1
247 254 1
247 304 1
247 315 1
247 356 1
247 375 1
247 426 1
247 572 1
247 749 1
247 963 1
248 341 1
248 390 1
248 506 1
248 804 1
248 879 1
248 961 1
248 256 1
248 320 1
248 513 1
248 580 1
248 951 1
249 566 1
249 620 1
249 282 1
249 417 1
249 919 1
250 277 1
250 474 1
250 633 1
250 276 1
250 296 1
250 488 1
251 255 1
251 417 1
251 710 1
251 723 1
251 917 1
252 495 1
252 681 1
252 337 1
252 350 1
252 396 1
252 467 1
252 472 1
252 803 1
252 927 1
253 276 1
253 854 1
253 455 1
253 634 1
254 304 1
254 315 1
254 345 1
254 454 1
255 417 1
255 575 1
255 710 1
255 273 1
255 283 1
255 499 1
255 596 1
255 674 1
255 829 1
255 855 1
256 267 1
256 385 1
256 860 1
256 320 1
256 834 1
257 615 1
257 670 1
258 613 1
259 872 1
259 518 1
259 616 1
259 698 1
260 320 1
260 323 1
260 718 1
260 819 1
260 971 1
260 388 1
261 298 1
261 697 1
261 904 1
261 543 1
262 263 1
262 364 1
262 421 1
262 975 1
262 465 1
262 784 1
263 421 1
263 667 1
263 820 1
263 853 1
264 275 1
264 536 1
264 734 1
264 769 1
264 514 1
264 552 1
264 714 1
265 303 1
265 289 1
265 332 1
265 355 1
265 373 1
265 582 1
265 613 1
265 615 1
265 639 1
265 700 1
265 730 1
265 742 1
265 753 1
265 835 1
265 926 1
266 287 1
266 440 1
266 329 1
266 640 1
266 786 1
266 908 1
267 385 1
267 501 1
267 272 1
267 360 1
267 389 1
267 493 1
267 531 1
267 708 1
267 864 1
267 899 1
268 318 1
268 334 1
268 514 1
268 990 1
268 841 1
268 981 1
269 765 1
269 891 1
270 316 1
270 374 1
270 420 1
270 421 1
270 732 1
270 778 1
271 614 1
271 353 1
271 540 1
271 554 1
271 564 1
271 788 1
272 305 1
272 342 1
272 592 1
272 771 1
272 360 1
272 389 1
272 708 1
273 284 1
273 460 1
273 466 1
273 658 1
273 283 1
273 674 1
273 833 1
274 431 1
274 638 1
274 817 1
274 861 1
274 363 1
274 761 1
275 769 1
275 921 1
275 436 1
275 478 1
275 771 1
275 825 1
275 893 1
276 617 1
276 854 1
276 296 1
276 349 1
276 498 1
276 775 1
276 974 1
277 474 1
277 570 1
277 633 1
277 306 1
277 549 1
277 661 1
278 521 1
278 538 1
278 554 1
278 577 1
278 588 1
278 291 1
278 307 1
278 342 1
278 344 1
278 378 1
278 471 1
278 697 1
278 932 1
278 975 1
279 324 1
279 399 1
279 767 1
279 781 1
279 870 1
279 461 1
279 501 1
279 604 1
279 654 1
279 804 1
279 859 1
279 873 1
280 705 1
280 466 1
281 316 1
281 401 1
281 724 1
282 333 1
282 344 1
282 362 1
282 373 1
282 450 1
282 510 1
282 612 1
282 641 1
282 919 1
283 297 1
283 368 1
283 414 1
283 595 1
283 774 1
283 851 1
283 1000 1
283 833 1
284 447 1
284 879 1
285 607 1
285 689 1
285 751 1
286 356 1
286 737 1
286 390 1
286 442 1
286 773 1
287 440 1
287 826 1
287 362 1
287 528 1
287 529 1
287 754 1
287 942 1
288 739 1
288 293 1
288 527 1
288 643 1
288 870 1
288 888 1
289 965 1
289 373 1
289 835 1
290 372 1
290 433 1
290 498 1
290 719 1
290 871 1
290 881 1
290 969 1
291 751 1
291 883 1
292 371 1
292 351 1
292 404 1
292 448 1
292 503 1
292 551 1
292 578 1
292 724 1
292 772 1
292 782 1
292 904 1
292 928 1
292 950 1
292 957 1
293 545 1
293 869 1
293 611 1
293 759 1
294 307 1
294 659 1
294 301 1
294 696 1
295 899 1
295 944 1
296 475 1
296 349 1
298 697 1
298 336 1
298 411 1
298 487 1
298 618 1
299 676 1
299 978 1
299 484 1
299 631 1
299 831 1
300 600 1
300 967 1
300 984 1
300 330 1
300 409 1
300 709 1
300 819 1
300 844 1
300 877 1
300 982 1
301 319 1
301 482 1
301 589 1
301 635 1
301 683 1
301 946 1
301 489 1
301 696 1
301 925 1
302 448 1
302 596 1
302 874 1
302 340 1
302 346 1
302 428 1
302 430 1
302 581 1
302 628 1
302 693 1
302 785 1
302 796 1
303 309 1
303 397 1
303 544 1
304 330 1
304 352 1
304 631 1
304 717 1
304 375 1
304 443 1
304 469 1
305 418 1
305 592 1
305 682 1
305 928 1
305 365 1
306 346 1
306 499 1
306 547 1
306 661 1
307 459 1
307 659 1
307 911 1
307 342 1
307 344 1
307 378 1
307 384 1
308 585 1
308 893 1
308 372 1
308 556 1
308 897 1
309 360 1
309 446 1
309 611 1
309 902 1
309 980 1
310 583 1
310 976 1
310 370 1
310 422 1
310 832 1
311 728 1
311 875 1
312 388 1
312 706 1
312 821 1
312 690 1
312 909 1
312 999 1
313 813 1
313 354 1
313 931 1
314 535 1
314 564 1
314 833 1
314 410 1
314 500 1
314 525 1
314 682 1
314 720 1
314 815 1
315 518 1
315 686 1
315 715 1
315 842 1
315 901 1
315 951 1
315 454 1
316 724 1
316 970 1
316 421 1
316 506 1
316 642 1
317 439 1
318 514 1
318 341 1
318 535 1
319 527 1
319 589 1
319 635 1
319 683 1
320 405 1
320 502 1
320 718 1
320 828 1
320 513 1
320 951 1
321 762 1
322 591 1
322 875 1
322 328 1
322 476 1
322 702 1
322 936 1
323 327 1
323 458 1
323 971 1
323 653 1
324 767 1
324 781 1
324 361 1
324 523 1
324 763 1
324 973 1
325 604 1
325 916 1
327 389 1
327 458 1
327 537 1
327 913 1
327 860 1
328 696 1
328 476 1
328 954 1
329 786 1
330 631 1
330 409 1
330 445 1
330 844 1
330 938 1
331 414 1
331 636 1
331 792 1
332 608 1
332 805 1
332 955 1
332 355 1
332 615 1
332 716 1
333 344 1
333 573 1
333 663 1
333 669 1
333 813 1
334 606 1
334 656 1
334 828 1
334 990 1
335 387 1
336 500 1
336 852 1
336 964 1
336 411 1
336 646 1
336 857 1
337 396 1
337 927 1
338 380 1
338 625 1
338 677 1
338 955 1
338 971 1
339 402 1
339 544 1
339 559 1
339 878 1
339 776 1
339 836 1
340 508 1
340 430 1
340 480 1
340 567 1
340 681 1
340 785 1
340 868 1
341 390 1
341 506 1
341 702 1
341 879 1
341 961 1
341 629 1
342 344 1
342 384 1
342 627 1
342 932 1
343 391 1
343 642 1
343 772 1
343 820 1
343 827 1
343 855 1
343 947 1
343 612 1
343 966 1
344 450 1
344 384 1
344 627 1
345 654 1
345 868 1
345 873 1
346 499 1
346 594 1
346 428 1
346 526 1
347 997 1
348 404 1
348 587 1
348 416 1
348 446 1
348 450 1
348 565 1
348 672 1
348 744 1
349 693 1
349 800 1
349 498 1
350 407 1
350 542 1
351 365 1
351 732 1
351 996 1
351 503 1
351 904 1
351 928 1
352 462 1
352 716 1
352 717 1
352 624 1
352 958 1
353 497 1
353 516 1
353 553 1
353 598 1
353 650 1
353 729 1
353 757 1
353 910 1
353 540 1
353 554 1
354 436 1
354 487 1
354 444 1
355 691 1
355 905 1
355 582 1
355 613 1
355 615 1
355 639 1
355 716 1
356 456 1
356 711 1
356 898 1
356 426 1
356 572 1
357 549 1
357 665 1
358 543 1
358 801 1
359 423 1
360 902 1
360 980 1
360 708 1
360 864 1
361 409 1
361 671 1
362 516 1
362 528 1
362 765 1
362 942 1
363 381 1
363 438 1
363 379 1
363 433 1
363 761 1
363 783 1
363 799 1
364 880 1
365 793 1
365 659 1
366 369 1
366 427 1
366 758 1
366 856 1
366 977 1
366 675 1
367 584 1
367 672 1
367 610 1
368 414 1
368 595 1
368 774 1
368 796 1
368 851 1
368 959 1
369 427 1
369 758 1
369 856 1
369 931 1
369 458 1
369 949 1
370 915 1
370 495 1
370 832 1
371 758 1
371 968 1
372 498 1
372 871 1
373 510 1
373 641 1
373 699 1
373 909 1
373 835 1
374 848 1
374 420 1
374 732 1
375 443 1
375 749 1
376 461 1
376 407 1
376 522 1
377 748 1
377 412 1
377 457 1
377 509 1
377 623 1
377 630 1
377 734 1
377 780 1
377 846 1
377 900 1
378 639 1
379 524 1
379 630 1
379 698 1
379 756 1
379 433 1
379 619 1
379 783 1
379 799 1
379 852 1
380 847 1
380 625 1
381 438 1
381 808 1
381 858 1
381 917 1
381 945 1
382 809 1
382 962 1
383 405 1
383 538 1
383 756 1
383 797 1
383 923 1
384 627 1
385 860 1
385 464 1
385 539 1
385 710 1
385 896 1
386 420 1
386 441 1
386 453 1
386 530 1
386 633 1
386 808 1
387 923 1
387 725 1
388 541 1
389 655 1
389 818 1
389 493 1
389 602 1
390 506 1
390 702 1
390 442 1
390 482 1
390 705 1
390 773 1
390 878 1
390 907 1
390 910 1
390 943 1
391 642 1
391 820 1
391 550 1
392 511 1
392 567 1
392 760 1
392 810 1
392 850 1
392 505 1
392 595 1
393 512 1
393 622 1
393 636 1
393 830 1
393 843 1
393 934 1
393 912 1
394 528 1
394 834 1
395 396 1
395 434 1
395 651 1
395 749 1
395 927 1
395 991 1
395 401 1
395 791 1
395 816 1
396 434 1
396 548 1
396 651 1
396 467 1
396 472 1
396 805 1
397 540 1
397 462 1
397 544 1
397 800 1
398 410 1
398 571 1
398 667 1
398 678 1
398 787 1
398 841 1
399 870 1
399 670 1
400 933 1
401 476 1
401 568 1
402 403 1
402 544 1
402 559 1
402 753 1
402 824 1
402 846 1
402 413 1
402 479 1
402 608 1
402 983 1
403 753 1
403 846 1
403 658 1
403 993 1
404 587 1
404 997 1
404 448 1
404 578 1
404 645 1
404 680 1
404 688 1
404 745 1
404 824 1
404 950 1
404 957 1
405 502 1
405 704 1
405 923 1
406 432 1
406 472 1
406 993 1
406 559 1
406 747 1
406 830 1
406 913 1
406 921 1
407 542 1
407 637 1
408 643 1
408 744 1
408 460 1
409 754 1
409 709 1
409 802 1
410 571 1
410 678 1
410 733 1
410 787 1
410 829 1
410 930 1
410 937 1
410 952 1
411 581 1
411 891 1
411 982 1
411 646 1
412 457 1
412 509 1
412 726 1
412 734 1
412 780 1
412 876 1
413 859 1
413 570 1
413 983 1
414 595 1
414 796 1
414 636 1
414 792 1
415 469 1
415 713 1
415 786 1
415 839 1
415 887 1
415 897 1
415 423 1
416 490 1
416 783 1
416 446 1
416 744 1
417 710 1
417 736 1
418 682 1
418 928 1
418 845 1
419 539 1
419 881 1
419 998 1
420 531 1
420 732 1
420 778 1
421 975 1
421 506 1
424 442 1
424 452 1
424 671 1
424 773 1
425 533 1
425 692 1
425 776 1
425 837 1
425 664 1
427 473 1
427 767 1
427 794 1
429 474 1
429 806 1
429 874 1
430 567 1
430 581 1
430 738 1
430 785 1
430 796 1
430 882 1
431 720 1
431 838 1
431 948 1
431 699 1
432 449 1
432 577 1
432 649 1
432 712 1
434 651 1
434 749 1
434 927 1
434 989 1
434 991 1
434 563 1
434 905 1
435 896 1
436 487 1
436 650 1
436 692 1
437 441 1
437 525 1
437 797 1
437 452 1
440 826 1
440 894 1
440 511 1
440 547 1
440 839 1
441 489 1
441 525 1
441 453 1
441 808 1
442 671 1
442 482 1
442 705 1
442 842 1
442 878 1
443 469 1
443 987 1
444 766 1
444 775 1
444 573 1
446 611 1
446 450 1
446 491 1
447 586 1
447 627 1
447 566 1
447 638 1
447 948 1
448 578 1
448 645 1
448 782 1
448 933 1
449 743 1
449 577 1
450 612 1
450 491 1
450 555 1
451 455 1
452 467 1
452 649 1
452 660 1
452 768 1
452 790 1
452 926 1
452 942 1
452 945 1
453 489 1
454 507 1
454 509 1
455 465 1
456 711 1
456 738 1
456 507 1
456 651 1
456 764 1
456 903 1
456 965 1
457 806 1
457 509 1
457 726 1
457 876 1
457 900 1
457 979 1
458 537 1
458 866 1
458 913 1
458 557 1
458 843 1
458 949 1
459 652 1
459 911 1
459 524 1
460 466 1
460 532 1
460 572 1
461 963 1
461 501 1
461 873 1
462 716 1
462 657 1
462 800 1
463 678 1
463 946 1
464 918 1
464 539 1
464 710 1
465 784 1
466 532 1
466 886 1
467 519 1
467 649 1
467 660 1
467 763 1
467 768 1
467 801 1
467 472 1
467 805 1
468 504 1
468 700 1
468 929 1
468 953 1
468 954 1
468 668 1
468 822 1
468 961 1
469 786 1
469 839 1
469 867 1
469 987 1
470 789 1
471 759 1
471 697 1
471 935 1
471 975 1
472 993 1
472 805 1
474 748 1
474 874 1
476 940 1
476 702 1
476 936 1
476 954 1
477 624 1
477 722 1
477 803 1
478 494 1
478 522 1
478 601 1
478 893 1
479 616 1
479 621 1
479 517 1
479 608 1
479 622 1
479 750 1
480 641 1
480 681 1
480 768 1
480 930 1
481 978 1
482 705 1
482 842 1
482 907 1
483 486 1
483 673 1
483 686 1
483 689 1
485 750 1
485 840 1
486 599 1
486 807 1
486 686 1
487 618 1
488 515 1
488 770 1
488 922 1
488 722 1
489 575 1
489 706 1
491 555 1
491 937 1
493 602 1
494 522 1
494 679 1
494 785 1
494 872 1
495 681 1
495 694 1
496 569 1
496 586 1
497 598 1
497 729 1
497 562 1
497 632 1
497 889 1
498 871 1
498 974 1
499 594 1
499 802 1
499 596 1
499 865 1
500 852 1
500 920 1
500 525 1
500 815 1
501 804 1
501 859 1
502 828 1
502 660 1
503 668 1
503 889 1
505 558 1
505 628 1
505 731 1
507 509 1
507 530 1
507 605 1
507 647 1
507 903 1
507 988 1
508 644 1
508 862 1
509 530 1
509 726 1
509 900 1
510 909 1
511 567 1
511 999 1
512 622 1
512 636 1
512 590 1
513 661 1
513 892 1
513 969 1
513 951 1
514 552 1
515 922 1
515 648 1
516 553 1
516 580 1
516 662 1
516 986 1
517 622 1
517 869 1
518 686 1
518 715 1
518 901 1
518 951 1
518 698 1
519 763 1
519 801 1
520 709 1
520 546 1
520 669 1
521 538 1
521 588 1
521 687 1
521 729 1
522 679 1
522 785 1
522 811 1
525 682 1
525 815 1
526 907 1
528 529 1
528 765 1
528 885 1
528 942 1
529 754 1
529 885 1
530 647 1
530 633 1
531 576 1
532 572 1
532 886 1
532 585 1
533 576 1
533 684 1
533 719 1
533 886 1
534 582 1
534 690 1
534 952 1
535 564 1
535 833 1
536 601 1
537 866 1
537 913 1
537 774 1
538 554 1
538 756 1
539 881 1
539 710 1
540 554 1
544 559 1
544 824 1
545 619 1
545 811 1
545 869 1
545 583 1
545 817 1
546 669 1
547 839 1
550 552 1
550 752 1
550 974 1
550 589 1
551 742 1
551 816 1
551 949 1
551 724 1
551 772 1
552 974 1
555 788 1
555 937 1
557 625 1
557 730 1
557 778 1
557 843 1
557 920 1
558 628 1
558 731 1
559 733 1
559 830 1
559 861 1
559 921 1
560 787 1
560 887 1
561 574 1
561 844 1
561 906 1
562 912 1
562 632 1
562 889 1
563 831 1
564 833 1
564 788 1
565 840 1
565 672 1
565 757 1
566 823 1
566 638 1
566 884 1
566 941 1
567 868 1
568 960 1
569 701 1
570 634 1
571 733 1
571 787 1
571 841 1
573 663 1
573 669 1
574 844 1
575 968 1
575 706 1
575 735 1
576 837 1
577 666 1
577 983 1
577 649 1
578 950 1
579 679 1
579 694 1
580 662 1
581 982 1
581 693 1
581 738 1
581 796 1
581 882 1
581 1000 1
582 690 1
582 613 1
582 700 1
582 926 1
583 976 1
583 817 1
584 672 1
584 890 1
584 597 1
585 893 1
585 821 1
587 997 1
587 691 1
588 607 1
591 592 1
591 683 1
591 922 1
592 771 1
592 676 1
592 683 1
592 856 1
593 618 1
593 708 1
593 903 1
593 823 1
594 802 1
594 663 1
595 774 1
595 796 1
595 1000 1
596 829 1
596 865 1
596 953 1
598 757 1
598 910 1
598 986 1
599 807 1
603 605 1
604 654 1
605 662 1
605 793 1
606 609 1
606 943 1
607 689 1
607 924 1
607 939 1
608 805 1
608 955 1
608 988 1
609 943 1
610 666 1
611 718 1
611 759 1
613 639 1
613 730 1
615 670 1
616 882 1
617 626 1
617 790 1
619 811 1
621 784 1
622 750 1
622 869 1
623 741 1
623 846 1
624 803 1
624 919 1
625 955 1
626 790 1
628 731 1
630 698 1
630 721 1
630 756 1
630 769 1
631 831 1
635 683 1
635 946 1
635 858 1
635 992 1
636 843 1
636 792 1
637 791 1
638 817 1
638 861 1
638 884 1
638 948 1
639 657 1
639 735 1
639 935 1
639 730 1
639 742 1
640 798 1
640 908 1
641 699 1
641 768 1
641 930 1
642 947 1
642 964 1
643 870 1
643 888 1
644 815 1
644 862 1
645 932 1
645 933 1
646 857 1
647 760 1
649 768 1
649 790 1
649 942 1
650 692 1
650 739 1
651 927 1
653 809 1
653 957 1
654 814 1
654 868 1
655 818 1
656 828 1
656 990 1
657 735 1
657 935 1
658 993 1
661 892 1
662 793 1
662 989 1
663 669 1
664 745 1
666 983 1
668 736 1
668 762 1
668 889 1
670 717 1
672 890 1
672 757 1
673 995 1
673 689 1
675 959 1
676 978 1
676 856 1
676 890 1
676 915 1
677 728 1
677 971 1
678 930 1
678 911 1
679 785 1
679 694 1
680 688 1
680 745 1
682 928 1
682 720 1
683 946 1
684 719 1
684 886 1
684 939 1
685 895 1
685 967 1
686 715 1
687 729 1
690 999 1
691 723 1
691 905 1
692 776 1
692 958 1
692 739 1
693 800 1
695 799 1
695 755 1
695 838 1
696 714 1
696 835 1
696 925 1
697 975 1
698 756 1
700 779 1
700 929 1
700 753 1
700 926 1
702 936 1
705 878 1
706 821 1
706 825 1
706 735 1
708 812 1
708 903 1
708 864 1
709 802 1
709 982 1
711 738 1
711 780 1
711 898 1
713 897 1
713 914 1
714 835 1
715 984 1
717 901 1
718 819 1
720 838 1
720 948 1
724 772 1
726 747 1
726 794 1
726 998 1
727 888 1
730 742 1
731 898 1
732 996 1
732 778 1
733 861 1
734 780 1
736 762 1
736 941 1
736 980 1
737 851 1
738 780 1
738 1000 1
740 979 1
741 814 1
742 816 1
742 949 1
745 824 1
746 944 1
746 807 1
747 794 1
748 900 1
748 992 1
749 989 1
749 991 1
749 963 1
751 883 1
756 797 1
757 910 1
757 986 1
758 856 1
758 931 1
758 968 1
760 810 1
760 850 1
762 941 1
763 801 1
763 973 1
764 877 1
764 884 1
764 965 1
767 781 1
767 794 1
768 942 1
768 930 1
769 921 1
770 880 1
771 825 1
771 827 1
772 827 1
772 855 1
773 925 1
773 910 1
773 970 1
774 1000 1
776 958 1
777 973 1
779 826 1
783 799 1
783 852 1
786 839 1
786 867 1
786 887 1
788 876 1
789 857 1
790 926 1
791 832 1
791 853 1
791 816 1
792 845 1
793 989 1
795 972 1
795 995 1
796 882 1
803 919 1
804 859 1
805 955 1
805 988 1
808 858 1
808 895 1
809 957 1
810 914 1
816 949 1
817 861 1
820 853 1
821 825 1
822 950 1
822 866 1
822 961 1
825 827 1
826 894 1
828 990 1
829 952 1
829 962 1
829 953 1
831 908 1
832 853 1
839 867 1
841 981 1
843 934 1
844 938 1
847 863 1
849 987 1
850 991 1
852 920 1
852 964 1
854 902 1
856 931 1
858 917 1
858 871 1
870 888 1
876 979 1
877 884 1
879 961 1
881 969 1
881 977 1
883 929 1
885 938 1
890 915 1
892 969 1
895 967 1
901 951 1
904 928 1
908 956 1
910 986 1
910 970 1
924 939 1
926 945 1
930 937 1
953 954 1
953 994 1
954 994 1
955 988 1
960 985 1
969 977 1
972 995 1
