1000 9990 
1 57 1
1 802 1
1 269 1
1 877 1
1 524 1
1 680 1
1 828 1
1 519 1
1 74 1
1 184 1
1 315 1
1 583 1
1 343 1
1 65 1
1 787 1
1 323 1
1 861 1
1 637 1
1 518 1
1 741 1
1 863 1
1 87 1
1 987 1
1 724 1
1 291 1
1 103 1
1 507 1
1 41 1
1 288 1
2 75 1
2 415 1
2 301 1
2 367 1
2 764 1
2 746 1
2 628 1
2 691 1
2 741 1
2 920 1
2 983 1
2 478 1
2 958 1
2 124 1
2 655 1
2 542 1
2 308 1
2 672 1
2 470 1
3 897 1
3 257 1
3 726 1
3 982 1
3 212 1
3 356 1
3 197 1
3 721 1
3 987 1
3 302 1
3 346 1
3 590 1
3 507 1
3 402 1
3 782 1
3 571 1
3 708 1
3 131 1
4 879 1
4 425 1
4 928 1
4 103 1
4 941 1
4 467 1
4 475 1
4 742 1
4 548 1
4 458 1
4 518 1
4 24 1
4 603 1
4 198 1
4 392 1
4 727 1
4 127 1
4 552 1
4 276 1
4 22 1
5 18 1
5 627 1
5 553 1
5 57 1
5 485 1
5 628 1
5 316 1
5 287 1
5 374 1
5 439 1
5 590 1
5 532 1
5 538 1
5 223 1
5 37 1
5 576 1
5 606 1
5 756 1
5 243 1
6 821 1
6 694 1
6 861 1
6 972 1
6 399 1
6 761 1
6 388 1
6 715 1
6 99 1
6 255 1
6 952 1
6 756 1
6 620 1
6 819 1
6 648 1
6 704 1
6 52 1
6 218 1
6 690 1
6 258 1
6 428 1
7 670 1
7 91 1
7 703 1
7 454 1
7 390 1
7 286 1
7 792 1
7 696 1
7 486 1
7 834 1
7 976 1
7 896 1
7 887 1
7 699 1
7 483 1
7 771 1
7 182 1
8 116 1
8 799 1
8 583 1
8 441 1
8 45 1
8 865 1
8 465 1
8 988 1
8 427 1
8 227 1
8 67 1
8 371 1
8 711 1
8 286 1
8 726 1
8 65 1
8 964 1
8 491 1
9 171 1
9 541 1
9 733 1
9 667 1
9 422 1
9 649 1
9 447 1
9 950 1
9 117 1
9 780 1
9 664 1
9 592 1
9 842 1
9 636 1
9 755 1
9 450 1
9 69 1
9 671 1
9 115 1
9 753 1
9 391 1
9 190 1
9 646 1
9 313 1
9 44 1
9 74 1
9 596 1
9 520 1
10 828 1
10 65 1
10 995 1
10 204 1
10 697 1
10 816 1
10 702 1
10 293 1
10 370 1
10 198 1
11 484 1
11 515 1
11 802 1
11 712 1
11 595 1
11 921 1
11 359 1
11 190 1
11 891 1
11 148 1
11 485 1
11 722 1
11 911 1
11 324 1
11 328 1
11 881 1
12 795 1
12 650 1
12 870 1
12 221 1
12 757 1
12 771 1
12 691 1
12 600 1
12 66 1
12 574 1
12 429 1
12 164 1
12 271 1
12 581 1
12 526 1
12 149 1
12 116 1
12 471 1
13 339 1
13 994 1
13 741 1
13 680 1
13 886 1
13 1000 1
13 612 1
13 130 1
13 853 1
13 847 1
13 203 1
13 254 1
13 929 1
13 784 1
13 480 1
13 832 1
13 737 1
13 556 1
14 215 1
14 106 1
14 419 1
14 588 1
14 617 1
14 122 1
14 226 1
14 399 1
14 956 1
14 210 1
14 548 1
14 912 1
14 855 1
14 962 1
14 47 1
14 714 1
14 442 1
14 384 1
14 526 1
14 450 1
14 170 1
15 379 1
15 736 1
15 907 1
15 991 1
15 754 1
15 859 1
15 454 1
15 54 1
15 808 1
15 523 1
15 200 1
15 182 1
15 194 1
15 614 1
15 401 1
15 428 1
15 163 1
16 771 1
16 726 1
16 100 1
16 764 1
16 222 1
16 500 1
16 908 1
16 732 1
16 51 1
16 968 1
16 604 1
16 657 1
16 695 1
16 82 1
16 782 1
16 145 1
16 338 1
16 204 1
16 477 1
16 190 1
17 585 1
17 812 1
17 419 1
17 95 1
17 337 1
17 31 1
17 222 1
17 322 1
17 333 1
17 384 1
17 669 1
17 699 1
17 160 1
17 734 1
17 656 1
17 354 1
17 808 1
17 439 1
17 576 1
17 602 1
17 339 1
17 624 1
17 790 1
17 334 1
17 910 1
17 60 1
17 232 1
17 113 1
17 438 1
18 852 1
18 353 1
18 687 1
18 799 1
18 935 1
18 217 1
18 135 1
18 776 1
18 420 1
18 211 1
18 613 1
18 256 1
18 58 1
18 130 1
18 57 1
18 65 1
18 856 1
18 568 1
18 784 1
18 916 1
18 178 1
19 760 1
19 25 1
19 929 1
19 143 1
19 828 1
19 588 1
19 785 1
19 424 1
19 229 1
19 465 1
19 885 1
19 935 1
19 569 1
19 918 1
19 502 1
19 962 1
19 249 1
19 80 1
19 995 1
19 82 1
19 990 1
19 441 1
20 627 1
20 621 1
20 468 1
20 797 1
20 834 1
20 32 1
20 604 1
20 451 1
20 243 1
20 601 1
20 209 1
20 185 1
20 553 1
20 998 1
20 349 1
20 600 1
20 818 1
20 149 1
21 208 1
21 470 1
21 162 1
21 113 1
21 706 1
21 360 1
21 710 1
21 33 1
21 588 1
21 320 1
21 190 1
21 527 1
21 165 1
21 67 1
21 548 1
21 570 1
21 164 1
22 143 1
22 267 1
22 440 1
22 168 1
22 187 1
22 980 1
22 29 1
22 503 1
22 843 1
22 840 1
22 34 1
22 953 1
22 259 1
22 142 1
22 635 1
22 913 1
22 740 1
23 663 1
23 51 1
23 169 1
23 674 1
23 747 1
23 901 1
23 450 1
23 644 1
23 42 1
23 934 1
23 695 1
23 529 1
23 767 1
23 419 1
23 816 1
23 370 1
23 629 1
23 685 1
23 525 1
23 206 1
23 702 1
23 794 1
23 175 1
23 142 1
24 446 1
24 94 1
24 705 1
24 725 1
24 660 1
24 449 1
24 881 1
24 589 1
24 687 1
24 608 1
24 25 1
24 835 1
24 606 1
24 273 1
24 66 1
24 165 1
24 86 1
24 187 1
25 679 1
25 790 1
25 717 1
25 334 1
25 556 1
25 525 1
25 883 1
25 994 1
25 206 1
25 400 1
25 931 1
25 160 1
25 880 1
25 666 1
25 442 1
25 311 1
25 802 1
25 515 1
25 106 1
25 40 1
26 233 1
26 816 1
26 222 1
26 215 1
26 511 1
26 319 1
26 179 1
26 76 1
26 849 1
26 621 1
26 475 1
26 983 1
26 652 1
26 934 1
26 439 1
26 513 1
26 673 1
26 723 1
26 231 1
27 65 1
27 514 1
27 460 1
27 757 1
27 965 1
27 263 1
27 711 1
27 369 1
27 842 1
27 138 1
27 427 1
27 172 1
27 772 1
27 162 1
27 964 1
27 334 1
27 240 1
27 843 1
27 953 1
27 653 1
28 272 1
28 522 1
28 735 1
28 452 1
28 967 1
28 858 1
28 670 1
28 190 1
28 128 1
28 139 1
28 820 1
28 921 1
29 975 1
29 387 1
29 90 1
29 265 1
29 413 1
29 198 1
29 569 1
29 457 1
29 587 1
29 841 1
29 368 1
29 142 1
29 504 1
29 507 1
29 92 1
29 524 1
29 96 1
29 361 1
29 45 1
30 54 1
30 637 1
30 751 1
30 195 1
30 795 1
30 243 1
30 939 1
30 735 1
30 35 1
30 922 1
30 998 1
30 290 1
30 691 1
30 662 1
30 628 1
30 777 1
30 458 1
30 497 1
30 606 1
30 518 1
30 784 1
31 821 1
31 35 1
31 629 1
31 321 1
31 128 1
31 707 1
31 653 1
31 796 1
31 401 1
31 410 1
31 107 1
31 241 1
31 219 1
31 114 1
31 999 1
31 660 1
31 207 1
31 756 1
31 486 1
31 361 1
32 696 1
32 648 1
32 349 1
32 791 1
32 211 1
32 244 1
32 754 1
32 252 1
32 490 1
32 385 1
32 98 1
32 115 1
32 769 1
32 855 1
32 843 1
32 81 1
32 712 1
32 707 1
32 957 1
33 516 1
33 566 1
33 354 1
33 780 1
33 199 1
33 324 1
33 694 1
33 832 1
33 756 1
33 471 1
33 553 1
33 972 1
33 250 1
33 477 1
33 411 1
33 991 1
33 880 1
33 606 1
33 424 1
33 745 1
33 648 1
33 408 1
33 215 1
34 622 1
34 393 1
34 565 1
34 473 1
34 279 1
34 835 1
34 74 1
34 573 1
34 470 1
34 735 1
34 169 1
34 325 1
34 679 1
35 745 1
35 184 1
35 212 1
35 920 1
35 309 1
35 116 1
35 476 1
35 900 1
35 75 1
35 805 1
35 229 1
35 975 1
35 744 1
35 589 1
35 517 1
35 313 1
35 716 1
35 495 1
35 225 1
35 195 1
35 424 1
36 470 1
36 703 1
36 754 1
36 155 1
36 867 1
36 300 1
36 696 1
36 221 1
36 556 1
36 145 1
36 96 1
36 559 1
36 516 1
36 342 1
36 732 1
36 146 1
36 688 1
36 222 1
36 651 1
36 679 1
36 546 1
36 665 1
37 638 1
37 504 1
37 778 1
37 180 1
37 552 1
37 335 1
37 823 1
37 106 1
37 423 1
37 770 1
37 816 1
37 171 1
37 383 1
37 60 1
37 86 1
37 704 1
37 871 1
37 434 1
37 597 1
37 143 1
37 91 1
37 625 1
38 932 1
38 745 1
38 454 1
38 362 1
38 746 1
38 982 1
38 669 1
38 884 1
38 385 1
38 506 1
38 130 1
38 939 1
38 180 1
38 751 1
38 302 1
38 755 1
39 301 1
39 512 1
39 569 1
39 607 1
39 171 1
39 392 1
39 128 1
39 767 1
39 205 1
39 778 1
39 606 1
39 919 1
39 493 1
39 371 1
39 947 1
39 441 1
39 808 1
39 119 1
40 375 1
40 231 1
40 350 1
40 102 1
40 151 1
40 546 1
40 924 1
40 898 1
40 795 1
40 668 1
40 520 1
40 156 1
40 667 1
40 761 1
40 184 1
41 572 1
41 152 1
41 710 1
41 92 1
41 577 1
41 428 1
41 414 1
41 857 1
41 375 1
41 455 1
41 198 1
41 727 1
41 681 1
41 884 1
41 422 1
41 714 1
41 685 1
41 311 1
41 754 1
41 641 1
41 179 1
41 353 1
41 594 1
41 921 1
41 235 1
41 581 1
41 159 1
42 964 1
42 302 1
42 393 1
42 713 1
42 838 1
42 70 1
42 819 1
42 877 1
42 815 1
42 590 1
42 135 1
42 672 1
42 560 1
42 164 1
42 634 1
42 326 1
42 179 1
42 574 1
42 295 1
42 767 1
43 349 1
43 963 1
43 226 1
43 168 1
43 989 1
43 720 1
43 342 1
43 790 1
43 275 1
43 795 1
43 160 1
43 60 1
43 668 1
43 948 1
43 428 1
44 305 1
44 853 1
44 314 1
44 813 1
44 815 1
44 888 1
44 736 1
44 236 1
44 717 1
44 255 1
44 607 1
44 196 1
44 258 1
44 336 1
44 796 1
44 951 1
44 413 1
44 486 1
44 51 1
44 187 1
44 452 1
44 106 1
44 295 1
44 328 1
44 939 1
44 483 1
45 989 1
45 226 1
45 83 1
45 755 1
45 463 1
45 489 1
45 510 1
45 964 1
45 763 1
45 1000 1
45 974 1
45 533 1
45 542 1
45 858 1
45 151 1
45 525 1
45 52 1
45 144 1
45 528 1
45 867 1
45 783 1
45 690 1
45 957 1
45 648 1
45 601 1
45 72 1
46 279 1
46 686 1
46 95 1
46 951 1
46 582 1
46 69 1
46 505 1
46 814 1
46 199 1
46 748 1
46 603 1
46 600 1
46 593 1
46 964 1
46 712 1
46 225 1
46 155 1
46 291 1
46 607 1
46 750 1
46 956 1
46 409 1
46 223 1
46 99 1
46 958 1
46 423 1
46 187 1
46 649 1
46 885 1
46 371 1
46 826 1
47 473 1
47 607 1
47 176 1
47 286 1
47 120 1
47 619 1
47 685 1
47 591 1
47 263 1
47 649 1
47 123 1
47 606 1
47 220 1
48 503 1
48 891 1
48 195 1
48 975 1
48 587 1
48 951 1
48 105 1
48 225 1
48 353 1
48 657 1
48 670 1
48 66 1
48 98 1
48 666 1
48 879 1
48 564 1
48 391 1
48 949 1
48 58 1
49 294 1
49 980 1
49 707 1
49 970 1
49 960 1
49 563 1
49 436 1
49 898 1
49 905 1
49 918 1
49 534 1
49 544 1
49 314 1
49 768 1
49 238 1
49 919 1
49 212 1
50 292 1
50 835 1
50 807 1
50 87 1
50 368 1
50 891 1
50 461 1
50 389 1
50 865 1
50 851 1
50 326 1
50 959 1
50 288 1
50 333 1
51 833 1
51 480 1
51 439 1
51 811 1
51 398 1
51 985 1
51 240 1
51 299 1
51 538 1
51 116 1
51 543 1
51 294 1
51 222 1
51 184 1
51 279 1
51 992 1
51 769 1
51 203 1
51 474 1
51 325 1
51 269 1
51 372 1
51 621 1
51 617 1
51 268 1
51 194 1
51 981 1
51 261 1
51 860 1
52 429 1
52 972 1
52 756 1
52 272 1
52 790 1
52 203 1
52 148 1
52 268 1
52 186 1
52 316 1
52 719 1
52 450 1
52 214 1
53 378 1
53 433 1
53 361 1
53 848 1
53 403 1
53 229 1
53 994 1
53 667 1
53 455 1
53 499 1
53 723 1
53 589 1
53 895 1
53 946 1
53 61 1
53 150 1
54 960 1
54 498 1
54 887 1
54 318 1
54 126 1
54 996 1
54 809 1
54 778 1
54 118 1
54 977 1
54 781 1
54 536 1
54 838 1
54 835 1
54 474 1
54 376 1
54 112 1
54 121 1
54 551 1
55 102 1
55 587 1
55 675 1
55 170 1
55 74 1
55 129 1
55 690 1
55 755 1
55 555 1
55 703 1
55 646 1
55 128 1
55 521 1
55 308 1
55 506 1
55 427 1
55 346 1
55 944 1
55 861 1
55 81 1
55 300 1
55 116 1
56 704 1
56 230 1
56 357 1
56 66 1
56 451 1
56 502 1
56 813 1
56 208 1
56 436 1
56 999 1
56 317 1
56 576 1
56 924 1
56 635 1
56 920 1
56 684 1
57 978 1
57 284 1
57 360 1
57 878 1
57 59 1
57 336 1
57 260 1
57 347 1
57 149 1
57 696 1
57 313 1
57 202 1
57 574 1
57 118 1
57 486 1
58 873 1
58 267 1
58 198 1
58 626 1
58 305 1
58 874 1
58 533 1
58 819 1
58 302 1
58 857 1
58 891 1
58 427 1
58 582 1
58 425 1
58 257 1
58 62 1
58 377 1
58 157 1
58 761 1
59 269 1
59 204 1
59 862 1
59 356 1
59 425 1
59 290 1
59 458 1
59 103 1
59 303 1
59 742 1
59 168 1
59 289 1
59 316 1
59 351 1
59 625 1
60 799 1
60 685 1
60 321 1
60 606 1
60 189 1
60 985 1
60 66 1
60 518 1
60 952 1
60 225 1
60 583 1
61 511 1
61 498 1
61 628 1
61 419 1
61 990 1
61 254 1
61 615 1
61 680 1
61 144 1
61 724 1
61 953 1
61 823 1
61 307 1
61 873 1
61 120 1
61 204 1
61 282 1
61 821 1
61 566 1
61 626 1
61 466 1
62 286 1
62 911 1
62 467 1
62 871 1
62 92 1
62 233 1
62 970 1
62 588 1
62 705 1
62 426 1
62 616 1
62 808 1
62 187 1
62 212 1
62 168 1
63 362 1
63 453 1
63 315 1
63 900 1
63 806 1
63 334 1
63 804 1
63 161 1
63 973 1
63 142 1
63 578 1
63 782 1
63 460 1
63 70 1
63 998 1
63 240 1
63 67 1
63 831 1
63 366 1
63 458 1
63 345 1
63 535 1
63 174 1
63 224 1
63 393 1
63 978 1
63 466 1
63 564 1
63 999 1
64 790 1
64 922 1
64 533 1
64 67 1
64 994 1
64 607 1
64 466 1
64 535 1
64 337 1
64 802 1
64 143 1
64 324 1
64 765 1
64 130 1
64 603 1
64 224 1
64 110 1
64 101 1
65 346 1
65 813 1
65 378 1
65 284 1
65 208 1
65 67 1
65 626 1
65 207 1
65 446 1
65 717 1
65 319 1
65 307 1
65 747 1
65 108 1
65 845 1
66 981 1
66 617 1
66 611 1
66 596 1
66 610 1
66 565 1
66 284 1
66 174 1
66 283 1
66 884 1
66 891 1
66 899 1
66 141 1
66 815 1
67 189 1
67 882 1
67 964 1
67 911 1
67 727 1
67 593 1
67 666 1
67 79 1
67 584 1
67 795 1
67 695 1
67 247 1
68 520 1
68 883 1
68 632 1
68 939 1
68 815 1
68 224 1
68 628 1
68 168 1
68 558 1
68 589 1
68 379 1
68 898 1
68 265 1
68 648 1
68 394 1
68 613 1
68 646 1
68 433 1
68 344 1
68 219 1
68 172 1
68 457 1
68 155 1
68 173 1
69 935 1
69 728 1
69 826 1
69 528 1
69 318 1
69 541 1
69 719 1
69 585 1
69 531 1
69 246 1
69 783 1
69 594 1
69 839 1
69 388 1
69 724 1
69 383 1
69 561 1
69 103 1
69 688 1
69 720 1
70 417 1
70 757 1
70 380 1
70 775 1
70 258 1
70 687 1
70 807 1
70 111 1
70 646 1
70 590 1
70 140 1
70 219 1
70 785 1
70 204 1
70 384 1
70 927 1
70 972 1
71 305 1
71 653 1
71 163 1
71 273 1
71 881 1
71 767 1
71 421 1
71 780 1
71 360 1
71 640 1
71 710 1
71 548 1
71 276 1
71 297 1
71 334 1
71 160 1
71 453 1
71 814 1
71 181 1
72 307 1
72 512 1
72 734 1
72 858 1
72 234 1
72 897 1
72 241 1
72 997 1
72 96 1
72 693 1
72 492 1
72 469 1
72 438 1
72 909 1
72 343 1
72 562 1
72 350 1
72 740 1
73 252 1
73 358 1
73 174 1
73 162 1
73 753 1
73 502 1
73 993 1
73 704 1
73 720 1
73 134 1
73 486 1
73 556 1
73 268 1
73 152 1
73 512 1
74 816 1
74 977 1
74 420 1
74 514 1
74 194 1
74 251 1
74 117 1
74 946 1
74 654 1
74 851 1
74 625 1
74 562 1
74 509 1
74 775 1
74 114 1
74 351 1
74 131 1
74 695 1
75 543 1
75 163 1
75 237 1
75 376 1
75 617 1
75 733 1
75 424 1
75 891 1
75 811 1
75 700 1
75 921 1
75 384 1
75 963 1
75 526 1
75 96 1
75 394 1
75 762 1
75 694 1
75 507 1
75 955 1
75 925 1
75 978 1
76 939 1
76 192 1
76 140 1
76 251 1
76 316 1
76 736 1
76 368 1
76 169 1
76 310 1
76 334 1
76 913 1
76 675 1
76 922 1
76 175 1
76 932 1
76 840 1
76 284 1
76 998 1
76 790 1
76 628 1
76 735 1
76 777 1
76 506 1
76 405 1
77 354 1
77 523 1
77 576 1
77 89 1
77 522 1
77 463 1
77 938 1
77 121 1
77 698 1
77 362 1
77 996 1
77 928 1
77 399 1
77 657 1
77 702 1
77 748 1
77 600 1
78 635 1
78 476 1
78 668 1
78 845 1
78 844 1
78 740 1
78 122 1
78 173 1
78 198 1
78 834 1
78 514 1
78 543 1
78 87 1
78 107 1
78 259 1
78 750 1
78 473 1
78 191 1
79 538 1
79 637 1
79 373 1
79 485 1
79 108 1
79 608 1
79 231 1
79 938 1
79 116 1
79 280 1
79 359 1
79 246 1
79 655 1
79 727 1
79 129 1
79 714 1
80 226 1
80 158 1
80 173 1
80 894 1
80 565 1
80 989 1
80 759 1
80 287 1
80 802 1
80 544 1
80 312 1
80 366 1
80 796 1
80 239 1
80 535 1
80 310 1
80 105 1
80 814 1
80 426 1
80 247 1
80 537 1
80 676 1
81 828 1
81 848 1
81 89 1
81 277 1
81 999 1
81 560 1
81 840 1
81 382 1
81 791 1
81 363 1
81 167 1
81 135 1
81 247 1
81 107 1
81 141 1
81 287 1
82 611 1
82 238 1
82 852 1
82 936 1
82 517 1
82 548 1
82 823 1
82 762 1
82 118 1
82 835 1
82 811 1
83 323 1
83 148 1
83 239 1
83 721 1
83 347 1
83 532 1
83 886 1
83 767 1
83 685 1
83 820 1
83 831 1
83 151 1
83 550 1
83 683 1
83 855 1
83 525 1
83 879 1
83 413 1
83 171 1
83 552 1
83 673 1
83 374 1
83 927 1
84 700 1
84 939 1
84 177 1
84 249 1
84 809 1
84 162 1
84 913 1
84 786 1
84 138 1
84 311 1
84 134 1
84 915 1
84 326 1
84 131 1
84 977 1
84 218 1
84 814 1
85 488 1
85 173 1
85 678 1
85 341 1
85 212 1
85 766 1
85 246 1
85 596 1
85 150 1
85 996 1
85 362 1
85 886 1
85 293 1
85 787 1
85 343 1
86 413 1
86 747 1
86 542 1
86 976 1
86 603 1
86 803 1
86 331 1
86 656 1
86 620 1
86 292 1
86 150 1
86 702 1
86 863 1
86 743 1
86 162 1
86 277 1
86 232 1
86 960 1
86 585 1
87 314 1
87 697 1
87 759 1
87 940 1
87 625 1
87 654 1
87 102 1
87 567 1
87 733 1
87 120 1
87 917 1
87 703 1
87 922 1
87 456 1
87 738 1
88 196 1
88 298 1
88 283 1
88 451 1
88 781 1
88 130 1
88 922 1
88 935 1
88 179 1
88 284 1
88 596 1
88 908 1
88 734 1
88 153 1
88 393 1
89 825 1
89 503 1
89 194 1
89 717 1
89 942 1
89 937 1
89 792 1
89 413 1
89 892 1
89 300 1
89 123 1
89 960 1
89 136 1
89 385 1
89 532 1
89 543 1
89 789 1
90 204 1
90 801 1
90 369 1
90 720 1
90 156 1
90 706 1
90 852 1
90 266 1
90 935 1
90 97 1
90 809 1
90 962 1
90 968 1
90 280 1
90 861 1
90 863 1
90 776 1
90 224 1
90 105 1
90 622 1
90 286 1
90 483 1
90 585 1
91 749 1
91 794 1
91 307 1
91 305 1
91 751 1
91 908 1
91 133 1
91 492 1
91 460 1
91 244 1
91 669 1
91 829 1
91 646 1
91 674 1
91 831 1
91 813 1
91 400 1
91 282 1
91 202 1
91 636 1
91 201 1
91 744 1
91 113 1
91 673 1
92 95 1
92 980 1
92 134 1
92 206 1
92 850 1
92 816 1
92 392 1
92 171 1
92 598 1
92 917 1
92 380 1
92 182 1
92 450 1
93 756 1
93 172 1
93 633 1
93 851 1
93 828 1
93 261 1
93 316 1
93 653 1
93 143 1
93 563 1
93 589 1
93 826 1
93 590 1
93 96 1
93 669 1
93 623 1
93 868 1
93 710 1
93 812 1
93 352 1
93 944 1
93 692 1
93 109 1
94 367 1
94 445 1
94 950 1
94 852 1
94 915 1
94 589 1
94 158 1
94 467 1
94 630 1
94 948 1
94 595 1
94 172 1
94 392 1
94 455 1
94 749 1
94 786 1
95 394 1
95 966 1
95 146 1
95 609 1
95 717 1
95 576 1
95 116 1
95 150 1
95 372 1
95 125 1
95 180 1
95 655 1
95 385 1
95 819 1
95 537 1
96 974 1
96 174 1
96 853 1
96 128 1
96 980 1
96 527 1
96 692 1
96 504 1
96 506 1
96 920 1
96 940 1
96 809 1
96 681 1
96 309 1
96 860 1
96 724 1
96 557 1
96 187 1
97 820 1
97 156 1
97 867 1
97 939 1
97 680 1
97 276 1
97 597 1
97 113 1
97 938 1
98 899 1
98 102 1
98 342 1
98 647 1
98 388 1
98 637 1
98 531 1
98 781 1
98 916 1
98 197 1
98 649 1
98 984 1
98 560 1
98 273 1
98 692 1
98 181 1
98 753 1
98 201 1
98 903 1
99 755 1
99 365 1
99 184 1
99 251 1
99 392 1
99 939 1
99 700 1
99 214 1
99 310 1
99 102 1
99 492 1
99 378 1
99 143 1
99 400 1
99 225 1
99 794 1
99 877 1
99 768 1
99 493 1
99 215 1
100 830 1
100 563 1
100 384 1
100 372 1
100 171 1
100 565 1
100 524 1
100 105 1
100 911 1
100 922 1
100 224 1
100 852 1
100 781 1
100 880 1
100 854 1
100 160 1
100 729 1
100 173 1
100 444 1
100 878 1
100 400 1
100 979 1
101 856 1
101 481 1
101 179 1
101 549 1
101 732 1
101 577 1
101 598 1
101 514 1
101 847 1
101 987 1
101 292 1
101 916 1
101 799 1
101 492 1
101 335 1
101 152 1
101 232 1
102 314 1
102 445 1
102 411 1
102 866 1
102 201 1
102 756 1
102 607 1
102 371 1
102 224 1
102 127 1
102 432 1
103 813 1
103 298 1
103 125 1
103 591 1
103 449 1
103 361 1
103 349 1
103 576 1
103 688 1
103 529 1
103 575 1
103 677 1
103 944 1
103 956 1
103 781 1
103 777 1
103 975 1
103 600 1
103 972 1
103 708 1
103 196 1
103 962 1
103 542 1
103 317 1
104 137 1
104 276 1
104 131 1
104 703 1
104 183 1
104 835 1
104 671 1
104 231 1
104 368 1
104 885 1
104 482 1
104 381 1
105 846 1
105 557 1
105 505 1
105 819 1
105 593 1
105 800 1
105 726 1
105 719 1
105 511 1
105 284 1
105 531 1
105 502 1
105 348 1
105 974 1
105 689 1
105 394 1
105 888 1
105 838 1
105 124 1
105 657 1
105 541 1
105 402 1
106 399 1
106 657 1
106 434 1
106 216 1
106 843 1
106 704 1
106 331 1
106 137 1
106 606 1
106 537 1
106 250 1
106 585 1
106 785 1
106 243 1
106 841 1
106 930 1
106 991 1
106 722 1
106 573 1
106 795 1
107 834 1
107 742 1
107 711 1
107 682 1
107 739 1
107 895 1
107 959 1
107 593 1
107 474 1
107 382 1
107 278 1
107 753 1
107 803 1
107 952 1
107 268 1
107 985 1
107 293 1
107 591 1
107 509 1
107 927 1
107 661 1
108 727 1
108 322 1
108 381 1
108 398 1
108 999 1
108 774 1
108 525 1
108 112 1
108 109 1
108 380 1
108 719 1
108 749 1
108 714 1
108 143 1
108 207 1
108 465 1
108 728 1
108 351 1
108 240 1
108 892 1
108 575 1
108 860 1
109 633 1
109 735 1
109 435 1
109 691 1
109 463 1
109 995 1
109 922 1
109 153 1
109 680 1
109 335 1
109 892 1
109 375 1
109 501 1
109 951 1
109 359 1
109 351 1
109 912 1
109 836 1
109 164 1
110 144 1
110 883 1
110 849 1
110 870 1
110 850 1
110 166 1
110 143 1
110 947 1
110 244 1
110 313 1
110 936 1
110 406 1
110 648 1
110 571 1
110 877 1
110 855 1
110 669 1
110 577 1
110 972 1
110 686 1
110 274 1
110 192 1
110 749 1
110 613 1
111 627 1
111 652 1
111 445 1
111 940 1
111 336 1
111 560 1
111 163 1
111 785 1
111 474 1
111 330 1
111 516 1
111 1000 1
111 455 1
111 369 1
111 374 1
112 811 1
112 398 1
112 495 1
112 278 1
112 170 1
112 880 1
112 565 1
112 801 1
112 540 1
112 471 1
112 193 1
112 512 1
112 182 1
112 305 1
113 395 1
113 307 1
113 851 1
113 467 1
113 462 1
113 948 1
113 658 1
113 604 1
113 829 1
113 284 1
113 870 1
113 417 1
113 919 1
113 647 1
113 354 1
113 973 1
113 762 1
113 231 1
113 359 1
114 759 1
114 281 1
114 768 1
114 790 1
114 374 1
114 350 1
114 151 1
114 501 1
114 315 1
114 739 1
114 562 1
114 574 1
114 927 1
114 857 1
114 317 1
115 445 1
115 986 1
115 350 1
115 311 1
115 681 1
115 302 1
115 566 1
115 270 1
115 282 1
115 462 1
115 752 1
115 730 1
115 677 1
115 301 1
115 966 1
115 279 1
115 561 1
116 699 1
116 675 1
116 547 1
116 996 1
116 559 1
116 324 1
116 596 1
116 687 1
116 154 1
116 581 1
116 323 1
116 256 1
116 548 1
116 937 1
116 268 1
116 642 1
116 728 1
117 215 1
117 490 1
117 902 1
117 353 1
117 550 1
117 299 1
117 540 1
117 709 1
117 477 1
117 501 1
117 935 1
117 308 1
117 475 1
117 662 1
117 725 1
117 522 1
117 846 1
117 257 1
117 478 1
117 449 1
118 618 1
118 178 1
118 961 1
118 725 1
118 612 1
118 290 1
118 454 1
118 263 1
118 870 1
118 992 1
118 215 1
118 816 1
118 198 1
118 478 1
118 261 1
118 987 1
118 497 1
118 986 1
119 495 1
119 860 1
119 893 1
119 543 1
119 625 1
119 703 1
119 953 1
119 151 1
119 601 1
119 617 1
119 602 1
119 138 1
119 806 1
119 883 1
119 982 1
119 182 1
119 565 1
119 867 1
119 954 1
120 227 1
120 404 1
120 318 1
120 876 1
120 156 1
120 535 1
120 744 1
120 706 1
120 967 1
120 861 1
120 830 1
120 472 1
120 253 1
120 505 1
120 963 1
120 415 1
120 543 1
120 846 1
121 660 1
121 535 1
121 214 1
121 626 1
121 823 1
121 259 1
121 313 1
121 652 1
121 956 1
121 516 1
121 492 1
121 380 1
121 444 1
121 666 1
121 816 1
121 765 1
121 966 1
121 286 1
122 622 1
122 751 1
122 325 1
122 998 1
122 926 1
122 520 1
122 541 1
122 628 1
122 295 1
122 862 1
122 864 1
122 349 1
122 445 1
122 245 1
122 439 1
122 802 1
122 243 1
122 977 1
122 285 1
123 210 1
123 964 1
123 676 1
123 723 1
123 580 1
123 532 1
123 389 1
123 303 1
123 715 1
123 851 1
123 361 1
123 528 1
123 272 1
123 669 1
123 678 1
123 141 1
124 711 1
124 320 1
124 619 1
124 387 1
124 445 1
124 939 1
124 250 1
124 206 1
124 773 1
124 513 1
124 940 1
124 465 1
124 125 1
124 486 1
124 502 1
124 272 1
124 997 1
124 402 1
124 449 1
124 847 1
124 929 1
124 182 1
125 208 1
125 225 1
125 766 1
125 343 1
125 589 1
125 174 1
125 290 1
125 937 1
125 471 1
125 681 1
125 456 1
125 707 1
125 213 1
125 534 1
125 864 1
125 387 1
125 431 1
125 836 1
125 618 1
125 501 1
125 712 1
126 373 1
126 661 1
126 370 1
126 708 1
126 765 1
126 784 1
126 485 1
126 543 1
126 367 1
126 401 1
126 452 1
126 329 1
126 257 1
126 449 1
126 643 1
126 965 1
126 239 1
126 551 1
126 797 1
126 183 1
126 612 1
127 662 1
127 815 1
127 201 1
127 155 1
127 743 1
127 852 1
127 632 1
127 595 1
127 853 1
127 612 1
127 870 1
127 709 1
127 616 1
127 433 1
127 924 1
127 669 1
127 921 1
127 867 1
127 416 1
127 254 1
127 735 1
127 706 1
127 312 1
127 340 1
127 681 1
127 596 1
128 848 1
128 750 1
128 686 1
128 984 1
128 1000 1
128 492 1
128 657 1
128 938 1
128 853 1
128 682 1
128 666 1
128 966 1
128 539 1
128 702 1
128 891 1
128 856 1
128 858 1
128 308 1
128 991 1
129 882 1
129 947 1
129 782 1
129 468 1
129 461 1
129 405 1
129 639 1
129 581 1
129 449 1
129 215 1
129 446 1
129 392 1
130 470 1
130 368 1
130 856 1
130 731 1
130 783 1
130 709 1
130 257 1
130 865 1
130 297 1
130 938 1
130 339 1
130 419 1
130 984 1
130 786 1
130 976 1
130 179 1
130 543 1
130 707 1
130 936 1
130 272 1
130 717 1
130 834 1
130 217 1
130 188 1
130 785 1
130 639 1
130 586 1
130 204 1
131 656 1
131 300 1
131 344 1
131 429 1
131 168 1
131 381 1
131 226 1
131 601 1
131 945 1
131 920 1
131 451 1
131 876 1
131 533 1
132 705 1
132 710 1
132 461 1
132 740 1
132 416 1
132 714 1
132 694 1
132 656 1
132 835 1
132 741 1
132 861 1
132 184 1
132 344 1
133 361 1
133 968 1
133 784 1
133 692 1
133 327 1
133 577 1
133 808 1
133 747 1
133 764 1
133 976 1
133 980 1
133 903 1
133 645 1
133 332 1
133 166 1
133 362 1
133 218 1
133 411 1
134 166 1
134 930 1
134 668 1
134 396 1
134 271 1
134 546 1
134 409 1
134 490 1
134 191 1
134 703 1
134 156 1
134 716 1
134 942 1
134 698 1
134 652 1
134 363 1
134 957 1
134 367 1
135 334 1
135 362 1
135 774 1
135 371 1
135 974 1
135 435 1
135 450 1
135 203 1
135 943 1
135 965 1
135 193 1
135 979 1
135 463 1
135 228 1
135 717 1
135 808 1
135 495 1
135 642 1
136 538 1
136 674 1
136 452 1
136 952 1
136 888 1
136 485 1
136 750 1
136 601 1
136 473 1
136 802 1
136 659 1
136 305 1
136 205 1
136 309 1
137 326 1
137 453 1
137 160 1
137 586 1
137 989 1
137 245 1
137 312 1
137 680 1
137 151 1
137 755 1
137 862 1
137 452 1
137 790 1
137 515 1
137 950 1
137 578 1
137 741 1
137 618 1
138 627 1
138 693 1
138 735 1
138 720 1
138 367 1
138 702 1
138 318 1
138 716 1
138 197 1
138 643 1
138 620 1
139 670 1
139 602 1
139 852 1
139 634 1
139 657 1
139 910 1
139 204 1
139 912 1
139 978 1
139 301 1
139 705 1
139 926 1
139 820 1
139 615 1
139 399 1
139 404 1
139 730 1
139 236 1
139 325 1
139 816 1
140 992 1
140 642 1
140 764 1
140 534 1
140 549 1
140 407 1
140 734 1
140 690 1
140 676 1
140 396 1
140 219 1
140 803 1
140 440 1
140 389 1
140 234 1
140 417 1
140 849 1
140 322 1
140 924 1
140 978 1
140 358 1
140 599 1
140 756 1
140 889 1
141 988 1
141 363 1
141 851 1
141 234 1
141 690 1
141 780 1
141 897 1
141 523 1
141 627 1
141 161 1
141 257 1
141 427 1
141 617 1
141 158 1
141 552 1
141 209 1
141 821 1
141 511 1
141 825 1
141 568 1
141 520 1
142 509 1
142 507 1
142 792 1
142 692 1
142 213 1
142 689 1
142 218 1
142 596 1
142 933 1
142 357 1
142 619 1
142 219 1
142 540 1
142 663 1
142 453 1
142 184 1
142 261 1
142 490 1
142 232 1
142 448 1
142 668 1
143 794 1
143 526 1
143 180 1
143 928 1
143 351 1
143 406 1
143 854 1
143 994 1
143 476 1
143 945 1
143 339 1
143 217 1
143 479 1
143 637 1
143 693 1
143 433 1
143 410 1
143 975 1
143 345 1
143 628 1
143 517 1
143 914 1
143 250 1
143 509 1
144 776 1
144 696 1
144 678 1
144 283 1
144 595 1
144 434 1
144 988 1
144 796 1
144 409 1
144 423 1
144 498 1
144 285 1
144 148 1
144 454 1
144 911 1
144 210 1
145 181 1
145 255 1
145 740 1
145 745 1
145 472 1
145 670 1
145 750 1
145 398 1
145 955 1
145 830 1
145 751 1
145 869 1
145 658 1
145 184 1
145 554 1
145 599 1
145 549 1
146 221 1
146 205 1
146 823 1
146 885 1
146 270 1
146 552 1
146 595 1
146 947 1
146 882 1
146 857 1
146 811 1
146 353 1
146 576 1
146 330 1
146 774 1
147 634 1
147 579 1
147 690 1
147 781 1
147 558 1
147 340 1
147 681 1
147 318 1
147 150 1
147 297 1
147 643 1
147 228 1
147 631 1
148 230 1
148 266 1
148 595 1
148 724 1
148 463 1
148 641 1
148 559 1
148 796 1
148 942 1
148 814 1
148 947 1
148 604 1
148 978 1
148 654 1
148 717 1
148 182 1
149 928 1
149 453 1
149 247 1
149 677 1
149 532 1
149 422 1
149 592 1
149 705 1
149 767 1
149 505 1
149 878 1
149 551 1
149 352 1
149 454 1
150 532 1
150 694 1
150 774 1
150 991 1
150 855 1
150 375 1
150 743 1
150 939 1
150 890 1
150 177 1
150 230 1
150 397 1
150 586 1
150 671 1
150 942 1
150 805 1
150 472 1
150 249 1
150 239 1
150 973 1
150 201 1
150 300 1
151 531 1
151 333 1
151 837 1
151 309 1
151 185 1
151 244 1
151 158 1
151 984 1
151 821 1
151 916 1
151 628 1
151 734 1
151 728 1
151 360 1
151 231 1
151 416 1
152 181 1
152 373 1
152 555 1
152 948 1
152 807 1
152 535 1
152 985 1
152 684 1
152 765 1
152 410 1
152 967 1
152 367 1
152 831 1
152 865 1
152 174 1
152 364 1
152 492 1
152 397 1
152 577 1
152 163 1
152 179 1
152 274 1
152 405 1
153 667 1
153 322 1
153 321 1
153 991 1
153 770 1
153 533 1
153 863 1
153 745 1
153 845 1
153 674 1
153 603 1
153 431 1
153 254 1
153 299 1
154 504 1
154 370 1
154 655 1
154 176 1
154 486 1
154 957 1
154 690 1
154 907 1
154 377 1
154 487 1
154 375 1
154 515 1
155 583 1
155 670 1
155 922 1
155 159 1
155 771 1
155 811 1
155 433 1
155 911 1
155 550 1
155 918 1
155 717 1
155 889 1
155 620 1
155 767 1
155 416 1
155 289 1
155 503 1
155 839 1
155 963 1
155 944 1
155 238 1
155 447 1
155 728 1
156 173 1
156 743 1
156 652 1
156 397 1
156 514 1
156 991 1
156 901 1
156 640 1
156 500 1
156 653 1
156 201 1
156 966 1
156 833 1
156 888 1
156 209 1
156 305 1
156 860 1
156 282 1
156 298 1
156 439 1
156 558 1
156 233 1
157 530 1
157 553 1
157 193 1
157 936 1
157 773 1
157 444 1
157 786 1
157 584 1
157 962 1
157 935 1
157 668 1
157 977 1
157 163 1
157 779 1
157 832 1
157 718 1
157 479 1
157 841 1
157 780 1
157 968 1
157 371 1
158 948 1
158 244 1
158 179 1
158 560 1
158 290 1
158 296 1
158 916 1
158 436 1
158 509 1
158 281 1
158 815 1
158 970 1
158 769 1
159 696 1
159 622 1
159 564 1
159 922 1
159 221 1
159 981 1
159 677 1
159 195 1
159 716 1
159 257 1
159 749 1
159 803 1
159 524 1
159 780 1
159 644 1
159 416 1
159 467 1
159 843 1
159 795 1
159 774 1
159 384 1
160 449 1
160 675 1
160 281 1
160 373 1
160 163 1
160 528 1
160 869 1
160 507 1
160 729 1
160 590 1
160 723 1
160 746 1
160 742 1
160 170 1
160 910 1
160 661 1
160 195 1
160 405 1
160 238 1
160 718 1
160 891 1
160 586 1
160 194 1
161 387 1
161 923 1
161 409 1
161 216 1
161 875 1
161 253 1
161 971 1
161 840 1
161 791 1
161 783 1
161 210 1
161 601 1
161 667 1
161 681 1
161 327 1
161 292 1
161 642 1
161 549 1
161 203 1
162 483 1
162 623 1
162 456 1
162 607 1
162 464 1
162 462 1
162 865 1
162 471 1
162 300 1
162 588 1
162 387 1
162 184 1
162 415 1
162 719 1
162 275 1
162 847 1
163 663 1
163 184 1
163 892 1
163 231 1
163 728 1
163 433 1
163 409 1
163 753 1
163 981 1
163 192 1
164 382 1
164 311 1
164 206 1
164 957 1
164 389 1
164 727 1
164 398 1
164 898 1
164 685 1
164 601 1
164 279 1
164 956 1
164 964 1
164 618 1
164 175 1
164 247 1
164 257 1
164 951 1
164 223 1
164 655 1
164 352 1
164 579 1
164 603 1
164 909 1
165 879 1
165 855 1
165 458 1
165 942 1
165 456 1
165 601 1
165 718 1
165 878 1
165 899 1
165 756 1
165 386 1
165 345 1
165 413 1
165 962 1
165 976 1
165 798 1
165 174 1
165 634 1
166 760 1
166 641 1
166 729 1
166 516 1
166 496 1
166 508 1
166 762 1
166 372 1
166 650 1
166 307 1
166 800 1
166 580 1
166 211 1
166 808 1
166 395 1
166 923 1
166 601 1
166 860 1
166 700 1
166 302 1
166 233 1
166 970 1
166 939 1
166 616 1
167 549 1
167 779 1
167 258 1
167 290 1
167 829 1
167 226 1
167 436 1
167 656 1
167 203 1
167 938 1
167 320 1
167 629 1
167 479 1
167 843 1
167 483 1
167 575 1
167 858 1
167 826 1
167 317 1
168 246 1
168 283 1
168 403 1
168 734 1
168 711 1
168 925 1
168 238 1
168 296 1
168 740 1
168 802 1
168 647 1
168 906 1
168 455 1
168 496 1
168 897 1
168 409 1
168 750 1
168 373 1
168 425 1
168 416 1
169 423 1
169 943 1
169 289 1
169 225 1
169 641 1
169 204 1
169 280 1
169 847 1
169 676 1
169 200 1
169 801 1
169 539 1
169 390 1
169 381 1
169 800 1
170 503 1
170 223 1
170 291 1
170 198 1
170 327 1
170 941 1
170 214 1
170 212 1
170 699 1
170 300 1
170 636 1
170 757 1
171 216 1
171 503 1
171 592 1
171 984 1
171 588 1
171 730 1
171 820 1
171 799 1
171 561 1
171 486 1
171 668 1
171 439 1
172 314 1
172 282 1
172 978 1
172 480 1
172 528 1
172 957 1
172 760 1
172 985 1
172 718 1
172 986 1
172 508 1
172 538 1
172 260 1
172 336 1
172 771 1
172 658 1
172 280 1
172 497 1
172 651 1
172 589 1
172 732 1
172 281 1
173 251 1
173 981 1
173 821 1
173 761 1
173 372 1
173 560 1
173 610 1
173 916 1
173 546 1
173 773 1
173 333 1
173 871 1
173 870 1
173 833 1
174 512 1
174 920 1
174 341 1
174 252 1
174 750 1
174 927 1
174 608 1
174 494 1
174 213 1
174 556 1
174 531 1
174 425 1
174 784 1
175 652 1
175 851 1
175 315 1
175 399 1
175 779 1
175 298 1
175 239 1
175 228 1
175 561 1
175 776 1
175 741 1
175 426 1
175 180 1
175 427 1
176 399 1
176 439 1
176 621 1
176 757 1
176 565 1
176 437 1
176 959 1
176 276 1
176 904 1
176 629 1
176 701 1
176 662 1
176 743 1
176 876 1
176 961 1
177 195 1
177 649 1
177 870 1
177 909 1
177 471 1
177 475 1
177 251 1
177 183 1
177 913 1
177 273 1
177 279 1
177 585 1
177 823 1
177 963 1
177 235 1
177 595 1
178 672 1
178 515 1
178 433 1
178 352 1
178 626 1
178 627 1
178 468 1
178 571 1
178 186 1
178 301 1
178 448 1
178 812 1
178 481 1
178 647 1
179 181 1
179 984 1
179 923 1
179 327 1
179 550 1
179 848 1
179 530 1
179 341 1
179 830 1
179 319 1
179 587 1
179 625 1
179 706 1
179 354 1
180 376 1
180 259 1
180 584 1
180 873 1
180 200 1
180 656 1
180 760 1
180 975 1
180 258 1
180 260 1
180 309 1
180 722 1
180 487 1
180 803 1
180 371 1
180 455 1
180 520 1
180 971 1
180 936 1
181 568 1
181 256 1
181 382 1
181 869 1
181 544 1
181 396 1
181 477 1
181 292 1
181 474 1
181 963 1
181 463 1
181 274 1
181 779 1
181 437 1
181 590 1
181 909 1
181 449 1
181 205 1
182 547 1
182 940 1
182 514 1
182 423 1
182 736 1
182 523 1
182 944 1
182 843 1
182 208 1
182 972 1
182 778 1
182 625 1
182 959 1
182 282 1
182 293 1
182 943 1
183 197 1
183 727 1
183 438 1
183 909 1
183 621 1
183 740 1
183 994 1
183 458 1
183 647 1
183 202 1
183 400 1
183 969 1
183 575 1
183 525 1
184 489 1
184 654 1
184 191 1
184 428 1
184 556 1
184 804 1
184 576 1
184 498 1
184 394 1
184 944 1
184 794 1
184 686 1
184 337 1
184 193 1
184 198 1
184 458 1
185 365 1
185 454 1
185 512 1
185 560 1
185 235 1
185 929 1
185 722 1
185 319 1
185 371 1
185 687 1
185 382 1
185 991 1
185 354 1
185 281 1
185 783 1
185 822 1
185 532 1
185 989 1
185 756 1
185 206 1
185 673 1
185 500 1
185 845 1
185 853 1
186 959 1
186 999 1
186 365 1
186 1000 1
186 294 1
186 848 1
186 493 1
186 934 1
186 857 1
186 532 1
186 187 1
186 301 1
186 630 1
186 728 1
186 255 1
186 481 1
186 636 1
186 204 1
186 477 1
187 877 1
187 372 1
187 414 1
187 848 1
187 954 1
187 869 1
187 549 1
187 861 1
187 912 1
187 448 1
187 263 1
187 663 1
187 929 1
187 888 1
187 975 1
187 206 1
187 802 1
187 699 1
187 251 1
187 462 1
188 354 1
188 201 1
188 803 1
188 784 1
188 624 1
188 516 1
188 938 1
188 575 1
188 363 1
188 303 1
188 643 1
188 689 1
188 704 1
188 413 1
188 658 1
188 348 1
188 940 1
188 834 1
188 955 1
188 635 1
188 795 1
188 304 1
189 392 1
189 420 1
189 913 1
189 840 1
189 522 1
189 229 1
189 414 1
189 948 1
189 331 1
189 898 1
189 586 1
189 297 1
189 787 1
189 949 1
189 262 1
190 904 1
190 399 1
190 671 1
190 229 1
190 619 1
190 858 1
190 798 1
190 436 1
190 840 1
190 680 1
190 279 1
190 475 1
190 684 1
190 870 1
190 353 1
190 588 1
190 662 1
190 783 1
190 595 1
190 594 1
191 841 1
191 823 1
191 757 1
191 465 1
191 342 1
191 472 1
191 639 1
191 354 1
191 635 1
191 654 1
191 313 1
191 487 1
191 532 1
191 378 1
191 875 1
191 950 1
191 778 1
192 487 1
192 955 1
192 840 1
192 439 1
192 540 1
192 911 1
192 534 1
192 570 1
192 511 1
192 633 1
192 341 1
193 988 1
193 592 1
193 323 1
193 373 1
193 532 1
193 962 1
193 825 1
193 985 1
193 737 1
193 342 1
193 347 1
193 290 1
193 958 1
193 385 1
193 760 1
193 505 1
193 865 1
194 453 1
194 495 1
194 612 1
194 559 1
194 598 1
194 491 1
194 306 1
194 736 1
194 986 1
194 966 1
194 461 1
194 224 1
194 933 1
194 677 1
194 597 1
194 521 1
194 648 1
194 274 1
195 304 1
195 452 1
195 269 1
195 309 1
195 947 1
195 951 1
195 991 1
195 861 1
195 773 1
195 238 1
195 438 1
195 864 1
195 227 1
195 852 1
196 693 1
196 358 1
196 328 1
196 213 1
196 864 1
196 420 1
196 377 1
196 773 1
197 658 1
197 661 1
197 618 1
197 778 1
197 462 1
197 983 1
197 382 1
197 806 1
197 602 1
197 305 1
197 415 1
197 666 1
197 346 1
197 262 1
197 700 1
197 899 1
198 845 1
198 895 1
198 698 1
198 492 1
198 724 1
198 290 1
198 254 1
198 775 1
198 998 1
198 777 1
198 272 1
199 943 1
199 852 1
199 932 1
199 569 1
199 530 1
199 988 1
199 588 1
199 505 1
199 383 1
199 623 1
199 353 1
199 972 1
199 201 1
199 392 1
200 455 1
200 529 1
200 792 1
200 424 1
200 706 1
200 821 1
200 236 1
200 814 1
200 912 1
200 855 1
200 899 1
200 613 1
200 790 1
200 607 1
200 789 1
200 475 1
201 276 1
201 992 1
201 716 1
201 356 1
201 985 1
201 381 1
201 332 1
201 997 1
201 839 1
201 476 1
201 364 1
202 767 1
202 825 1
202 422 1
202 297 1
202 566 1
202 357 1
202 330 1
202 541 1
202 299 1
202 344 1
202 563 1
202 824 1
202 992 1
202 450 1
202 252 1
202 491 1
202 941 1
202 516 1
202 800 1
203 290 1
203 629 1
203 406 1
203 267 1
203 722 1
203 889 1
203 563 1
203 332 1
203 820 1
203 235 1
203 497 1
203 794 1
204 706 1
204 876 1
204 256 1
204 242 1
204 274 1
204 334 1
204 882 1
204 323 1
204 981 1
204 327 1
204 561 1
204 410 1
204 743 1
204 348 1
204 557 1
204 371 1
204 466 1
204 582 1
205 704 1
205 591 1
205 472 1
205 779 1
205 706 1
205 618 1
205 540 1
205 586 1
205 605 1
205 813 1
205 721 1
205 772 1
205 919 1
205 855 1
205 272 1
205 344 1
205 281 1
205 271 1
205 459 1
205 749 1
205 523 1
206 226 1
206 389 1
206 979 1
206 725 1
206 732 1
206 813 1
206 941 1
206 803 1
206 735 1
206 624 1
207 505 1
207 882 1
207 469 1
207 753 1
207 615 1
207 486 1
207 484 1
207 561 1
207 560 1
207 919 1
207 896 1
207 538 1
207 755 1
207 537 1
207 499 1
208 590 1
208 865 1
208 254 1
208 624 1
208 715 1
208 538 1
208 788 1
208 745 1
208 286 1
208 768 1
208 468 1
208 369 1
209 419 1
209 811 1
209 263 1
209 916 1
209 532 1
209 591 1
209 808 1
209 584 1
209 671 1
209 558 1
209 323 1
209 510 1
209 959 1
209 899 1
209 471 1
209 291 1
209 812 1
209 784 1
209 454 1
209 964 1
210 399 1
210 285 1
210 819 1
210 333 1
210 892 1
210 261 1
210 460 1
210 745 1
210 237 1
210 841 1
210 894 1
210 564 1
210 409 1
210 889 1
210 260 1
210 213 1
210 366 1
210 363 1
210 398 1
210 912 1
210 710 1
211 445 1
211 726 1
211 912 1
211 351 1
211 680 1
211 248 1
211 369 1
211 359 1
211 510 1
211 259 1
211 633 1
211 245 1
211 710 1
211 966 1
211 856 1
211 470 1
211 709 1
211 836 1
211 473 1
212 309 1
212 780 1
212 751 1
212 320 1
212 997 1
212 966 1
212 446 1
212 621 1
212 366 1
212 524 1
212 632 1
212 420 1
212 582 1
212 889 1
213 793 1
213 874 1
213 442 1
213 519 1
213 590 1
213 491 1
213 381 1
213 459 1
213 872 1
213 762 1
213 773 1
213 652 1
213 813 1
213 949 1
213 357 1
213 930 1
214 467 1
214 249 1
214 250 1
214 490 1
214 397 1
214 632 1
214 395 1
214 383 1
214 345 1
214 616 1
214 695 1
214 448 1
214 331 1
214 371 1
215 607 1
215 239 1
215 475 1
215 670 1
215 415 1
215 473 1
215 938 1
215 850 1
215 291 1
215 820 1
215 545 1
215 986 1
216 246 1
216 654 1
216 411 1
216 874 1
216 953 1
216 482 1
216 742 1
216 466 1
216 955 1
216 962 1
216 357 1
216 275 1
216 725 1
216 996 1
217 911 1
217 831 1
217 630 1
217 827 1
217 471 1
217 316 1
217 344 1
217 780 1
217 592 1
217 992 1
217 868 1
217 461 1
217 407 1
217 249 1
217 660 1
217 405 1
217 921 1
218 225 1
218 528 1
218 350 1
218 937 1
218 716 1
218 407 1
218 703 1
218 598 1
218 539 1
218 602 1
218 450 1
218 472 1
218 753 1
218 760 1
219 444 1
219 451 1
219 966 1
219 477 1
219 522 1
219 778 1
219 668 1
219 677 1
219 620 1
219 630 1
219 367 1
219 929 1
219 955 1
219 239 1
219 958 1
219 692 1
220 304 1
220 245 1
220 557 1
220 268 1
220 234 1
220 575 1
220 533 1
220 802 1
220 537 1
220 811 1
220 824 1
220 823 1
220 773 1
220 940 1
221 810 1
221 712 1
221 763 1
221 407 1
221 548 1
221 929 1
221 434 1
221 871 1
221 255 1
221 970 1
221 868 1
221 846 1
221 443 1
222 292 1
222 510 1
222 497 1
222 394 1
222 792 1
222 387 1
222 299 1
222 685 1
222 507 1
222 731 1
222 434 1
222 421 1
222 410 1
222 427 1
222 875 1
222 483 1
222 648 1
223 776 1
223 955 1
223 969 1
223 835 1
223 965 1
223 407 1
223 361 1
223 467 1
223 852 1
223 395 1
224 946 1
224 664 1
224 631 1
224 421 1
224 276 1
224 731 1
224 404 1
224 226 1
224 963 1
224 875 1
225 690 1
225 350 1
225 652 1
225 853 1
225 373 1
225 953 1
225 756 1
225 620 1
225 319 1
225 580 1
225 238 1
225 564 1
225 743 1
225 307 1
225 782 1
226 771 1
226 814 1
226 283 1
226 535 1
226 412 1
226 838 1
226 866 1
226 581 1
226 677 1
226 557 1
226 698 1
226 564 1
226 500 1
226 741 1
226 746 1
226 406 1
227 316 1
227 418 1
227 538 1
227 776 1
227 326 1
227 457 1
227 295 1
227 954 1
227 480 1
227 395 1
227 579 1
227 401 1
227 360 1
227 680 1
227 242 1
227 787 1
227 830 1
228 791 1
228 660 1
228 391 1
228 717 1
228 843 1
228 471 1
228 443 1
228 862 1
228 711 1
229 674 1
229 404 1
229 490 1
229 489 1
229 251 1
229 269 1
229 478 1
229 945 1
229 258 1
229 641 1
229 863 1
229 684 1
230 500 1
230 952 1
230 506 1
230 490 1
230 890 1
230 277 1
230 563 1
230 394 1
230 802 1
230 806 1
230 880 1
230 255 1
230 468 1
230 376 1
231 311 1
231 964 1
231 836 1
231 897 1
231 786 1
231 621 1
231 601 1
231 462 1
231 447 1
231 908 1
231 750 1
231 505 1
231 697 1
231 710 1
231 977 1
231 797 1
231 349 1
231 324 1
232 322 1
232 388 1
232 833 1
232 378 1
232 396 1
232 549 1
232 438 1
232 570 1
232 820 1
232 703 1
232 519 1
232 495 1
232 846 1
232 239 1
232 248 1
232 406 1
232 428 1
232 770 1
232 321 1
233 796 1
233 822 1
233 612 1
233 374 1
233 835 1
233 329 1
233 365 1
233 892 1
234 610 1
234 365 1
234 757 1
234 332 1
234 669 1
234 695 1
234 981 1
234 962 1
234 291 1
234 530 1
234 765 1
234 835 1
234 989 1
234 420 1
234 296 1
234 603 1
234 348 1
235 507 1
235 443 1
235 352 1
235 386 1
235 865 1
235 984 1
235 397 1
235 369 1
235 827 1
235 994 1
235 721 1
235 867 1
235 965 1
236 826 1
236 386 1
236 358 1
236 460 1
236 618 1
236 383 1
236 669 1
236 390 1
236 719 1
236 430 1
236 565 1
236 562 1
236 599 1
236 286 1
236 266 1
236 645 1
236 918 1
236 307 1
236 773 1
237 488 1
237 475 1
237 411 1
237 498 1
237 453 1
237 772 1
237 490 1
237 813 1
237 541 1
237 439 1
237 283 1
238 700 1
238 437 1
238 808 1
238 926 1
238 860 1
238 689 1
238 560 1
238 566 1
238 454 1
238 757 1
238 507 1
238 518 1
238 506 1
238 548 1
238 929 1
238 859 1
238 500 1
238 874 1
238 459 1
238 787 1
238 424 1
238 516 1
238 841 1
238 362 1
238 963 1
239 611 1
239 710 1
239 581 1
239 394 1
239 817 1
239 508 1
239 783 1
239 996 1
239 763 1
239 609 1
239 535 1
239 376 1
239 869 1
239 627 1
239 338 1
240 736 1
240 627 1
240 683 1
240 256 1
240 858 1
240 738 1
240 504 1
240 515 1
240 682 1
240 832 1
240 582 1
240 772 1
240 676 1
240 727 1
240 1000 1
240 942 1
240 777 1
240 703 1
241 905 1
241 763 1
241 556 1
241 950 1
241 951 1
241 893 1
241 443 1
241 805 1
241 362 1
241 854 1
241 366 1
241 919 1
241 243 1
241 901 1
242 615 1
242 421 1
242 998 1
242 282 1
242 959 1
242 396 1
242 639 1
242 253 1
242 623 1
242 603 1
243 379 1
243 751 1
243 245 1
243 838 1
243 461 1
243 380 1
243 305 1
243 1000 1
243 930 1
243 585 1
243 606 1
244 668 1
244 564 1
244 495 1
244 576 1
244 830 1
244 798 1
244 823 1
244 445 1
244 828 1
244 533 1
244 551 1
244 913 1
244 569 1
244 397 1
244 848 1
245 778 1
245 413 1
245 906 1
245 546 1
245 313 1
245 329 1
245 771 1
245 491 1
245 909 1
245 888 1
245 295 1
245 770 1
245 810 1
245 291 1
245 661 1
245 937 1
245 818 1
245 857 1
245 751 1
245 399 1
245 358 1
245 866 1
246 519 1
246 796 1
246 726 1
246 872 1
246 856 1
246 531 1
246 576 1
246 810 1
246 401 1
246 461 1
246 631 1
246 948 1
246 655 1
246 473 1
246 385 1
246 593 1
246 794 1
246 505 1
246 330 1
247 904 1
247 763 1
247 983 1
247 458 1
247 311 1
247 409 1
247 277 1
247 263 1
247 501 1
247 321 1
247 288 1
247 385 1
247 884 1
247 463 1
247 786 1
247 419 1
248 589 1
248 851 1
248 298 1
248 918 1
248 831 1
248 279 1
248 634 1
248 532 1
248 605 1
248 756 1
248 840 1
248 996 1
248 326 1
248 816 1
248 365 1
249 724 1
249 298 1
249 840 1
249 747 1
249 533 1
249 406 1
249 719 1
249 356 1
249 606 1
249 456 1
249 776 1
249 453 1
249 576 1
249 770 1
249 742 1
249 309 1
249 409 1
249 548 1
249 668 1
250 829 1
250 939 1
250 637 1
250 359 1
250 865 1
250 705 1
250 339 1
250 943 1
250 511 1
250 645 1
250 417 1
250 507 1
250 929 1
250 795 1
250 846 1
250 267 1
250 478 1
250 849 1
250 957 1
250 766 1
251 354 1
251 906 1
251 995 1
251 733 1
251 519 1
251 349 1
251 628 1
251 766 1
251 496 1
251 675 1
251 921 1
251 417 1
251 811 1
251 824 1
252 729 1
252 631 1
252 379 1
252 523 1
252 596 1
252 841 1
252 392 1
252 682 1
252 294 1
252 804 1
252 264 1
252 940 1
252 775 1
252 580 1
252 780 1
253 970 1
253 600 1
253 882 1
253 436 1
253 707 1
253 292 1
253 468 1
253 327 1
253 464 1
253 446 1
253 590 1
253 263 1
253 798 1
254 844 1
254 876 1
254 455 1
254 971 1
254 712 1
254 655 1
254 847 1
254 367 1
254 386 1
254 687 1
254 258 1
254 528 1
254 647 1
254 457 1
255 889 1
255 349 1
255 298 1
255 584 1
255 698 1
255 642 1
255 540 1
255 333 1
255 620 1
255 905 1
255 795 1
255 264 1
256 788 1
256 283 1
256 484 1
256 404 1
256 463 1
256 908 1
256 370 1
256 388 1
256 442 1
256 730 1
256 686 1
257 804 1
257 305 1
257 677 1
257 813 1
257 844 1
257 758 1
257 614 1
257 520 1
257 563 1
257 432 1
257 355 1
257 346 1
257 948 1
257 750 1
257 378 1
257 595 1
258 971 1
258 351 1
258 680 1
258 996 1
258 755 1
258 385 1
258 762 1
258 827 1
258 321 1
258 901 1
258 810 1
258 842 1
258 899 1
258 423 1
258 648 1
259 906 1
259 991 1
259 482 1
259 281 1
259 806 1
259 430 1
259 849 1
259 440 1
259 422 1
259 534 1
259 787 1
259 358 1
259 361 1
259 876 1
259 389 1
259 507 1
260 797 1
260 569 1
260 795 1
260 608 1
260 890 1
260 337 1
260 329 1
260 296 1
260 475 1
260 811 1
260 885 1
260 714 1
260 299 1
260 825 1
260 893 1
261 457 1
261 622 1
261 830 1
261 340 1
261 756 1
261 912 1
261 538 1
261 396 1
261 472 1
261 437 1
261 471 1
261 549 1
261 648 1
261 724 1
261 972 1
261 892 1
261 837 1
261 442 1
261 625 1
262 702 1
262 693 1
262 812 1
262 820 1
262 989 1
262 408 1
262 722 1
262 709 1
262 938 1
262 886 1
262 974 1
262 345 1
262 280 1
262 525 1
263 652 1
263 835 1
263 633 1
263 671 1
263 572 1
263 473 1
263 941 1
263 963 1
263 984 1
263 989 1
263 690 1
263 759 1
263 836 1
263 767 1
263 938 1
263 983 1
263 695 1
263 752 1
263 849 1
263 352 1
263 724 1
264 565 1
264 869 1
264 726 1
264 642 1
264 509 1
264 512 1
264 832 1
264 465 1
264 819 1
264 516 1
264 897 1
264 960 1
264 335 1
264 567 1
264 694 1
264 814 1
264 841 1
264 652 1
264 566 1
264 386 1
264 291 1
265 562 1
265 924 1
265 878 1
265 484 1
265 311 1
265 587 1
265 646 1
265 392 1
265 969 1
265 291 1
265 559 1
265 378 1
265 795 1
265 682 1
265 885 1
265 851 1
265 413 1
266 548 1
266 387 1
266 653 1
266 874 1
266 341 1
266 654 1
266 634 1
266 275 1
266 921 1
266 443 1
266 937 1
266 991 1
266 721 1
266 922 1
266 361 1
266 378 1
266 916 1
266 668 1
266 662 1
266 618 1
266 360 1
267 868 1
267 488 1
267 693 1
267 944 1
267 365 1
267 616 1
267 949 1
267 825 1
267 936 1
267 587 1
267 547 1
267 956 1
267 891 1
267 960 1
267 489 1
267 633 1
267 515 1
268 528 1
268 299 1
268 879 1
268 366 1
268 334 1
268 382 1
268 427 1
268 436 1
268 621 1
268 500 1
268 644 1
268 614 1
268 271 1
268 342 1
268 856 1
268 564 1
268 588 1
268 798 1
268 513 1
269 569 1
269 401 1
269 459 1
269 944 1
269 405 1
269 665 1
269 594 1
269 564 1
269 407 1
270 691 1
270 748 1
270 347 1
270 360 1
270 896 1
270 511 1
270 400 1
270 879 1
270 621 1
270 804 1
270 515 1
270 411 1
270 832 1
270 636 1
270 744 1
270 900 1
270 424 1
270 324 1
270 547 1
271 762 1
271 354 1
271 371 1
271 611 1
271 704 1
271 644 1
271 851 1
271 470 1
271 298 1
271 312 1
271 578 1
271 334 1
271 747 1
271 422 1
272 492 1
272 791 1
272 434 1
272 691 1
272 588 1
272 674 1
272 923 1
272 293 1
272 807 1
272 668 1
272 859 1
272 835 1
272 515 1
272 275 1
273 741 1
273 999 1
273 796 1
273 631 1
273 974 1
273 352 1
273 828 1
273 853 1
273 740 1
273 898 1
273 868 1
273 782 1
273 574 1
273 374 1
274 288 1
274 381 1
274 798 1
274 621 1
274 513 1
274 419 1
274 526 1
275 319 1
275 601 1
275 375 1
275 958 1
275 982 1
275 370 1
275 735 1
275 294 1
275 602 1
275 668 1
275 448 1
275 583 1
275 367 1
275 750 1
275 882 1
276 294 1
276 911 1
276 406 1
276 434 1
276 938 1
276 668 1
276 772 1
276 556 1
276 335 1
276 485 1
276 514 1
276 921 1
277 742 1
277 620 1
277 478 1
277 754 1
277 399 1
277 931 1
277 846 1
277 519 1
277 851 1
277 918 1
277 768 1
277 876 1
278 889 1
278 807 1
278 450 1
278 775 1
278 529 1
278 954 1
278 547 1
278 311 1
278 380 1
278 608 1
279 615 1
279 518 1
279 931 1
279 709 1
279 341 1
279 777 1
279 979 1
279 587 1
279 340 1
280 872 1
280 321 1
280 636 1
280 404 1
280 912 1
280 770 1
280 781 1
280 856 1
280 395 1
280 440 1
280 999 1
280 347 1
280 407 1
280 379 1
280 624 1
281 421 1
281 774 1
281 618 1
281 314 1
281 923 1
281 400 1
281 677 1
281 596 1
281 791 1
281 745 1
281 284 1
281 924 1
281 643 1
281 669 1
281 362 1
281 817 1
282 552 1
282 572 1
282 318 1
282 465 1
282 305 1
282 809 1
282 659 1
282 967 1
282 493 1
282 677 1
282 422 1
282 548 1
282 303 1
283 292 1
283 497 1
283 925 1
283 608 1
283 739 1
283 982 1
283 439 1
283 369 1
283 813 1
283 833 1
283 911 1
283 428 1
283 452 1
283 959 1
283 403 1
283 462 1
283 949 1
283 504 1
283 880 1
283 465 1
283 945 1
284 887 1
284 669 1
284 945 1
284 678 1
284 587 1
284 458 1
284 534 1
284 633 1
284 549 1
284 812 1
284 717 1
284 306 1
284 946 1
284 423 1
284 687 1
284 675 1
284 373 1
284 408 1
285 875 1
285 747 1
285 586 1
285 791 1
285 794 1
285 928 1
285 651 1
285 583 1
285 956 1
285 628 1
285 800 1
285 797 1
285 450 1
285 595 1
285 866 1
285 720 1
285 453 1
285 383 1
286 609 1
286 671 1
286 291 1
286 957 1
286 844 1
286 636 1
286 825 1
286 765 1
286 492 1
286 447 1
286 906 1
286 467 1
286 506 1
286 294 1
286 645 1
286 398 1
286 703 1
286 622 1
286 822 1
286 594 1
286 598 1
286 836 1
286 840 1
286 953 1
287 967 1
287 863 1
287 441 1
287 768 1
287 523 1
287 298 1
287 476 1
287 490 1
287 839 1
288 590 1
288 958 1
288 775 1
288 515 1
288 856 1
288 609 1
288 564 1
288 517 1
288 807 1
288 932 1
288 687 1
288 451 1
288 688 1
289 894 1
289 763 1
289 863 1
289 333 1
289 646 1
289 1000 1
289 929 1
289 720 1
289 878 1
289 679 1
289 371 1
289 357 1
289 416 1
289 853 1
289 296 1
289 673 1
289 496 1
289 801 1
290 578 1
290 324 1
290 952 1
290 423 1
290 683 1
290 840 1
290 390 1
290 671 1
290 822 1
290 998 1
290 323 1
290 804 1
290 664 1
290 484 1
290 831 1
290 491 1
290 619 1
290 920 1
291 970 1
291 876 1
291 349 1
291 957 1
291 863 1
291 890 1
291 738 1
291 524 1
291 902 1
291 551 1
291 627 1
291 576 1
292 471 1
292 475 1
292 428 1
292 671 1
292 508 1
292 466 1
292 655 1
292 337 1
292 994 1
292 515 1
292 506 1
292 398 1
292 895 1
292 965 1
292 833 1
293 979 1
293 747 1
293 852 1
293 442 1
293 321 1
293 602 1
293 818 1
293 364 1
293 977 1
293 605 1
294 954 1
294 616 1
294 755 1
294 977 1
294 727 1
294 695 1
294 637 1
294 897 1
294 708 1
294 824 1
294 378 1
294 783 1
294 862 1
294 923 1
295 839 1
295 457 1
295 640 1
295 748 1
295 678 1
295 437 1
295 982 1
295 749 1
295 813 1
295 741 1
295 924 1
295 413 1
296 429 1
296 999 1
296 885 1
296 924 1
296 892 1
296 557 1
296 884 1
296 898 1
296 326 1
296 736 1
296 494 1
296 766 1
297 749 1
297 600 1
297 556 1
297 831 1
297 718 1
297 396 1
297 830 1
297 444 1
297 894 1
297 368 1
297 654 1
297 562 1
297 602 1
297 400 1
297 613 1
297 334 1
297 516 1
297 717 1
298 431 1
298 953 1
298 429 1
298 964 1
298 936 1
298 584 1
298 510 1
298 413 1
298 840 1
298 839 1
298 845 1
298 768 1
298 491 1
298 453 1
299 808 1
299 478 1
299 454 1
299 713 1
299 473 1
299 786 1
299 835 1
299 651 1
299 684 1
299 511 1
299 395 1
299 796 1
299 496 1
299 544 1
299 316 1
299 668 1
300 978 1
300 506 1
300 738 1
300 320 1
300 322 1
300 799 1
300 832 1
300 723 1
300 687 1
301 638 1
301 462 1
301 393 1
301 756 1
301 903 1
301 824 1
301 987 1
301 363 1
301 366 1
301 358 1
301 738 1
301 815 1
301 403 1
301 841 1
301 559 1
301 441 1
301 743 1
301 602 1
301 409 1
301 412 1
301 447 1
301 641 1
301 735 1
302 540 1
302 881 1
302 353 1
302 762 1
302 645 1
302 434 1
302 779 1
302 757 1
302 640 1
302 929 1
302 921 1
302 515 1
302 726 1
302 562 1
302 690 1
302 795 1
303 519 1
303 591 1
303 503 1
303 896 1
303 729 1
303 338 1
303 615 1
303 889 1
303 543 1
304 683 1
304 862 1
304 457 1
304 925 1
304 982 1
304 944 1
304 856 1
304 363 1
304 402 1
304 522 1
304 869 1
305 755 1
305 448 1
305 525 1
305 858 1
305 482 1
305 769 1
305 702 1
305 515 1
305 468 1
305 499 1
305 964 1
305 472 1
305 890 1
305 917 1
305 874 1
305 590 1
305 953 1
305 312 1
306 856 1
306 772 1
306 586 1
306 363 1
306 495 1
306 527 1
306 681 1
306 819 1
306 376 1
306 736 1
307 590 1
307 849 1
307 799 1
307 736 1
307 549 1
307 487 1
307 430 1
307 946 1
307 390 1
307 919 1
307 336 1
307 734 1
307 700 1
307 926 1
307 807 1
308 964 1
308 963 1
308 544 1
308 363 1
308 953 1
308 395 1
308 795 1
308 927 1
308 642 1
308 685 1
308 521 1
308 358 1
308 799 1
308 712 1
308 949 1
308 919 1
308 722 1
308 898 1
309 997 1
309 467 1
309 727 1
309 369 1
309 476 1
309 326 1
309 528 1
309 426 1
309 358 1
309 482 1
309 501 1
309 722 1
309 828 1
309 509 1
309 913 1
309 830 1
309 411 1
309 518 1
310 352 1
310 411 1
310 675 1
310 866 1
310 849 1
310 379 1
310 454 1
310 741 1
310 912 1
310 323 1
310 549 1
310 663 1
310 784 1
310 614 1
310 342 1
310 584 1
310 343 1
311 390 1
311 654 1
311 436 1
311 423 1
311 868 1
311 425 1
311 388 1
311 571 1
311 805 1
311 473 1
311 970 1
311 357 1
311 885 1
311 442 1
311 502 1
312 367 1
312 742 1
312 803 1
312 999 1
312 644 1
312 633 1
312 332 1
312 641 1
312 773 1
312 654 1
312 537 1
312 380 1
312 725 1
312 982 1
312 908 1
312 702 1
312 854 1
312 373 1
312 845 1
312 752 1
312 672 1
313 727 1
313 572 1
313 639 1
313 412 1
313 670 1
313 498 1
313 373 1
313 912 1
313 386 1
313 331 1
313 637 1
313 396 1
313 352 1
313 414 1
313 492 1
313 799 1
313 750 1
313 337 1
313 811 1
314 816 1
314 803 1
314 841 1
314 419 1
314 565 1
314 776 1
314 657 1
314 543 1
314 573 1
314 833 1
314 459 1
314 409 1
315 456 1
315 537 1
315 391 1
315 349 1
315 336 1
315 988 1
315 769 1
315 751 1
315 335 1
315 921 1
315 918 1
315 982 1
315 922 1
315 796 1
315 783 1
315 584 1
315 846 1
315 813 1
315 354 1
315 738 1
316 793 1
316 651 1
316 842 1
316 644 1
316 888 1
316 441 1
316 375 1
316 910 1
316 689 1
316 512 1
316 374 1
316 624 1
316 652 1
316 881 1
316 701 1
316 833 1
316 471 1
317 933 1
317 818 1
317 577 1
317 720 1
317 510 1
317 757 1
317 663 1
317 694 1
317 907 1
317 511 1
317 607 1
317 813 1
317 330 1
317 778 1
317 539 1
317 676 1
317 772 1
317 427 1
318 324 1
318 633 1
318 853 1
318 425 1
318 637 1
318 909 1
318 347 1
318 926 1
318 557 1
318 390 1
318 470 1
318 961 1
318 799 1
319 773 1
319 627 1
319 432 1
319 372 1
319 954 1
319 935 1
319 843 1
319 922 1
319 475 1
319 430 1
319 467 1
319 795 1
319 628 1
319 862 1
319 770 1
319 897 1
319 446 1
320 950 1
320 556 1
320 578 1
320 709 1
320 499 1
320 877 1
320 855 1
320 641 1
320 837 1
320 388 1
320 492 1
320 558 1
321 482 1
321 426 1
321 528 1
321 325 1
321 651 1
321 595 1
321 767 1
321 563 1
321 997 1
321 378 1
321 399 1
321 579 1
321 795 1
321 921 1
321 781 1
321 743 1
321 633 1
321 931 1
321 518 1
322 850 1
322 653 1
322 746 1
322 970 1
322 668 1
322 856 1
322 471 1
322 457 1
322 597 1
322 470 1
322 659 1
322 380 1
322 803 1
323 945 1
323 449 1
323 919 1
323 419 1
323 814 1
323 742 1
323 523 1
323 817 1
323 448 1
323 371 1
323 600 1
323 617 1
324 964 1
324 900 1
324 665 1
324 540 1
324 624 1
324 641 1
324 496 1
324 772 1
324 925 1
324 451 1
324 746 1
325 816 1
325 699 1
325 488 1
325 623 1
325 518 1
325 584 1
325 714 1
325 489 1
325 598 1
325 909 1
325 839 1
326 337 1
326 396 1
326 425 1
326 493 1
326 713 1
326 646 1
326 501 1
326 926 1
326 930 1
326 622 1
326 793 1
326 499 1
327 571 1
327 474 1
327 404 1
327 780 1
327 971 1
327 765 1
327 838 1
327 824 1
327 593 1
327 413 1
327 421 1
327 460 1
327 427 1
327 494 1
327 710 1
327 572 1
327 980 1
327 955 1
327 603 1
327 945 1
327 661 1
327 338 1
327 725 1
328 940 1
328 416 1
328 987 1
328 650 1
328 616 1
328 878 1
328 487 1
329 558 1
329 747 1
329 756 1
329 983 1
329 773 1
329 433 1
329 429 1
329 658 1
329 687 1
329 920 1
329 565 1
329 768 1
329 887 1
329 462 1
329 388 1
329 416 1
329 969 1
329 665 1
329 958 1
329 339 1
329 668 1
329 870 1
330 675 1
330 772 1
330 871 1
330 873 1
330 932 1
330 864 1
330 1000 1
330 685 1
330 876 1
330 530 1
330 674 1
330 699 1
330 380 1
330 780 1
330 779 1
331 585 1
331 450 1
331 960 1
331 917 1
331 445 1
331 970 1
331 854 1
331 482 1
331 749 1
331 506 1
331 417 1
331 646 1
331 829 1
331 630 1
331 561 1
331 429 1
332 993 1
332 729 1
332 444 1
332 354 1
332 884 1
332 890 1
332 754 1
332 420 1
332 930 1
332 611 1
332 814 1
332 514 1
332 973 1
333 908 1
333 889 1
333 810 1
333 618 1
333 923 1
333 413 1
333 384 1
334 490 1
334 491 1
334 734 1
334 845 1
334 645 1
334 629 1
334 792 1
334 872 1
334 452 1
334 655 1
334 378 1
334 782 1
334 620 1
335 500 1
335 696 1
335 915 1
335 745 1
335 985 1
335 822 1
335 983 1
335 388 1
335 807 1
335 634 1
335 502 1
335 792 1
336 409 1
336 555 1
336 676 1
336 508 1
336 740 1
336 381 1
336 586 1
336 995 1
336 713 1
336 492 1
336 937 1
336 813 1
336 891 1
336 515 1
336 420 1
336 729 1
336 738 1
336 807 1
337 824 1
337 572 1
337 817 1
337 812 1
337 934 1
337 996 1
337 694 1
337 738 1
337 385 1
337 705 1
337 884 1
337 487 1
338 429 1
338 929 1
338 597 1
338 494 1
338 852 1
338 659 1
338 822 1
338 443 1
338 527 1
338 403 1
338 795 1
338 964 1
338 878 1
338 712 1
339 995 1
339 740 1
339 655 1
339 518 1
339 891 1
339 843 1
339 516 1
339 811 1
339 865 1
339 540 1
339 460 1
339 356 1
339 632 1
339 850 1
339 871 1
340 816 1
340 967 1
340 536 1
340 353 1
340 501 1
340 736 1
340 837 1
340 991 1
340 492 1
340 527 1
340 776 1
340 584 1
340 483 1
340 600 1
341 739 1
341 597 1
341 665 1
341 847 1
341 758 1
341 695 1
341 505 1
341 491 1
341 443 1
341 629 1
341 729 1
341 450 1
341 721 1
341 883 1
342 353 1
342 877 1
342 526 1
342 599 1
342 505 1
342 879 1
342 908 1
342 404 1
342 653 1
342 661 1
342 412 1
342 429 1
342 975 1
343 848 1
343 834 1
343 499 1
343 681 1
343 425 1
343 575 1
343 428 1
343 480 1
343 738 1
343 760 1
344 465 1
344 610 1
344 446 1
344 475 1
344 682 1
344 605 1
344 903 1
344 821 1
344 734 1
344 559 1
344 565 1
344 872 1
344 780 1
344 515 1
344 387 1
344 849 1
345 914 1
345 492 1
345 451 1
345 772 1
345 517 1
345 474 1
345 429 1
345 405 1
345 874 1
345 698 1
345 483 1
345 433 1
346 359 1
346 496 1
346 616 1
346 553 1
346 596 1
346 747 1
346 565 1
346 782 1
346 353 1
346 593 1
346 961 1
347 884 1
347 653 1
347 722 1
347 405 1
347 674 1
347 855 1
347 459 1
347 814 1
347 749 1
347 624 1
347 465 1
348 675 1
348 662 1
348 669 1
348 888 1
348 893 1
348 485 1
348 901 1
348 966 1
348 866 1
348 633 1
348 637 1
348 900 1
348 647 1
349 508 1
349 441 1
349 596 1
349 787 1
349 901 1
349 779 1
349 609 1
349 409 1
349 854 1
349 819 1
349 839 1
349 510 1
349 534 1
349 974 1
350 459 1
350 746 1
350 421 1
350 648 1
350 783 1
350 884 1
350 477 1
350 813 1
350 560 1
350 525 1
350 440 1
350 710 1
350 968 1
350 497 1
351 750 1
351 599 1
351 732 1
351 589 1
351 374 1
351 758 1
351 596 1
351 650 1
351 977 1
351 752 1
351 409 1
351 953 1
351 632 1
351 934 1
351 936 1
351 671 1
351 524 1
351 656 1
351 812 1
352 805 1
352 765 1
352 879 1
352 509 1
352 834 1
352 449 1
352 960 1
352 407 1
352 466 1
352 844 1
352 484 1
352 554 1
352 747 1
352 610 1
352 530 1
352 380 1
353 417 1
353 743 1
353 501 1
353 628 1
353 645 1
353 614 1
353 916 1
353 496 1
353 578 1
353 956 1
353 448 1
353 778 1
353 396 1
353 418 1
353 412 1
353 798 1
353 760 1
353 488 1
354 667 1
354 624 1
354 360 1
354 756 1
354 393 1
354 522 1
354 748 1
354 565 1
354 523 1
354 582 1
354 718 1
354 723 1
354 636 1
355 745 1
355 802 1
355 864 1
355 543 1
355 889 1
355 856 1
355 711 1
355 919 1
355 455 1
355 458 1
356 762 1
356 880 1
356 897 1
356 600 1
356 825 1
356 773 1
356 680 1
356 828 1
356 564 1
356 859 1
356 633 1
356 971 1
356 954 1
356 575 1
357 943 1
357 544 1
357 698 1
357 980 1
357 642 1
357 631 1
357 506 1
358 745 1
358 744 1
358 515 1
358 712 1
358 764 1
358 624 1
358 725 1
358 567 1
358 731 1
358 754 1
358 519 1
358 906 1
358 959 1
358 947 1
359 719 1
359 638 1
359 822 1
359 443 1
359 582 1
359 576 1
359 516 1
359 618 1
359 373 1
359 930 1
359 551 1
360 878 1
360 609 1
360 855 1
360 401 1
360 368 1
360 676 1
360 694 1
360 805 1
360 851 1
360 501 1
360 561 1
361 815 1
361 816 1
361 488 1
361 660 1
361 689 1
361 461 1
361 992 1
361 669 1
361 665 1
361 998 1
361 899 1
361 656 1
361 965 1
361 412 1
361 690 1
362 601 1
362 529 1
362 911 1
362 531 1
362 707 1
362 426 1
362 634 1
362 508 1
362 971 1
362 904 1
362 526 1
362 979 1
363 918 1
363 787 1
363 457 1
363 744 1
363 367 1
363 656 1
363 377 1
363 826 1
363 444 1
363 549 1
363 714 1
363 888 1
363 599 1
363 953 1
363 441 1
364 700 1
364 724 1
364 500 1
364 502 1
364 606 1
364 402 1
364 559 1
364 911 1
364 505 1
365 551 1
365 980 1
365 788 1
365 892 1
365 547 1
365 755 1
365 604 1
365 819 1
365 572 1
365 600 1
366 416 1
366 940 1
366 455 1
366 769 1
366 531 1
366 428 1
366 988 1
366 423 1
366 486 1
366 587 1
366 673 1
366 923 1
366 543 1
367 566 1
367 876 1
367 384 1
367 850 1
367 854 1
367 592 1
367 643 1
367 622 1
367 375 1
367 636 1
367 796 1
367 677 1
367 676 1
367 881 1
367 768 1
367 432 1
368 714 1
368 852 1
368 957 1
368 1000 1
368 500 1
368 552 1
368 998 1
368 577 1
368 583 1
368 741 1
368 996 1
368 964 1
368 576 1
368 695 1
368 742 1
368 468 1
368 532 1
369 607 1
369 977 1
369 561 1
369 516 1
369 814 1
369 454 1
369 635 1
369 584 1
369 914 1
369 533 1
369 787 1
369 486 1
369 997 1
369 890 1
369 752 1
369 574 1
369 738 1
369 715 1
370 550 1
370 607 1
370 639 1
370 426 1
370 679 1
370 461 1
370 463 1
370 516 1
370 407 1
370 433 1
370 608 1
370 425 1
371 766 1
371 857 1
371 970 1
371 910 1
371 476 1
371 981 1
371 569 1
371 655 1
371 763 1
371 948 1
371 541 1
371 646 1
372 701 1
372 617 1
372 782 1
372 405 1
372 625 1
372 553 1
372 557 1
372 538 1
372 991 1
372 424 1
372 523 1
372 882 1
372 640 1
372 873 1
373 965 1
373 867 1
373 975 1
373 830 1
373 787 1
373 917 1
373 964 1
373 688 1
373 606 1
373 757 1
373 629 1
373 608 1
373 389 1
373 469 1
373 683 1
373 997 1
373 600 1
373 961 1
374 880 1
374 653 1
374 688 1
374 606 1
374 785 1
374 400 1
374 432 1
374 987 1
374 390 1
375 773 1
375 528 1
375 997 1
375 663 1
375 402 1
375 967 1
375 684 1
375 592 1
375 508 1
376 597 1
376 850 1
376 423 1
376 785 1
376 829 1
376 505 1
376 510 1
376 458 1
376 395 1
376 382 1
376 992 1
376 676 1
376 774 1
376 685 1
377 436 1
377 640 1
377 913 1
377 537 1
377 432 1
377 533 1
377 546 1
377 392 1
377 570 1
377 576 1
377 486 1
377 545 1
377 471 1
377 990 1
377 598 1
378 979 1
378 793 1
378 454 1
378 720 1
378 829 1
378 402 1
378 628 1
378 973 1
378 761 1
378 920 1
378 927 1
379 895 1
379 750 1
379 386 1
379 754 1
379 978 1
379 869 1
379 649 1
379 679 1
379 488 1
380 564 1
380 962 1
380 658 1
380 856 1
380 999 1
380 826 1
380 463 1
380 654 1
380 472 1
380 706 1
380 900 1
380 821 1
380 670 1
380 566 1
380 518 1
380 590 1
380 696 1
380 426 1
380 854 1
380 499 1
381 994 1
381 590 1
381 894 1
381 481 1
381 650 1
381 730 1
381 717 1
382 929 1
382 498 1
382 524 1
382 390 1
382 535 1
382 994 1
382 689 1
382 585 1
382 666 1
382 508 1
382 575 1
383 736 1
383 565 1
383 775 1
383 732 1
383 705 1
383 983 1
383 891 1
383 500 1
383 769 1
384 724 1
384 715 1
384 874 1
384 535 1
384 998 1
384 996 1
384 994 1
384 770 1
384 487 1
384 816 1
384 821 1
384 632 1
384 635 1
384 983 1
384 731 1
384 954 1
385 841 1
385 684 1
385 932 1
385 443 1
385 534 1
385 962 1
385 393 1
385 397 1
385 613 1
385 525 1
385 574 1
385 458 1
385 709 1
385 554 1
385 888 1
386 401 1
386 742 1
386 957 1
386 466 1
386 784 1
386 522 1
386 782 1
386 740 1
386 468 1
387 977 1
387 859 1
387 462 1
387 706 1
387 868 1
387 669 1
387 572 1
387 445 1
387 850 1
387 496 1
387 550 1
388 586 1
388 942 1
388 430 1
388 509 1
388 889 1
388 923 1
388 727 1
388 986 1
388 448 1
388 473 1
389 839 1
389 899 1
389 726 1
389 505 1
389 896 1
390 534 1
390 879 1
390 674 1
390 906 1
390 471 1
390 514 1
390 397 1
390 449 1
390 731 1
391 408 1
391 754 1
391 552 1
392 824 1
392 586 1
392 626 1
392 780 1
392 505 1
392 741 1
392 952 1
392 497 1
392 951 1
392 510 1
392 804 1
392 922 1
393 408 1
393 532 1
393 951 1
393 790 1
393 933 1
393 528 1
393 620 1
394 446 1
394 585 1
394 999 1
394 709 1
394 671 1
394 942 1
394 812 1
394 944 1
394 864 1
394 731 1
394 525 1
394 442 1
395 820 1
395 971 1
395 406 1
395 507 1
395 921 1
395 834 1
395 435 1
395 948 1
395 751 1
395 729 1
395 645 1
395 509 1
395 653 1
395 619 1
395 560 1
396 726 1
396 501 1
396 685 1
396 689 1
396 882 1
396 696 1
396 866 1
396 584 1
396 670 1
396 760 1
396 981 1
396 818 1
397 941 1
397 925 1
397 682 1
397 469 1
397 860 1
397 826 1
397 830 1
397 605 1
397 434 1
397 767 1
397 486 1
397 620 1
397 492 1
397 902 1
397 466 1
397 473 1
398 886 1
398 666 1
398 786 1
398 447 1
398 589 1
398 774 1
398 780 1
398 775 1
398 479 1
398 858 1
398 495 1
398 553 1
398 550 1
399 554 1
399 918 1
399 823 1
399 818 1
399 913 1
399 535 1
399 736 1
399 648 1
399 937 1
399 525 1
400 781 1
400 670 1
400 607 1
400 502 1
401 687 1
401 878 1
401 751 1
401 611 1
401 719 1
401 713 1
402 859 1
402 772 1
402 580 1
402 657 1
402 748 1
402 583 1
402 492 1
402 520 1
402 470 1
402 619 1
402 715 1
402 482 1
402 581 1
402 446 1
402 819 1
402 804 1
402 962 1
403 486 1
403 916 1
403 646 1
403 607 1
403 710 1
403 825 1
403 985 1
403 447 1
403 462 1
403 457 1
403 836 1
403 664 1
403 562 1
404 599 1
404 687 1
404 983 1
404 621 1
404 781 1
404 637 1
404 784 1
404 923 1
404 480 1
404 801 1
404 448 1
404 809 1
404 547 1
404 507 1
404 903 1
404 852 1
404 993 1
405 719 1
405 521 1
405 696 1
405 974 1
405 427 1
405 800 1
406 887 1
406 975 1
406 530 1
406 898 1
406 568 1
406 701 1
406 958 1
406 744 1
406 688 1
406 463 1
406 934 1
406 589 1
406 633 1
406 907 1
406 471 1
406 911 1
406 437 1
407 611 1
407 887 1
407 556 1
407 722 1
407 922 1
407 616 1
407 888 1
407 524 1
407 730 1
407 767 1
407 412 1
407 436 1
407 947 1
408 809 1
408 490 1
408 908 1
408 633 1
408 553 1
408 939 1
408 701 1
408 727 1
408 413 1
409 571 1
409 838 1
409 705 1
409 942 1
409 982 1
409 503 1
409 740 1
409 547 1
409 815 1
409 803 1
409 666 1
409 928 1
409 918 1
409 509 1
409 537 1
410 550 1
410 597 1
410 579 1
410 610 1
410 730 1
410 760 1
410 537 1
410 508 1
410 635 1
411 677 1
411 686 1
411 786 1
411 450 1
411 959 1
411 776 1
411 414 1
411 613 1
411 703 1
411 993 1
411 678 1
411 655 1
411 499 1
412 684 1
412 437 1
412 587 1
412 636 1
412 649 1
412 493 1
412 991 1
412 439 1
412 707 1
412 487 1
412 751 1
412 497 1
412 814 1
412 824 1
412 896 1
412 754 1
412 860 1
412 846 1
413 840 1
413 743 1
413 991 1
413 698 1
413 870 1
413 712 1
413 968 1
413 922 1
413 940 1
413 760 1
413 515 1
413 850 1
413 645 1
414 470 1
414 473 1
414 489 1
414 809 1
414 818 1
415 975 1
415 935 1
415 461 1
415 445 1
415 919 1
415 982 1
415 576 1
415 843 1
415 922 1
415 766 1
416 668 1
416 901 1
416 610 1
416 530 1
416 431 1
416 604 1
416 683 1
416 549 1
416 784 1
416 496 1
416 722 1
416 790 1
416 545 1
417 575 1
417 658 1
417 758 1
417 632 1
417 859 1
417 604 1
417 814 1
417 491 1
417 679 1
417 704 1
417 496 1
417 884 1
418 455 1
418 743 1
418 902 1
418 803 1
418 425 1
418 872 1
418 847 1
418 723 1
418 968 1
418 530 1
418 718 1
418 870 1
419 976 1
419 608 1
419 579 1
419 490 1
419 735 1
419 919 1
419 452 1
419 525 1
419 914 1
419 504 1
419 447 1
419 814 1
419 450 1
419 920 1
419 783 1
419 640 1
419 593 1
419 904 1
420 553 1
420 612 1
420 550 1
420 682 1
420 890 1
420 994 1
420 681 1
420 631 1
421 932 1
421 913 1
421 618 1
421 690 1
421 744 1
421 424 1
421 717 1
421 942 1
422 775 1
422 654 1
422 502 1
422 980 1
422 826 1
422 805 1
422 899 1
422 687 1
422 932 1
422 566 1
422 745 1
422 660 1
422 836 1
422 975 1
422 793 1
422 671 1
423 976 1
423 949 1
423 789 1
423 876 1
423 586 1
423 592 1
423 688 1
423 608 1
423 565 1
423 958 1
423 693 1
423 979 1
423 428 1
424 804 1
424 517 1
424 574 1
424 832 1
424 442 1
424 637 1
424 439 1
424 835 1
424 509 1
424 568 1
424 740 1
424 981 1
424 481 1
425 676 1
425 626 1
425 514 1
425 747 1
425 739 1
425 777 1
425 823 1
425 432 1
425 510 1
425 885 1
425 771 1
425 641 1
425 763 1
425 504 1
426 941 1
426 930 1
426 808 1
426 692 1
426 837 1
426 640 1
426 709 1
426 961 1
426 788 1
426 696 1
426 485 1
426 645 1
427 856 1
427 547 1
427 934 1
427 882 1
427 456 1
427 696 1
427 801 1
427 787 1
427 618 1
427 890 1
427 879 1
427 674 1
427 445 1
427 518 1
427 517 1
427 876 1
428 636 1
428 929 1
428 673 1
428 560 1
428 501 1
428 890 1
428 662 1
428 610 1
428 838 1
428 661 1
428 669 1
428 589 1
428 492 1
428 617 1
428 773 1
429 534 1
429 827 1
429 914 1
429 566 1
429 440 1
429 554 1
429 851 1
429 633 1
429 567 1
429 885 1
429 976 1
429 857 1
429 785 1
430 692 1
430 921 1
430 540 1
430 572 1
430 933 1
431 821 1
431 538 1
431 897 1
431 652 1
431 570 1
431 845 1
431 506 1
431 914 1
432 780 1
432 535 1
432 503 1
432 578 1
432 450 1
432 564 1
432 521 1
432 924 1
432 528 1
432 545 1
432 741 1
433 613 1
433 799 1
433 452 1
433 981 1
433 862 1
433 502 1
433 497 1
433 999 1
433 771 1
434 719 1
434 467 1
434 654 1
434 689 1
434 501 1
434 827 1
434 460 1
434 955 1
434 539 1
434 791 1
435 702 1
435 967 1
435 871 1
435 897 1
435 757 1
435 590 1
435 929 1
435 451 1
436 995 1
436 739 1
436 581 1
436 788 1
436 701 1
436 702 1
436 588 1
436 880 1
437 438 1
437 718 1
437 982 1
437 924 1
437 812 1
437 519 1
437 537 1
437 768 1
437 928 1
437 669 1
437 463 1
437 893 1
437 862 1
437 801 1
438 770 1
438 440 1
438 561 1
438 993 1
438 661 1
438 443 1
438 664 1
438 757 1
439 750 1
439 629 1
439 681 1
439 613 1
439 955 1
439 903 1
439 879 1
439 994 1
439 616 1
439 540 1
439 675 1
439 887 1
439 562 1
439 734 1
439 936 1
440 652 1
440 732 1
440 981 1
440 615 1
440 624 1
440 498 1
440 913 1
440 939 1
441 575 1
441 718 1
441 952 1
441 820 1
441 927 1
441 944 1
441 982 1
441 464 1
441 743 1
441 943 1
442 462 1
442 693 1
442 641 1
442 549 1
442 807 1
442 854 1
442 818 1
442 934 1
442 658 1
442 916 1
442 948 1
442 827 1
443 833 1
443 924 1
443 641 1
443 678 1
443 963 1
443 899 1
443 474 1
443 747 1
443 811 1
444 464 1
444 520 1
444 999 1
444 806 1
444 832 1
444 796 1
444 998 1
444 727 1
444 462 1
444 890 1
444 711 1
445 830 1
445 967 1
445 504 1
445 770 1
445 798 1
445 679 1
446 743 1
446 549 1
446 796 1
446 564 1
446 572 1
446 794 1
447 856 1
447 807 1
447 970 1
447 545 1
447 963 1
447 639 1
447 469 1
447 539 1
447 871 1
447 663 1
448 454 1
448 960 1
448 809 1
448 943 1
448 871 1
448 665 1
448 945 1
448 661 1
448 807 1
448 908 1
448 713 1
449 779 1
449 605 1
449 869 1
449 705 1
449 584 1
449 924 1
449 971 1
449 468 1
449 618 1
449 960 1
450 814 1
450 828 1
450 893 1
450 765 1
450 504 1
450 961 1
450 803 1
451 803 1
451 724 1
451 643 1
451 536 1
451 656 1
451 490 1
451 781 1
451 464 1
452 949 1
452 637 1
452 468 1
452 798 1
452 750 1
452 493 1
452 836 1
452 581 1
453 763 1
453 968 1
453 498 1
453 787 1
453 470 1
453 597 1
453 832 1
453 799 1
453 636 1
453 794 1
454 854 1
454 952 1
454 742 1
454 551 1
454 767 1
454 651 1
454 798 1
454 920 1
454 754 1
454 461 1
454 715 1
455 943 1
455 590 1
455 831 1
455 999 1
455 828 1
455 735 1
455 617 1
455 526 1
455 914 1
455 878 1
455 709 1
455 965 1
456 694 1
456 667 1
456 550 1
456 847 1
456 656 1
456 927 1
456 683 1
456 814 1
456 565 1
456 709 1
456 903 1
457 788 1
457 939 1
457 686 1
457 804 1
457 603 1
458 913 1
458 999 1
458 583 1
458 581 1
458 962 1
458 867 1
458 562 1
458 661 1
458 498 1
458 966 1
458 622 1
458 687 1
458 781 1
458 660 1
459 927 1
459 479 1
459 777 1
459 553 1
459 526 1
459 904 1
459 756 1
459 569 1
459 790 1
459 861 1
459 720 1
459 936 1
459 832 1
459 744 1
459 660 1
459 772 1
459 535 1
459 732 1
459 726 1
459 572 1
459 857 1
459 789 1
459 801 1
460 710 1
460 982 1
460 738 1
460 835 1
460 511 1
460 587 1
460 919 1
460 782 1
460 981 1
460 571 1
461 608 1
461 555 1
461 547 1
461 983 1
461 618 1
461 816 1
461 645 1
461 980 1
461 670 1
461 779 1
461 771 1
461 899 1
461 916 1
461 510 1
462 503 1
462 803 1
462 767 1
462 991 1
462 553 1
462 506 1
462 819 1
462 678 1
463 950 1
463 975 1
463 567 1
463 933 1
463 733 1
463 880 1
463 666 1
463 488 1
463 834 1
463 615 1
463 651 1
463 868 1
463 672 1
463 545 1
464 804 1
464 600 1
464 826 1
464 978 1
464 706 1
464 621 1
464 490 1
464 511 1
464 799 1
464 640 1
465 611 1
465 643 1
465 592 1
465 502 1
465 844 1
465 799 1
465 709 1
465 797 1
465 615 1
465 991 1
465 946 1
465 624 1
466 698 1
466 502 1
466 638 1
466 522 1
466 755 1
466 752 1
466 753 1
466 981 1
466 964 1
467 634 1
467 932 1
467 647 1
467 908 1
467 831 1
467 894 1
467 835 1
467 952 1
467 809 1
467 877 1
467 485 1
467 496 1
467 864 1
468 680 1
468 599 1
468 695 1
468 535 1
468 992 1
468 728 1
468 558 1
469 819 1
469 751 1
469 592 1
469 533 1
469 874 1
469 730 1
469 720 1
469 809 1
470 893 1
470 632 1
470 827 1
470 529 1
470 680 1
470 634 1
470 931 1
470 885 1
470 950 1
470 943 1
470 688 1
470 484 1
470 967 1
471 881 1
471 475 1
471 813 1
471 516 1
471 798 1
471 528 1
471 984 1
471 980 1
471 873 1
471 753 1
471 663 1
471 999 1
472 711 1
472 603 1
472 954 1
472 894 1
472 929 1
472 687 1
472 998 1
472 667 1
472 642 1
472 996 1
473 861 1
473 561 1
473 908 1
473 618 1
473 680 1
473 823 1
473 697 1
473 694 1
473 509 1
473 773 1
473 995 1
474 520 1
474 855 1
474 842 1
474 669 1
474 575 1
474 866 1
474 641 1
474 741 1
474 723 1
474 614 1
474 990 1
474 967 1
474 905 1
474 528 1
474 887 1
474 789 1
475 809 1
475 639 1
475 793 1
475 680 1
475 723 1
475 522 1
475 924 1
476 575 1
476 618 1
476 480 1
476 914 1
476 817 1
476 599 1
476 590 1
476 794 1
476 972 1
476 505 1
476 703 1
476 830 1
476 479 1
476 540 1
477 994 1
477 692 1
477 516 1
477 621 1
477 595 1
477 943 1
477 820 1
477 886 1
477 592 1
477 945 1
477 874 1
477 999 1
477 581 1
477 637 1
477 605 1
477 510 1
477 954 1
477 944 1
477 670 1
478 868 1
478 951 1
478 822 1
478 581 1
478 799 1
478 573 1
479 900 1
479 695 1
479 697 1
479 509 1
479 816 1
479 704 1
479 656 1
480 847 1
480 534 1
480 507 1
480 522 1
480 927 1
480 871 1
480 742 1
480 724 1
480 590 1
480 688 1
480 777 1
480 663 1
480 866 1
481 557 1
481 625 1
481 853 1
481 489 1
481 674 1
481 810 1
481 545 1
481 991 1
481 974 1
481 705 1
482 584 1
482 513 1
482 552 1
482 993 1
482 946 1
482 519 1
482 880 1
482 922 1
482 776 1
483 842 1
483 612 1
483 933 1
483 940 1
483 845 1
483 647 1
483 621 1
483 985 1
483 923 1
484 677 1
484 852 1
484 604 1
484 497 1
484 488 1
484 808 1
484 624 1
484 638 1
484 926 1
484 894 1
485 867 1
485 844 1
485 851 1
485 610 1
485 561 1
485 868 1
485 759 1
485 636 1
485 603 1
485 884 1
485 930 1
486 674 1
486 837 1
486 751 1
486 731 1
486 891 1
487 894 1
487 956 1
487 924 1
487 782 1
487 788 1
487 575 1
487 949 1
487 892 1
488 829 1
488 1000 1
488 795 1
488 560 1
488 995 1
488 806 1
488 937 1
488 543 1
488 819 1
488 859 1
488 596 1
488 667 1
489 773 1
489 854 1
489 842 1
489 913 1
489 871 1
489 892 1
489 674 1
489 858 1
489 910 1
490 859 1
490 862 1
490 953 1
490 509 1
490 843 1
490 531 1
491 744 1
491 778 1
491 974 1
491 496 1
491 853 1
491 644 1
491 648 1
491 638 1
491 669 1
491 721 1
491 504 1
491 902 1
491 851 1
491 905 1
492 746 1
492 932 1
492 937 1
492 913 1
492 637 1
492 966 1
492 556 1
492 649 1
492 702 1
492 605 1
492 729 1
492 735 1
492 587 1
492 602 1
493 676 1
493 563 1
493 659 1
494 989 1
494 648 1
494 590 1
494 500 1
494 738 1
494 735 1
494 802 1
494 574 1
494 1000 1
494 946 1
495 515 1
495 547 1
495 747 1
495 838 1
495 860 1
495 945 1
495 936 1
495 565 1
495 927 1
495 645 1
495 765 1
495 989 1
496 533 1
496 950 1
496 908 1
496 910 1
496 643 1
496 633 1
496 775 1
496 712 1
496 698 1
496 971 1
496 733 1
496 797 1
496 903 1
496 738 1
496 588 1
496 959 1
496 695 1
496 692 1
497 779 1
497 749 1
497 858 1
497 990 1
497 648 1
497 598 1
497 558 1
497 604 1
497 675 1
497 554 1
498 874 1
498 691 1
498 544 1
499 654 1
499 957 1
499 730 1
499 659 1
499 703 1
499 852 1
499 609 1
499 506 1
499 906 1
499 926 1
499 834 1
500 724 1
500 988 1
500 819 1
500 600 1
500 517 1
500 829 1
500 764 1
500 871 1
500 645 1
500 930 1
500 703 1
500 978 1
501 844 1
501 905 1
501 825 1
501 628 1
501 889 1
501 600 1
501 722 1
501 897 1
502 978 1
502 701 1
502 555 1
502 789 1
502 993 1
502 625 1
502 731 1
502 628 1
502 938 1
502 842 1
502 823 1
502 595 1
503 728 1
503 558 1
503 590 1
503 978 1
503 605 1
503 564 1
504 879 1
504 751 1
504 912 1
504 864 1
504 717 1
504 631 1
504 745 1
504 575 1
504 857 1
504 703 1
504 978 1
504 616 1
504 529 1
504 976 1
504 833 1
505 984 1
505 986 1
505 706 1
505 970 1
505 739 1
505 511 1
505 676 1
505 749 1
505 524 1
506 887 1
506 722 1
506 715 1
506 879 1
506 617 1
506 543 1
506 976 1
506 626 1
506 548 1
506 705 1
506 706 1
506 910 1
506 558 1
506 692 1
506 616 1
507 898 1
507 645 1
507 993 1
507 513 1
507 691 1
507 748 1
508 567 1
508 846 1
508 698 1
508 605 1
508 875 1
508 629 1
508 952 1
508 617 1
508 892 1
508 666 1
509 941 1
509 876 1
509 538 1
509 514 1
509 604 1
509 515 1
509 733 1
509 943 1
509 919 1
509 874 1
509 572 1
509 796 1
509 974 1
509 600 1
509 756 1
510 896 1
510 640 1
510 869 1
510 922 1
511 619 1
512 628 1
512 670 1
512 991 1
512 555 1
512 807 1
513 708 1
513 915 1
513 700 1
513 706 1
513 572 1
513 517 1
513 800 1
513 771 1
514 770 1
514 936 1
514 835 1
514 790 1
514 810 1
514 702 1
514 682 1
514 979 1
515 692 1
515 909 1
515 901 1
515 529 1
515 767 1
515 882 1
515 920 1
515 665 1
515 542 1
515 951 1
515 539 1
515 595 1
516 573 1
516 536 1
516 987 1
516 996 1
516 858 1
516 534 1
516 690 1
516 872 1
517 903 1
517 521 1
517 995 1
517 785 1
517 669 1
518 535 1
518 725 1
518 567 1
518 583 1
518 926 1
518 760 1
518 611 1
519 947 1
519 574 1
519 902 1
519 607 1
519 784 1
519 881 1
519 749 1
519 982 1
519 984 1
519 669 1
520 967 1
520 758 1
520 1000 1
520 680 1
520 540 1
520 895 1
520 541 1
520 878 1
520 793 1
521 991 1
521 965 1
521 970 1
521 971 1
521 856 1
521 724 1
521 960 1
521 571 1
521 750 1
521 597 1
521 615 1
521 612 1
521 669 1
521 735 1
521 911 1
521 844 1
522 576 1
522 835 1
522 982 1
522 638 1
522 761 1
522 912 1
522 843 1
522 682 1
522 526 1
522 663 1
522 852 1
523 954 1
523 632 1
523 881 1
523 555 1
523 697 1
523 708 1
523 762 1
523 915 1
523 978 1
523 757 1
524 940 1
524 992 1
524 796 1
524 879 1
524 820 1
524 561 1
524 934 1
524 929 1
524 985 1
524 862 1
524 645 1
525 791 1
525 659 1
525 575 1
525 772 1
525 898 1
525 839 1
525 940 1
525 610 1
525 822 1
526 538 1
526 704 1
526 814 1
527 802 1
527 981 1
527 564 1
527 810 1
527 874 1
527 814 1
527 985 1
527 953 1
527 773 1
527 555 1
527 653 1
528 801 1
528 662 1
528 714 1
528 980 1
528 643 1
528 698 1
528 960 1
529 889 1
529 530 1
529 892 1
529 821 1
529 924 1
529 658 1
530 969 1
530 583 1
530 589 1
530 619 1
530 745 1
530 951 1
530 577 1
530 957 1
530 596 1
530 773 1
530 873 1
531 696 1
531 746 1
531 559 1
531 734 1
531 784 1
531 672 1
531 635 1
531 623 1
531 715 1
532 871 1
532 648 1
532 805 1
532 637 1
532 743 1
532 739 1
532 666 1
532 962 1
532 667 1
533 556 1
533 921 1
533 771 1
533 637 1
533 917 1
533 804 1
533 762 1
533 590 1
533 831 1
533 732 1
533 805 1
533 653 1
534 909 1
534 535 1
534 745 1
534 845 1
534 958 1
534 812 1
534 626 1
535 835 1
535 595 1
535 883 1
535 702 1
535 694 1
536 719 1
536 857 1
536 686 1
536 541 1
536 980 1
537 870 1
537 783 1
537 997 1
537 779 1
537 844 1
537 610 1
537 703 1
537 712 1
538 902 1
538 888 1
538 995 1
538 816 1
538 635 1
539 764 1
539 933 1
539 705 1
539 749 1
539 607 1
539 579 1
539 813 1
539 751 1
539 898 1
540 760 1
540 916 1
540 599 1
540 652 1
540 736 1
540 671 1
540 686 1
540 682 1
540 902 1
540 832 1
540 946 1
541 638 1
541 823 1
541 757 1
541 840 1
541 961 1
541 986 1
541 925 1
541 893 1
541 810 1
542 889 1
542 804 1
542 991 1
542 608 1
542 851 1
542 891 1
543 911 1
543 909 1
543 869 1
543 685 1
543 564 1
543 784 1
543 877 1
543 566 1
544 678 1
544 761 1
544 615 1
544 985 1
544 838 1
544 594 1
544 873 1
544 773 1
545 610 1
545 896 1
545 633 1
545 955 1
545 752 1
545 837 1
546 747 1
546 898 1
546 745 1
546 930 1
546 821 1
546 814 1
546 890 1
546 865 1
546 735 1
546 664 1
546 731 1
546 569 1
547 873 1
547 554 1
548 769 1
548 877 1
548 984 1
548 759 1
548 598 1
548 893 1
548 693 1
548 938 1
548 941 1
548 855 1
548 610 1
548 754 1
548 572 1
549 595 1
549 965 1
549 677 1
549 701 1
549 888 1
549 591 1
549 857 1
549 679 1
549 918 1
549 984 1
549 630 1
550 698 1
550 894 1
550 606 1
550 779 1
551 566 1
551 976 1
551 568 1
551 611 1
551 873 1
551 726 1
551 904 1
551 673 1
551 701 1
551 799 1
551 639 1
551 983 1
552 598 1
552 943 1
552 940 1
552 981 1
552 982 1
552 707 1
552 833 1
553 587 1
553 999 1
553 706 1
553 941 1
553 716 1
554 728 1
554 556 1
554 798 1
554 705 1
554 727 1
554 911 1
554 813 1
554 678 1
555 627 1
555 559 1
555 698 1
555 891 1
555 646 1
555 917 1
555 850 1
555 916 1
555 861 1
556 969 1
556 824 1
556 621 1
556 789 1
556 861 1
556 912 1
556 655 1
556 652 1
556 800 1
557 697 1
557 774 1
557 942 1
557 601 1
557 792 1
557 897 1
557 954 1
557 807 1
557 773 1
558 611 1
558 1000 1
558 802 1
558 730 1
558 936 1
558 566 1
558 858 1
559 949 1
559 609 1
559 957 1
559 794 1
559 799 1
559 608 1
559 590 1
560 716 1
560 979 1
561 791 1
561 966 1
561 962 1
561 694 1
561 724 1
561 689 1
561 747 1
561 662 1
561 781 1
561 937 1
561 949 1
562 826 1
562 650 1
562 977 1
562 747 1
562 801 1
562 914 1
562 866 1
562 943 1
562 751 1
562 754 1
563 614 1
563 779 1
563 585 1
563 735 1
564 656 1
564 691 1
564 801 1
564 850 1
564 907 1
564 706 1
564 791 1
564 602 1
565 671 1
565 955 1
565 801 1
565 851 1
565 891 1
565 688 1
566 907 1
566 974 1
566 704 1
566 786 1
566 626 1
566 897 1
566 594 1
566 572 1
566 921 1
566 659 1
566 636 1
566 773 1
567 826 1
567 809 1
567 856 1
567 967 1
567 635 1
567 621 1
567 944 1
567 600 1
568 588 1
568 695 1
568 878 1
568 927 1
568 922 1
568 935 1
568 882 1
568 642 1
568 632 1
568 596 1
568 626 1
568 949 1
569 794 1
569 619 1
569 954 1
569 608 1
569 720 1
569 942 1
569 737 1
569 889 1
570 706 1
570 695 1
570 704 1
570 813 1
570 821 1
570 606 1
570 708 1
570 732 1
570 988 1
571 649 1
571 989 1
571 958 1
571 982 1
571 983 1
572 960 1
572 708 1
572 864 1
572 839 1
572 742 1
572 890 1
572 599 1
573 625 1
573 876 1
573 1000 1
573 856 1
574 950 1
574 896 1
574 591 1
574 686 1
574 722 1
574 714 1
575 665 1
575 922 1
575 869 1
575 886 1
575 966 1
575 725 1
575 718 1
575 849 1
576 745 1
576 595 1
576 618 1
576 879 1
577 788 1
577 613 1
577 603 1
577 586 1
577 805 1
577 634 1
577 874 1
577 696 1
577 775 1
578 607 1
578 686 1
578 810 1
578 751 1
578 772 1
578 583 1
579 860 1
579 766 1
579 845 1
579 772 1
579 849 1
579 628 1
579 697 1
579 938 1
579 753 1
579 869 1
579 874 1
580 591 1
580 815 1
580 692 1
580 814 1
580 864 1
580 739 1
580 781 1
581 736 1
581 664 1
581 799 1
581 604 1
581 636 1
581 659 1
581 788 1
582 667 1
582 996 1
582 746 1
582 680 1
582 942 1
582 822 1
582 633 1
582 694 1
582 785 1
582 946 1
582 631 1
582 799 1
582 621 1
582 928 1
583 767 1
583 926 1
583 949 1
583 928 1
583 623 1
583 648 1
583 958 1
583 786 1
583 647 1
583 763 1
583 690 1
584 933 1
584 977 1
584 640 1
584 958 1
584 869 1
584 739 1
584 769 1
584 928 1
584 885 1
585 819 1
585 653 1
585 603 1
585 807 1
585 589 1
586 946 1
586 856 1
586 953 1
586 952 1
586 658 1
586 831 1
586 829 1
586 647 1
586 841 1
587 647 1
587 806 1
587 954 1
587 994 1
587 843 1
588 620 1
588 719 1
588 644 1
588 784 1
588 766 1
588 625 1
588 914 1
588 920 1
588 850 1
588 811 1
588 618 1
589 869 1
589 634 1
589 735 1
589 715 1
589 719 1
589 968 1
590 783 1
590 746 1
590 825 1
590 910 1
590 953 1
590 802 1
590 738 1
590 878 1
590 897 1
590 635 1
590 644 1
590 642 1
590 600 1
590 595 1
591 886 1
591 767 1
591 894 1
591 691 1
591 896 1
591 841 1
591 641 1
591 690 1
591 968 1
591 987 1
592 825 1
592 737 1
592 606 1
592 639 1
592 754 1
592 822 1
593 917 1
593 877 1
593 617 1
593 608 1
593 627 1
593 722 1
594 631 1
594 677 1
594 754 1
594 605 1
594 668 1
594 706 1
595 877 1
595 645 1
595 880 1
595 953 1
595 730 1
595 654 1
595 945 1
595 644 1
595 904 1
596 921 1
596 858 1
596 908 1
596 773 1
596 905 1
596 828 1
596 768 1
596 963 1
596 749 1
597 626 1
597 870 1
597 903 1
597 945 1
597 810 1
597 961 1
597 807 1
597 977 1
597 629 1
597 605 1
597 990 1
597 980 1
598 639 1
598 836 1
598 838 1
598 997 1
598 803 1
599 745 1
599 796 1
599 908 1
599 738 1
599 961 1
599 899 1
599 932 1
599 734 1
600 905 1
600 796 1
600 896 1
600 876 1
600 652 1
600 645 1
600 660 1
600 646 1
600 808 1
600 910 1
600 694 1
600 788 1
601 858 1
601 667 1
601 874 1
601 687 1
602 735 1
602 866 1
602 789 1
602 745 1
602 904 1
602 637 1
603 695 1
603 765 1
603 962 1
603 822 1
603 750 1
603 908 1
603 611 1
603 903 1
603 985 1
603 843 1
604 794 1
604 658 1
604 960 1
604 945 1
604 934 1
604 857 1
604 621 1
604 845 1
604 757 1
604 638 1
604 955 1
604 818 1
605 809 1
605 769 1
605 827 1
605 868 1
605 892 1
605 674 1
605 999 1
605 813 1
605 952 1
605 681 1
605 684 1
605 650 1
605 784 1
606 904 1
606 619 1
606 692 1
607 929 1
607 923 1
607 725 1
607 618 1
607 712 1
607 779 1
608 764 1
608 792 1
608 620 1
608 943 1
608 731 1
608 968 1
608 818 1
608 846 1
608 738 1
608 962 1
608 862 1
608 754 1
608 911 1
608 902 1
608 781 1
609 867 1
609 637 1
609 919 1
609 651 1
609 673 1
609 882 1
609 722 1
610 756 1
610 977 1
610 680 1
611 818 1
611 892 1
611 722 1
611 750 1
611 675 1
611 866 1
611 761 1
611 667 1
611 859 1
611 887 1
611 757 1
612 689 1
612 870 1
612 988 1
612 762 1
612 814 1
612 682 1
612 692 1
612 725 1
612 857 1
612 943 1
613 632 1
613 885 1
613 897 1
613 884 1
613 875 1
613 912 1
613 651 1
613 899 1
613 831 1
613 796 1
613 677 1
614 758 1
614 931 1
614 765 1
614 766 1
614 689 1
614 878 1
615 625 1
615 993 1
615 938 1
615 738 1
615 804 1
615 975 1
615 792 1
615 943 1
615 657 1
615 731 1
615 951 1
615 927 1
616 772 1
616 760 1
616 979 1
616 867 1
616 901 1
617 645 1
617 839 1
617 996 1
617 878 1
617 923 1
617 925 1
617 807 1
617 643 1
617 810 1
617 982 1
618 897 1
618 953 1
618 715 1
618 753 1
618 752 1
619 933 1
619 730 1
619 663 1
619 646 1
619 961 1
619 954 1
619 834 1
619 930 1
620 645 1
620 885 1
620 624 1
620 973 1
620 997 1
620 630 1
620 818 1
620 773 1
621 654 1
621 822 1
621 686 1
621 722 1
621 944 1
621 720 1
621 660 1
621 806 1
621 885 1
621 887 1
621 634 1
621 803 1
622 733 1
622 786 1
622 714 1
622 972 1
622 726 1
622 926 1
622 719 1
622 793 1
622 965 1
622 941 1
622 796 1
622 795 1
623 720 1
623 995 1
623 946 1
623 977 1
623 741 1
623 814 1
623 813 1
623 737 1
624 964 1
624 877 1
624 983 1
624 895 1
624 835 1
624 967 1
625 880 1
625 993 1
625 958 1
625 840 1
625 827 1
625 760 1
626 933 1
626 909 1
627 720 1
627 972 1
627 979 1
627 952 1
627 700 1
628 849 1
628 997 1
628 894 1
628 688 1
628 936 1
628 690 1
629 639 1
629 921 1
629 943 1
630 934 1
630 820 1
630 767 1
630 760 1
630 968 1
630 669 1
630 993 1
630 935 1
630 680 1
631 843 1
631 808 1
631 964 1
631 839 1
631 752 1
631 859 1
631 641 1
631 723 1
631 741 1
632 821 1
632 763 1
632 960 1
632 836 1
632 994 1
632 988 1
632 926 1
632 942 1
632 899 1
632 728 1
632 802 1
633 710 1
633 639 1
633 953 1
633 868 1
633 751 1
633 691 1
633 663 1
634 829 1
634 941 1
634 710 1
634 921 1
634 835 1
634 685 1
634 717 1
634 796 1
634 800 1
634 660 1
635 795 1
635 850 1
635 642 1
635 861 1
635 675 1
635 989 1
635 958 1
635 969 1
635 799 1
635 916 1
635 757 1
635 844 1
635 999 1
635 975 1
636 805 1
636 771 1
636 910 1
636 770 1
636 766 1
636 809 1
636 798 1
637 776 1
637 981 1
637 815 1
637 895 1
637 663 1
637 835 1
638 843 1
638 965 1
638 888 1
638 901 1
638 820 1
638 679 1
638 767 1
638 907 1
638 804 1
638 977 1
639 651 1
639 705 1
639 764 1
639 721 1
639 925 1
639 847 1
639 643 1
639 694 1
640 811 1
640 996 1
640 989 1
640 962 1
640 881 1
640 919 1
640 749 1
640 752 1
640 888 1
640 687 1
641 650 1
641 696 1
641 754 1
641 764 1
641 970 1
641 904 1
641 812 1
641 908 1
642 905 1
642 756 1
642 781 1
642 653 1
642 824 1
642 744 1
642 720 1
642 776 1
642 676 1
643 752 1
643 678 1
643 923 1
643 778 1
643 870 1
643 927 1
643 767 1
643 900 1
643 658 1
644 682 1
644 978 1
644 708 1
644 695 1
644 730 1
644 710 1
644 859 1
644 757 1
644 872 1
644 776 1
644 795 1
645 704 1
645 993 1
645 841 1
645 825 1
645 902 1
645 848 1
645 852 1
645 711 1
645 787 1
645 672 1
645 811 1
645 733 1
645 904 1
645 995 1
646 982 1
646 773 1
646 744 1
646 729 1
646 693 1
646 970 1
646 846 1
646 936 1
646 979 1
646 801 1
647 743 1
647 660 1
647 901 1
648 778 1
648 987 1
648 758 1
648 884 1
648 726 1
648 903 1
648 820 1
649 761 1
649 874 1
649 700 1
649 853 1
649 961 1
649 806 1
649 900 1
649 919 1
649 718 1
649 699 1
649 872 1
650 821 1
650 948 1
650 939 1
650 891 1
650 672 1
650 946 1
650 863 1
650 938 1
650 844 1
650 699 1
651 658 1
651 827 1
651 967 1
651 768 1
651 914 1
651 719 1
651 733 1
652 922 1
652 734 1
652 836 1
652 843 1
652 965 1
652 847 1
652 668 1
652 698 1
653 706 1
653 761 1
653 838 1
653 846 1
653 691 1
653 729 1
653 654 1
654 831 1
654 939 1
654 886 1
654 753 1
654 775 1
655 873 1
655 931 1
655 706 1
655 719 1
655 955 1
655 712 1
655 754 1
655 935 1
656 981 1
656 674 1
656 997 1
657 972 1
657 884 1
657 913 1
657 956 1
657 704 1
657 758 1
657 699 1
657 690 1
657 806 1
658 803 1
658 879 1
658 764 1
658 807 1
658 689 1
659 732 1
659 752 1
659 712 1
659 969 1
660 975 1
660 671 1
660 906 1
660 808 1
660 810 1
661 960 1
661 896 1
661 857 1
661 872 1
661 746 1
662 977 1
662 993 1
662 709 1
662 752 1
662 833 1
663 994 1
663 879 1
663 724 1
663 674 1
664 760 1
664 960 1
664 880 1
665 716 1
665 860 1
665 669 1
665 753 1
665 883 1
666 848 1
666 767 1
666 680 1
666 708 1
666 936 1
666 810 1
666 844 1
666 984 1
666 732 1
667 670 1
667 955 1
667 791 1
667 761 1
667 754 1
667 947 1
667 830 1
667 856 1
668 863 1
668 962 1
668 936 1
668 946 1
668 922 1
668 866 1
669 980 1
669 917 1
669 755 1
669 866 1
670 832 1
670 801 1
670 911 1
670 673 1
670 846 1
670 945 1
670 805 1
670 980 1
671 818 1
671 674 1
671 815 1
671 796 1
671 880 1
671 719 1
671 850 1
671 703 1
672 970 1
672 860 1
672 834 1
672 702 1
672 685 1
672 956 1
672 689 1
673 947 1
673 700 1
673 839 1
673 779 1
673 760 1
673 907 1
673 692 1
673 782 1
673 698 1
673 932 1
673 776 1
674 769 1
674 858 1
674 733 1
674 913 1
674 687 1
674 753 1
674 819 1
674 682 1
675 831 1
675 826 1
675 984 1
675 824 1
675 763 1
676 971 1
676 942 1
676 748 1
676 820 1
676 799 1
676 884 1
677 834 1
677 766 1
677 958 1
677 994 1
677 887 1
678 829 1
678 806 1
679 850 1
679 860 1
679 904 1
679 686 1
679 821 1
679 705 1
680 801 1
680 909 1
680 769 1
680 729 1
680 900 1
680 695 1
680 780 1
680 723 1
680 919 1
680 911 1
681 825 1
681 691 1
681 688 1
681 705 1
681 860 1
682 715 1
682 955 1
682 982 1
682 972 1
682 994 1
683 935 1
683 859 1
683 810 1
683 732 1
683 802 1
684 800 1
684 931 1
684 958 1
684 780 1
684 945 1
685 726 1
685 987 1
685 887 1
685 876 1
685 882 1
685 929 1
685 778 1
685 742 1
685 786 1
686 939 1
687 970 1
687 959 1
687 876 1
687 830 1
687 696 1
687 997 1
687 977 1
688 713 1
688 703 1
688 909 1
688 996 1
688 908 1
688 851 1
688 827 1
689 766 1
689 996 1
689 895 1
689 842 1
689 973 1
690 830 1
690 947 1
690 810 1
690 833 1
691 924 1
691 777 1
691 743 1
691 771 1
691 1000 1
691 901 1
692 985 1
692 988 1
692 792 1
692 951 1
692 879 1
693 928 1
693 991 1
693 722 1
693 921 1
694 995 1
694 886 1
694 838 1
694 708 1
695 800 1
695 757 1
695 851 1
695 747 1
695 903 1
695 980 1
695 805 1
696 805 1
696 701 1
696 946 1
696 925 1
696 845 1
696 857 1
696 951 1
697 973 1
697 716 1
698 942 1
698 734 1
698 776 1
698 789 1
699 825 1
699 993 1
699 819 1
699 708 1
700 742 1
700 851 1
700 825 1
700 841 1
700 784 1
700 707 1
701 887 1
701 853 1
702 741 1
702 706 1
702 987 1
703 799 1
703 846 1
703 869 1
703 873 1
703 832 1
703 922 1
703 793 1
703 984 1
703 941 1
703 785 1
703 978 1
703 892 1
703 946 1
704 854 1
704 738 1
704 848 1
704 758 1
704 867 1
705 806 1
705 977 1
705 725 1
705 886 1
705 838 1
705 898 1
705 892 1
705 823 1
705 730 1
706 827 1
706 790 1
706 908 1
706 848 1
707 820 1
707 897 1
707 992 1
707 791 1
707 948 1
707 804 1
707 722 1
707 827 1
708 745 1
708 958 1
708 878 1
708 995 1
708 920 1
708 982 1
708 930 1
709 872 1
709 716 1
709 861 1
709 713 1
709 930 1
709 971 1
709 792 1
709 795 1
710 772 1
710 960 1
710 762 1
710 908 1
710 997 1
711 755 1
711 791 1
711 878 1
712 999 1
712 785 1
712 842 1
712 869 1
712 794 1
712 872 1
713 834 1
713 863 1
713 795 1
713 825 1
713 999 1
714 959 1
714 825 1
714 883 1
714 958 1
714 899 1
714 873 1
714 738 1
714 834 1
714 917 1
714 999 1
715 791 1
715 794 1
715 735 1
715 933 1
715 913 1
715 835 1
715 996 1
716 906 1
716 919 1
716 772 1
716 938 1
716 825 1
716 892 1
716 929 1
717 762 1
717 821 1
717 895 1
718 890 1
719 834 1
719 728 1
719 742 1
719 864 1
720 859 1
720 943 1
721 831 1
721 966 1
721 862 1
721 762 1
721 772 1
721 986 1
721 821 1
721 896 1
721 866 1
722 946 1
722 864 1
722 974 1
723 774 1
723 740 1
723 868 1
723 750 1
723 922 1
723 974 1
723 731 1
723 859 1
724 926 1
724 855 1
724 866 1
725 762 1
725 962 1
726 842 1
726 739 1
727 986 1
727 892 1
727 808 1
727 847 1
727 931 1
728 754 1
728 887 1
728 875 1
728 751 1
728 746 1
728 758 1
728 947 1
728 975 1
729 1000 1
729 890 1
729 767 1
729 903 1
729 959 1
729 738 1
729 859 1
729 939 1
729 947 1
729 937 1
730 907 1
730 990 1
730 825 1
730 992 1
731 954 1
731 871 1
731 941 1
731 921 1
731 772 1
732 845 1
732 858 1
732 965 1
732 923 1
732 922 1
732 754 1
733 817 1
733 884 1
733 753 1
733 863 1
733 970 1
733 961 1
733 769 1
733 885 1
733 851 1
733 754 1
734 892 1
734 972 1
734 821 1
734 752 1
734 803 1
734 897 1
734 987 1
734 846 1
735 908 1
735 831 1
736 772 1
736 750 1
736 847 1
736 845 1
736 966 1
736 820 1
737 860 1
737 826 1
737 919 1
738 739 1
738 769 1
738 899 1
738 743 1
738 961 1
738 821 1
738 975 1
739 812 1
739 744 1
739 805 1
739 821 1
739 869 1
739 749 1
739 980 1
739 897 1
739 753 1
740 933 1
740 874 1
740 816 1
740 763 1
741 822 1
741 824 1
741 853 1
741 765 1
741 752 1
741 847 1
741 936 1
742 887 1
742 774 1
742 895 1
742 776 1
743 906 1
743 805 1
743 746 1
743 960 1
743 808 1
743 811 1
743 856 1
744 776 1
744 929 1
744 901 1
744 815 1
744 916 1
745 908 1
745 788 1
745 850 1
745 883 1
745 911 1
746 846 1
746 855 1
746 997 1
746 798 1
746 771 1
747 959 1
748 784 1
748 983 1
748 926 1
749 813 1
749 867 1
749 880 1
749 800 1
749 779 1
749 827 1
749 766 1
750 923 1
750 998 1
750 907 1
750 953 1
750 959 1
751 852 1
751 908 1
751 759 1
751 930 1
751 956 1
752 907 1
752 753 1
752 984 1
752 773 1
752 791 1
752 757 1
752 968 1
752 843 1
753 999 1
753 904 1
754 883 1
754 916 1
754 891 1
754 769 1
754 903 1
755 945 1
755 836 1
755 989 1
755 855 1
756 877 1
756 939 1
756 828 1
756 929 1
756 854 1
756 838 1
756 847 1
756 818 1
756 915 1
756 868 1
757 967 1
757 969 1
757 989 1
757 849 1
758 799 1
758 995 1
759 940 1
759 808 1
759 920 1
759 956 1
759 832 1
759 806 1
759 815 1
760 983 1
760 992 1
760 898 1
760 769 1
760 806 1
760 794 1
760 908 1
761 982 1
761 855 1
761 883 1
761 847 1
761 765 1
761 914 1
761 889 1
762 918 1
762 788 1
762 772 1
762 789 1
762 950 1
762 873 1
762 997 1
762 804 1
763 887 1
763 921 1
763 781 1
763 824 1
763 948 1
764 891 1
764 881 1
764 824 1
764 922 1
764 876 1
764 800 1
764 950 1
764 785 1
764 957 1
765 852 1
765 865 1
765 897 1
765 953 1
766 896 1
766 900 1
766 986 1
767 840 1
767 921 1
767 868 1
767 905 1
768 944 1
768 833 1
768 890 1
768 852 1
768 810 1
769 796 1
769 772 1
769 800 1
769 978 1
770 969 1
770 982 1
771 884 1
771 828 1
771 903 1
772 847 1
772 773 1
772 935 1
773 899 1
773 833 1
773 877 1
773 805 1
773 834 1
773 797 1
773 800 1
774 986 1
774 949 1
774 918 1
774 999 1
774 804 1
774 981 1
774 846 1
774 937 1
775 786 1
775 889 1
775 972 1
775 878 1
776 788 1
776 858 1
776 925 1
776 985 1
777 991 1
777 943 1
777 866 1
777 930 1
777 838 1
778 780 1
778 871 1
778 792 1
778 883 1
778 831 1
779 821 1
779 789 1
779 809 1
779 959 1
780 806 1
780 913 1
780 861 1
781 800 1
781 809 1
781 815 1
781 932 1
781 928 1
783 825 1
783 854 1
783 961 1
783 791 1
783 901 1
783 889 1
783 967 1
783 888 1
783 793 1
784 819 1
784 959 1
784 979 1
784 974 1
785 833 1
785 948 1
785 848 1
786 920 1
786 883 1
786 829 1
786 940 1
787 938 1
787 801 1
787 839 1
787 924 1
787 972 1
787 1000 1
788 789 1
788 926 1
788 984 1
788 937 1
788 963 1
788 807 1
789 981 1
789 979 1
789 976 1
789 906 1
789 793 1
789 821 1
790 930 1
790 985 1
790 955 1
790 953 1
790 851 1
790 961 1
791 925 1
791 882 1
791 865 1
791 999 1
791 899 1
791 966 1
792 936 1
792 810 1
792 903 1
792 822 1
793 849 1
793 833 1
793 877 1
793 974 1
794 965 1
794 980 1
794 933 1
795 988 1
796 983 1
796 883 1
796 851 1
796 819 1
797 990 1
797 987 1
797 967 1
797 860 1
797 904 1
798 969 1
798 945 1
798 886 1
798 808 1
798 812 1
799 933 1
799 974 1
799 826 1
799 861 1
799 853 1
800 889 1
801 806 1
801 820 1
801 987 1
801 931 1
802 844 1
802 862 1
802 987 1
803 817 1
803 907 1
803 880 1
803 805 1
803 814 1
803 863 1
804 978 1
804 981 1
804 848 1
804 935 1
805 974 1
805 931 1
805 881 1
805 909 1
806 943 1
806 981 1
806 831 1
806 861 1
806 888 1
807 863 1
807 892 1
807 834 1
807 972 1
809 818 1
810 952 1
810 882 1
810 892 1
810 914 1
811 992 1
811 976 1
811 863 1
811 883 1
812 991 1
812 904 1
813 987 1
813 945 1
813 831 1
813 920 1
814 962 1
814 858 1
814 966 1
815 884 1
815 993 1
815 946 1
815 864 1
816 825 1
816 970 1
816 907 1
816 951 1
816 886 1
816 957 1
817 944 1
817 995 1
817 925 1
818 819 1
818 903 1
819 825 1
819 979 1
819 955 1
819 951 1
820 973 1
820 849 1
820 946 1
821 825 1
821 986 1
821 833 1
822 835 1
822 927 1
822 829 1
822 988 1
823 869 1
823 983 1
823 871 1
823 966 1
823 976 1
823 900 1
824 940 1
824 850 1
824 829 1
824 900 1
825 902 1
825 835 1
826 894 1
826 828 1
826 921 1
827 925 1
827 980 1
827 867 1
827 858 1
828 921 1
828 978 1
828 949 1
828 975 1
828 995 1
829 866 1
829 932 1
830 843 1
830 889 1
830 882 1
831 934 1
831 845 1
831 956 1
832 926 1
832 978 1
833 931 1
834 851 1
834 865 1
834 897 1
834 908 1
835 844 1
835 889 1
836 913 1
836 946 1
836 987 1
837 978 1
837 941 1
837 969 1
837 908 1
838 878 1
838 896 1
838 932 1
838 875 1
839 964 1
839 983 1
839 924 1
839 841 1
840 892 1
840 997 1
840 903 1
840 890 1
840 975 1
840 950 1
841 988 1
841 982 1
841 884 1
841 851 1
841 984 1
841 998 1
842 926 1
843 923 1
843 867 1
843 974 1
843 968 1
844 857 1
844 958 1
845 928 1
846 872 1
847 929 1
847 904 1
848 935 1
848 917 1
848 863 1
849 865 1
849 980 1
849 886 1
849 908 1
849 969 1
849 929 1
850 939 1
850 942 1
851 998 1
851 967 1
851 964 1
851 921 1
851 916 1
852 905 1
852 858 1
852 878 1
852 862 1
853 922 1
853 885 1
853 1000 1
853 920 1
854 941 1
854 967 1
854 922 1
854 955 1
854 983 1
854 897 1
854 866 1
854 962 1
855 969 1
855 988 1
855 940 1
856 979 1
857 862 1
857 994 1
858 868 1
858 885 1
858 934 1
858 969 1
858 906 1
858 937 1
859 940 1
860 916 1
860 979 1
860 874 1
861 887 1
861 913 1
862 972 1
862 924 1
862 873 1
863 980 1
863 928 1
863 947 1
864 925 1
864 944 1
864 885 1
864 993 1
866 957 1
866 890 1
867 912 1
867 934 1
868 909 1
869 970 1
870 895 1
870 989 1
873 980 1
873 955 1
874 936 1
874 941 1
874 908 1
875 931 1
875 895 1
875 916 1
876 879 1
876 880 1
877 985 1
877 998 1
877 978 1
878 936 1
878 999 1
879 890 1
879 940 1
879 904 1
880 988 1
881 944 1
881 972 1
882 966 1
882 917 1
883 899 1
883 969 1
884 941 1
884 984 1
885 890 1
885 939 1
885 927 1
887 938 1
888 975 1
889 941 1
890 984 1
890 939 1
892 966 1
892 954 1
892 900 1
893 935 1
893 986 1
894 962 1
894 978 1
894 972 1
894 899 1
895 947 1
895 937 1
896 905 1
896 969 1
896 955 1
897 929 1
897 900 1
897 915 1
897 981 1
899 934 1
899 990 1
899 901 1
899 949 1
900 970 1
900 932 1
900 982 1
900 983 1
900 998 1
900 954 1
901 954 1
902 904 1
902 962 1
902 952 1
902 938 1
903 988 1
904 922 1
906 921 1
906 998 1
906 999 1
906 968 1
907 977 1
907 913 1
908 934 1
909 993 1
909 944 1
910 923 1
910 996 1
910 967 1
911 968 1
912 963 1
912 973 1
913 980 1
916 941 1
916 954 1
917 955 1
917 947 1
919 964 1
919 990 1
919 972 1
921 957 1
922 974 1
922 989 1
924 985 1
924 954 1
924 946 1
925 949 1
925 951 1
925 956 1
925 939 1
927 964 1
927 965 1
928 953 1
928 990 1
929 955 1
929 979 1
930 964 1
930 983 1
931 946 1
933 981 1
935 991 1
936 987 1
937 999 1
937 988 1
937 941 1
938 977 1
939 951 1
943 945 1
943 971 1
944 973 1
946 975 1
948 972 1
950 964 1
951 952 1
953 966 1
955 958 1
956 997 1
960 986 1
961 985 1
963 995 1
965 990 1
965 998 1
966 989 1
969 974 1
970 992 1
973 995 1
978 983 1
982 984 1
985 999 1
985 987 1
985 986 1
986 987 1
987 989 1
993 1000 1
997 998 1
