1000 9990 
1 618 1
1 487 1
1 15 1
1 571 1
1 277 1
1 166 1
1 10 1
1 869 1
1 107 1
1 747 1
1 794 1
1 793 1
1 373 1
1 427 1
1 456 1
1 341 1
1 190 1
1 501 1
1 98 1
1 670 1
1 521 1
2 461 1
2 800 1
2 937 1
2 691 1
2 192 1
2 944 1
2 112 1
2 818 1
2 380 1
2 664 1
2 610 1
2 369 1
2 439 1
2 825 1
2 289 1
2 148 1
2 742 1
2 869 1
2 290 1
2 711 1
2 979 1
2 791 1
2 908 1
2 482 1
2 77 1
2 279 1
2 377 1
3 684 1
3 719 1
3 291 1
3 226 1
3 141 1
3 520 1
3 376 1
3 234 1
3 382 1
3 51 1
3 85 1
3 743 1
3 779 1
3 319 1
3 851 1
3 338 1
3 531 1
3 157 1
3 627 1
3 307 1
3 896 1
3 590 1
3 34 1
4 743 1
4 282 1
4 888 1
4 674 1
4 164 1
4 738 1
4 97 1
4 21 1
4 578 1
4 819 1
4 586 1
4 782 1
4 327 1
4 974 1
4 796 1
4 146 1
4 870 1
4 347 1
4 58 1
4 469 1
4 162 1
4 490 1
4 940 1
4 524 1
4 583 1
4 846 1
5 968 1
5 470 1
5 427 1
5 607 1
5 425 1
5 483 1
5 949 1
5 620 1
5 331 1
5 530 1
5 144 1
5 614 1
5 601 1
5 811 1
5 543 1
5 866 1
5 857 1
5 269 1
5 204 1
5 542 1
6 360 1
6 701 1
6 26 1
6 636 1
6 471 1
6 355 1
6 631 1
6 488 1
6 893 1
6 767 1
6 616 1
6 100 1
6 328 1
6 438 1
6 529 1
6 943 1
6 554 1
6 302 1
6 197 1
6 501 1
6 119 1
7 774 1
7 753 1
7 528 1
7 334 1
7 811 1
7 372 1
7 601 1
7 382 1
7 226 1
7 727 1
7 304 1
7 80 1
7 933 1
7 989 1
7 461 1
7 30 1
7 738 1
7 276 1
7 9 1
7 73 1
8 135 1
8 313 1
8 331 1
8 994 1
8 35 1
8 859 1
8 271 1
8 490 1
8 441 1
8 399 1
8 408 1
9 116 1
9 143 1
9 561 1
9 862 1
9 153 1
9 213 1
9 482 1
9 298 1
9 948 1
9 360 1
9 158 1
9 800 1
9 390 1
9 717 1
9 261 1
9 102 1
9 700 1
9 250 1
9 273 1
9 661 1
10 503 1
10 218 1
10 128 1
10 529 1
10 38 1
10 61 1
10 149 1
10 855 1
10 985 1
10 600 1
10 310 1
10 969 1
10 917 1
10 344 1
10 278 1
10 358 1
10 763 1
10 970 1
10 958 1
11 711 1
11 227 1
11 582 1
11 505 1
11 593 1
11 981 1
11 506 1
11 949 1
11 307 1
11 854 1
11 758 1
11 195 1
11 873 1
11 363 1
11 476 1
11 13 1
11 443 1
11 951 1
12 829 1
12 662 1
12 289 1
12 180 1
12 148 1
12 414 1
12 109 1
12 224 1
12 924 1
12 100 1
12 173 1
12 60 1
12 37 1
12 256 1
12 961 1
12 518 1
12 381 1
12 691 1
12 409 1
13 938 1
13 349 1
13 859 1
13 343 1
13 457 1
13 156 1
13 787 1
13 341 1
13 206 1
13 350 1
13 551 1
13 771 1
13 759 1
13 560 1
13 741 1
13 347 1
13 933 1
14 936 1
14 967 1
14 365 1
14 612 1
14 301 1
14 550 1
14 199 1
14 744 1
14 585 1
14 730 1
14 833 1
14 693 1
14 842 1
14 214 1
14 30 1
14 176 1
14 848 1
14 816 1
14 970 1
14 298 1
14 564 1
14 512 1
14 425 1
15 837 1
15 155 1
15 131 1
15 334 1
15 903 1
15 821 1
15 338 1
15 491 1
15 66 1
15 764 1
15 620 1
15 544 1
15 703 1
15 352 1
15 468 1
15 546 1
15 49 1
15 691 1
15 533 1
15 685 1
15 982 1
15 204 1
16 812 1
16 515 1
16 825 1
16 969 1
16 578 1
16 495 1
16 960 1
16 592 1
16 340 1
16 257 1
16 908 1
16 319 1
16 887 1
16 188 1
16 494 1
16 850 1
16 442 1
16 334 1
16 268 1
17 130 1
17 748 1
17 461 1
17 317 1
17 980 1
17 275 1
17 422 1
17 582 1
17 69 1
17 437 1
17 453 1
17 999 1
17 146 1
17 897 1
18 400 1
18 909 1
18 81 1
18 626 1
18 985 1
18 518 1
18 782 1
18 221 1
18 771 1
18 172 1
18 687 1
18 200 1
18 750 1
18 427 1
18 651 1
18 684 1
18 699 1
18 578 1
18 30 1
18 632 1
18 276 1
18 53 1
18 90 1
18 845 1
18 900 1
18 561 1
19 471 1
19 741 1
19 614 1
19 469 1
19 512 1
19 87 1
19 282 1
19 534 1
19 816 1
19 987 1
19 852 1
19 316 1
19 940 1
19 84 1
19 46 1
19 247 1
19 780 1
19 982 1
19 390 1
19 515 1
19 604 1
20 321 1
20 918 1
20 404 1
20 755 1
20 757 1
20 95 1
20 104 1
20 862 1
20 903 1
20 926 1
20 612 1
20 676 1
20 356 1
20 245 1
20 873 1
20 943 1
21 131 1
21 764 1
21 92 1
21 519 1
21 536 1
21 98 1
21 658 1
21 224 1
21 263 1
21 102 1
21 372 1
21 512 1
22 230 1
22 919 1
22 877 1
22 888 1
22 495 1
22 413 1
22 82 1
22 407 1
22 416 1
22 708 1
22 81 1
22 653 1
22 645 1
22 711 1
22 309 1
22 525 1
22 440 1
22 265 1
22 970 1
22 119 1
22 901 1
22 516 1
22 154 1
22 927 1
22 64 1
22 836 1
23 772 1
23 445 1
23 706 1
23 938 1
23 616 1
23 561 1
23 245 1
23 644 1
23 267 1
23 482 1
23 414 1
23 967 1
23 676 1
23 212 1
23 371 1
23 891 1
23 759 1
23 30 1
23 461 1
23 886 1
23 796 1
23 679 1
23 580 1
23 569 1
23 799 1
23 545 1
23 203 1
23 969 1
24 812 1
24 940 1
24 720 1
24 924 1
24 601 1
24 841 1
24 44 1
24 72 1
24 599 1
24 212 1
24 456 1
24 926 1
24 496 1
24 203 1
24 990 1
24 618 1
24 884 1
24 217 1
24 635 1
24 784 1
24 112 1
25 738 1
25 290 1
25 816 1
25 873 1
25 94 1
25 692 1
25 101 1
25 798 1
25 436 1
25 548 1
25 892 1
25 178 1
25 986 1
25 896 1
25 596 1
25 936 1
25 524 1
25 316 1
25 487 1
25 674 1
25 894 1
25 146 1
25 560 1
25 481 1
25 600 1
25 528 1
25 450 1
25 889 1
26 998 1
26 840 1
26 345 1
26 871 1
26 32 1
26 789 1
26 607 1
26 908 1
26 522 1
26 373 1
26 923 1
26 106 1
26 320 1
26 103 1
26 478 1
26 705 1
26 353 1
26 173 1
26 861 1
27 167 1
27 306 1
27 999 1
27 317 1
27 851 1
27 405 1
27 134 1
27 573 1
27 952 1
27 718 1
27 671 1
27 461 1
27 934 1
27 796 1
27 693 1
27 481 1
27 309 1
28 782 1
28 726 1
28 532 1
28 438 1
28 877 1
28 586 1
28 903 1
28 671 1
28 319 1
28 447 1
28 135 1
28 214 1
28 975 1
28 595 1
28 888 1
28 694 1
28 39 1
28 652 1
28 232 1
28 472 1
28 723 1
28 386 1
28 977 1
28 752 1
28 591 1
29 519 1
29 474 1
29 86 1
29 352 1
29 479 1
29 936 1
29 726 1
29 957 1
29 656 1
29 741 1
29 617 1
29 879 1
29 834 1
29 987 1
29 523 1
29 600 1
29 780 1
29 217 1
29 552 1
29 718 1
30 859 1
30 290 1
30 535 1
30 369 1
30 385 1
30 46 1
30 158 1
30 325 1
30 958 1
30 781 1
30 152 1
30 585 1
30 841 1
30 278 1
30 408 1
30 927 1
30 514 1
30 492 1
30 584 1
30 639 1
30 688 1
30 311 1
30 103 1
30 825 1
31 199 1
31 385 1
31 622 1
31 143 1
31 381 1
31 855 1
31 528 1
31 527 1
31 298 1
31 668 1
31 768 1
31 560 1
31 91 1
31 124 1
31 649 1
31 250 1
31 321 1
31 218 1
31 36 1
31 608 1
31 789 1
31 940 1
31 973 1
31 863 1
31 761 1
32 676 1
32 985 1
32 65 1
32 168 1
32 504 1
32 748 1
32 141 1
32 422 1
32 474 1
32 858 1
32 434 1
32 918 1
32 381 1
32 351 1
32 867 1
32 222 1
32 448 1
32 871 1
32 197 1
33 885 1
33 715 1
33 340 1
33 129 1
33 98 1
33 957 1
33 807 1
33 275 1
33 652 1
33 927 1
33 566 1
33 743 1
33 777 1
33 887 1
33 881 1
33 893 1
33 551 1
33 383 1
33 108 1
34 615 1
34 702 1
34 454 1
34 876 1
34 362 1
34 295 1
34 828 1
34 371 1
34 216 1
34 553 1
34 269 1
34 1000 1
34 239 1
34 514 1
34 234 1
34 135 1
34 916 1
34 481 1
34 166 1
34 381 1
34 388 1
35 243 1
35 410 1
35 157 1
35 966 1
35 153 1
35 205 1
35 644 1
35 596 1
35 213 1
35 165 1
35 132 1
35 609 1
35 329 1
35 902 1
35 151 1
35 604 1
35 973 1
35 95 1
35 274 1
35 977 1
35 565 1
36 365 1
36 994 1
36 958 1
36 278 1
36 314 1
36 969 1
36 566 1
36 509 1
36 428 1
36 822 1
36 295 1
36 283 1
36 712 1
36 604 1
36 410 1
37 71 1
37 304 1
37 389 1
37 375 1
37 970 1
37 502 1
37 478 1
37 910 1
37 469 1
37 954 1
37 82 1
37 901 1
37 294 1
37 866 1
37 249 1
37 178 1
37 271 1
37 282 1
37 692 1
37 582 1
37 643 1
37 848 1
37 365 1
37 605 1
37 99 1
37 510 1
37 90 1
38 368 1
38 817 1
38 303 1
38 521 1
38 464 1
38 371 1
38 665 1
38 435 1
38 989 1
38 644 1
38 889 1
38 380 1
38 341 1
38 317 1
38 336 1
38 297 1
39 963 1
39 83 1
39 826 1
39 712 1
39 912 1
39 77 1
39 106 1
39 196 1
39 174 1
39 819 1
39 991 1
39 533 1
39 650 1
39 348 1
39 113 1
39 337 1
39 112 1
40 333 1
40 612 1
40 466 1
40 439 1
40 837 1
40 754 1
40 142 1
40 72 1
40 776 1
40 973 1
40 365 1
40 441 1
40 75 1
40 201 1
40 596 1
40 719 1
40 457 1
40 815 1
40 421 1
40 307 1
40 537 1
40 481 1
40 281 1
41 58 1
41 947 1
41 270 1
41 66 1
41 164 1
41 114 1
41 481 1
41 606 1
41 998 1
41 552 1
41 578 1
41 961 1
41 271 1
41 485 1
41 396 1
41 362 1
42 447 1
42 524 1
42 618 1
42 972 1
42 703 1
42 986 1
42 766 1
42 81 1
42 609 1
42 73 1
42 971 1
42 496 1
42 692 1
42 492 1
42 533 1
42 145 1
42 380 1
42 388 1
42 497 1
42 91 1
42 377 1
42 385 1
43 882 1
43 137 1
43 473 1
43 565 1
43 993 1
43 245 1
43 517 1
43 415 1
43 548 1
43 120 1
43 555 1
43 261 1
43 996 1
43 631 1
43 318 1
43 953 1
43 374 1
44 689 1
44 247 1
44 210 1
44 340 1
44 213 1
44 629 1
44 688 1
44 747 1
44 165 1
44 611 1
44 737 1
44 150 1
44 553 1
44 490 1
44 995 1
44 370 1
44 727 1
44 576 1
44 873 1
44 908 1
44 444 1
45 914 1
45 954 1
45 969 1
45 107 1
45 666 1
45 769 1
45 250 1
45 243 1
45 515 1
45 820 1
45 907 1
46 100 1
46 585 1
46 201 1
46 746 1
46 889 1
46 151 1
46 550 1
46 50 1
46 565 1
46 273 1
46 287 1
46 411 1
46 756 1
46 698 1
46 489 1
46 868 1
46 265 1
46 997 1
46 492 1
46 738 1
47 571 1
47 639 1
47 54 1
47 934 1
47 889 1
47 360 1
47 982 1
47 305 1
47 366 1
47 687 1
47 53 1
47 708 1
47 855 1
47 740 1
47 906 1
47 272 1
47 709 1
48 785 1
48 256 1
48 212 1
48 581 1
48 714 1
48 695 1
48 55 1
48 310 1
48 563 1
48 794 1
48 897 1
48 533 1
48 693 1
48 425 1
48 844 1
48 124 1
48 345 1
48 522 1
48 712 1
48 275 1
48 466 1
48 580 1
48 363 1
48 412 1
48 384 1
48 69 1
49 349 1
49 831 1
49 515 1
49 722 1
49 539 1
49 573 1
49 143 1
49 822 1
49 445 1
49 214 1
49 336 1
49 901 1
49 116 1
49 72 1
49 212 1
49 235 1
49 56 1
49 500 1
50 304 1
50 370 1
50 900 1
50 368 1
50 408 1
50 356 1
50 184 1
50 784 1
50 550 1
50 528 1
50 718 1
50 153 1
50 739 1
50 67 1
50 168 1
50 904 1
50 756 1
50 91 1
51 342 1
51 257 1
51 287 1
51 604 1
51 72 1
51 657 1
51 295 1
51 515 1
51 734 1
51 239 1
51 61 1
51 508 1
51 550 1
51 733 1
51 628 1
51 420 1
51 155 1
51 850 1
51 626 1
51 474 1
51 341 1
51 340 1
51 318 1
52 633 1
52 354 1
52 785 1
52 851 1
52 914 1
52 355 1
52 671 1
52 251 1
52 880 1
52 786 1
52 72 1
52 725 1
52 884 1
52 229 1
52 282 1
52 201 1
52 742 1
52 312 1
52 510 1
52 392 1
52 293 1
52 635 1
53 190 1
53 80 1
53 834 1
53 367 1
53 896 1
53 418 1
53 698 1
53 67 1
53 336 1
53 172 1
53 808 1
53 704 1
53 501 1
53 246 1
53 297 1
53 64 1
53 656 1
53 272 1
54 670 1
54 67 1
54 118 1
54 662 1
54 357 1
54 892 1
54 799 1
54 568 1
54 884 1
54 275 1
54 464 1
54 706 1
55 731 1
55 137 1
55 207 1
55 274 1
55 78 1
55 420 1
55 89 1
55 663 1
55 920 1
55 712 1
55 661 1
55 419 1
55 598 1
55 94 1
55 787 1
55 165 1
55 942 1
55 394 1
55 87 1
55 544 1
56 208 1
56 278 1
56 490 1
56 937 1
56 165 1
56 798 1
56 567 1
56 542 1
56 620 1
56 419 1
56 644 1
56 509 1
56 135 1
56 159 1
56 454 1
56 713 1
56 279 1
56 803 1
56 504 1
57 391 1
57 118 1
57 326 1
57 425 1
57 908 1
57 324 1
57 204 1
57 369 1
57 452 1
57 660 1
57 519 1
57 553 1
57 384 1
57 300 1
57 938 1
57 120 1
58 745 1
58 352 1
58 155 1
58 63 1
58 426 1
58 570 1
58 555 1
58 460 1
58 859 1
58 247 1
58 413 1
58 414 1
58 72 1
58 520 1
58 144 1
58 623 1
59 905 1
59 514 1
59 390 1
59 182 1
59 486 1
59 663 1
59 722 1
59 656 1
59 445 1
59 487 1
59 822 1
59 810 1
59 636 1
59 789 1
59 378 1
59 233 1
59 584 1
59 99 1
59 236 1
59 937 1
59 131 1
59 178 1
60 805 1
60 727 1
60 624 1
60 107 1
60 936 1
60 684 1
60 429 1
60 658 1
60 554 1
60 310 1
60 416 1
60 393 1
60 799 1
60 642 1
60 487 1
60 111 1
60 698 1
60 403 1
60 66 1
60 630 1
60 874 1
61 267 1
61 706 1
61 236 1
61 155 1
61 223 1
61 134 1
61 203 1
61 974 1
61 908 1
61 380 1
61 181 1
61 905 1
61 733 1
61 855 1
61 103 1
61 629 1
61 582 1
61 557 1
61 502 1
61 638 1
61 498 1
61 981 1
61 595 1
61 834 1
61 566 1
61 481 1
62 193 1
62 945 1
62 383 1
62 666 1
62 920 1
62 117 1
62 844 1
62 867 1
62 370 1
62 365 1
63 258 1
63 194 1
63 923 1
63 606 1
63 839 1
63 236 1
63 176 1
63 478 1
63 688 1
63 929 1
63 151 1
63 591 1
63 242 1
63 680 1
63 650 1
63 926 1
63 132 1
63 482 1
63 577 1
63 432 1
63 891 1
64 144 1
64 76 1
64 89 1
64 661 1
64 529 1
64 985 1
64 247 1
64 750 1
64 977 1
64 720 1
64 738 1
64 426 1
64 479 1
64 669 1
64 69 1
64 818 1
64 607 1
64 865 1
64 508 1
65 921 1
65 782 1
65 221 1
65 413 1
65 109 1
65 618 1
65 753 1
65 218 1
65 546 1
65 538 1
65 70 1
65 781 1
65 271 1
65 423 1
65 692 1
65 602 1
65 323 1
65 735 1
65 930 1
66 264 1
66 490 1
66 940 1
66 517 1
66 315 1
66 430 1
66 728 1
66 753 1
66 799 1
66 330 1
66 792 1
66 747 1
66 645 1
66 964 1
66 522 1
66 731 1
66 403 1
67 447 1
67 508 1
67 962 1
67 978 1
67 822 1
67 403 1
67 813 1
67 354 1
67 307 1
67 676 1
67 921 1
67 989 1
67 100 1
67 379 1
67 690 1
67 439 1
67 235 1
67 456 1
67 340 1
67 819 1
67 999 1
68 989 1
68 903 1
68 813 1
68 144 1
68 686 1
68 666 1
68 323 1
68 158 1
68 238 1
68 113 1
68 73 1
68 986 1
68 515 1
68 477 1
68 644 1
68 176 1
68 199 1
68 388 1
68 296 1
68 652 1
68 180 1
69 269 1
69 663 1
69 138 1
69 565 1
69 837 1
69 89 1
69 770 1
69 572 1
69 830 1
69 991 1
70 411 1
70 443 1
70 506 1
70 500 1
70 254 1
70 637 1
70 713 1
70 210 1
70 85 1
70 550 1
70 899 1
70 470 1
70 168 1
70 530 1
70 326 1
70 494 1
70 582 1
70 372 1
70 572 1
70 659 1
70 208 1
71 120 1
71 407 1
71 277 1
71 352 1
71 990 1
71 307 1
71 556 1
71 889 1
71 406 1
71 973 1
71 336 1
71 526 1
71 335 1
71 788 1
71 269 1
71 881 1
71 676 1
71 446 1
71 805 1
72 776 1
72 917 1
72 839 1
72 815 1
72 122 1
72 324 1
72 79 1
72 404 1
72 169 1
72 889 1
72 683 1
72 465 1
72 140 1
72 363 1
72 427 1
72 807 1
72 260 1
72 926 1
72 532 1
72 239 1
72 434 1
72 352 1
72 481 1
72 115 1
72 934 1
73 803 1
73 118 1
73 116 1
73 710 1
73 611 1
73 360 1
73 178 1
73 870 1
73 143 1
73 704 1
73 885 1
73 483 1
73 530 1
73 317 1
73 438 1
73 805 1
73 964 1
74 402 1
74 807 1
74 363 1
74 410 1
74 680 1
74 690 1
74 308 1
74 388 1
74 448 1
74 297 1
74 971 1
74 486 1
74 806 1
74 229 1
74 649 1
74 305 1
74 617 1
74 902 1
74 896 1
74 697 1
75 100 1
75 153 1
75 257 1
75 299 1
75 399 1
75 270 1
75 365 1
75 508 1
75 218 1
75 817 1
75 933 1
75 83 1
75 772 1
75 494 1
76 908 1
76 148 1
76 329 1
76 870 1
76 696 1
76 237 1
76 731 1
76 844 1
76 366 1
76 889 1
76 268 1
76 651 1
76 944 1
77 920 1
77 995 1
77 455 1
77 931 1
77 909 1
77 956 1
77 583 1
77 194 1
77 457 1
77 988 1
77 628 1
77 821 1
77 404 1
77 250 1
77 440 1
77 765 1
77 704 1
77 937 1
77 951 1
77 913 1
77 576 1
77 553 1
77 630 1
77 842 1
78 484 1
78 487 1
78 258 1
78 84 1
78 174 1
78 361 1
78 942 1
78 575 1
78 204 1
78 248 1
78 485 1
78 266 1
78 135 1
79 535 1
79 838 1
79 609 1
79 443 1
79 557 1
79 804 1
79 854 1
79 667 1
79 556 1
79 573 1
79 157 1
79 857 1
79 351 1
79 911 1
79 357 1
79 642 1
79 370 1
79 950 1
79 793 1
79 706 1
79 663 1
80 954 1
80 738 1
80 290 1
80 387 1
80 386 1
80 400 1
80 173 1
80 122 1
80 423 1
80 572 1
80 759 1
80 192 1
80 579 1
80 380 1
80 965 1
80 682 1
80 156 1
80 538 1
80 692 1
80 684 1
81 496 1
81 951 1
81 331 1
81 579 1
81 275 1
81 317 1
81 938 1
81 449 1
81 747 1
81 993 1
81 422 1
81 662 1
81 985 1
81 807 1
81 501 1
81 505 1
81 548 1
81 913 1
81 195 1
81 727 1
81 790 1
81 894 1
81 997 1
82 423 1
82 292 1
82 176 1
82 181 1
82 974 1
82 437 1
82 496 1
82 934 1
82 255 1
82 367 1
82 259 1
82 465 1
82 612 1
82 420 1
82 678 1
82 772 1
82 671 1
82 756 1
82 570 1
82 573 1
82 680 1
82 116 1
83 398 1
83 89 1
83 436 1
83 911 1
83 384 1
83 310 1
83 618 1
83 529 1
83 977 1
83 482 1
83 628 1
83 162 1
83 698 1
83 668 1
83 358 1
83 510 1
83 701 1
83 727 1
83 191 1
83 178 1
83 92 1
83 131 1
84 304 1
84 554 1
84 188 1
84 581 1
84 431 1
84 913 1
84 220 1
84 652 1
84 455 1
84 952 1
84 475 1
84 87 1
84 114 1
84 480 1
84 948 1
84 950 1
84 181 1
85 732 1
85 164 1
85 428 1
85 771 1
85 725 1
85 682 1
85 657 1
85 619 1
85 787 1
85 970 1
85 838 1
85 370 1
85 965 1
85 738 1
85 229 1
85 420 1
86 567 1
86 997 1
86 923 1
86 617 1
86 231 1
86 940 1
86 262 1
86 784 1
86 928 1
86 791 1
86 999 1
86 520 1
86 545 1
86 432 1
86 836 1
86 897 1
86 766 1
86 295 1
86 604 1
86 817 1
86 686 1
87 681 1
87 896 1
87 329 1
87 302 1
87 668 1
87 551 1
87 261 1
87 918 1
87 96 1
87 939 1
87 749 1
87 287 1
87 536 1
87 740 1
87 702 1
88 319 1
88 923 1
88 315 1
88 168 1
88 481 1
88 808 1
88 664 1
88 978 1
88 139 1
88 951 1
88 655 1
88 415 1
88 487 1
88 707 1
88 542 1
88 215 1
89 155 1
89 889 1
89 938 1
89 812 1
89 593 1
89 415 1
89 630 1
89 825 1
89 521 1
89 138 1
89 663 1
89 957 1
89 783 1
89 455 1
89 588 1
89 212 1
89 337 1
90 897 1
90 235 1
90 660 1
90 272 1
90 153 1
90 993 1
90 744 1
90 301 1
90 194 1
90 448 1
90 382 1
90 206 1
90 370 1
90 987 1
90 569 1
90 122 1
90 411 1
91 242 1
91 780 1
91 749 1
91 320 1
91 234 1
91 236 1
91 537 1
91 833 1
91 579 1
91 181 1
91 362 1
91 939 1
91 743 1
91 603 1
91 757 1
91 629 1
91 489 1
91 279 1
91 402 1
91 269 1
91 929 1
92 197 1
92 919 1
92 125 1
92 199 1
92 616 1
92 531 1
92 246 1
92 574 1
92 858 1
92 691 1
92 966 1
92 783 1
92 220 1
92 971 1
92 355 1
92 583 1
92 419 1
92 487 1
92 379 1
92 987 1
92 137 1
92 749 1
92 890 1
92 999 1
92 784 1
92 251 1
92 190 1
93 651 1
93 482 1
93 539 1
93 529 1
93 100 1
93 110 1
93 273 1
93 219 1
93 336 1
93 991 1
93 479 1
93 105 1
93 431 1
93 545 1
93 317 1
93 911 1
93 195 1
93 515 1
93 540 1
93 199 1
94 472 1
94 986 1
94 235 1
94 490 1
94 133 1
94 517 1
94 378 1
94 581 1
94 960 1
94 437 1
94 138 1
94 856 1
94 801 1
94 355 1
94 208 1
94 409 1
94 714 1
94 419 1
94 607 1
94 661 1
94 522 1
95 666 1
95 345 1
95 196 1
95 700 1
95 116 1
95 510 1
95 333 1
95 378 1
95 866 1
95 352 1
95 555 1
95 242 1
95 799 1
95 585 1
95 517 1
95 428 1
95 123 1
96 910 1
96 530 1
96 536 1
96 909 1
96 654 1
96 393 1
96 354 1
96 208 1
96 442 1
96 655 1
96 425 1
96 398 1
96 437 1
96 797 1
96 582 1
96 272 1
96 886 1
96 974 1
96 719 1
96 870 1
96 954 1
97 105 1
97 523 1
97 737 1
97 886 1
97 212 1
97 589 1
97 478 1
97 618 1
97 734 1
97 834 1
97 982 1
97 223 1
97 322 1
97 183 1
97 217 1
97 818 1
97 461 1
97 700 1
98 477 1
98 624 1
98 187 1
98 178 1
98 794 1
98 432 1
98 666 1
98 523 1
98 531 1
98 625 1
98 408 1
98 910 1
98 691 1
98 879 1
98 284 1
98 768 1
98 874 1
98 509 1
99 167 1
99 213 1
99 809 1
99 194 1
99 403 1
99 848 1
99 286 1
99 525 1
99 162 1
99 209 1
99 120 1
99 796 1
99 161 1
99 965 1
99 974 1
99 754 1
99 342 1
99 408 1
99 785 1
99 377 1
99 948 1
100 988 1
100 122 1
100 628 1
100 528 1
100 202 1
100 573 1
100 953 1
100 949 1
100 225 1
100 976 1
100 921 1
100 958 1
100 1000 1
100 166 1
100 204 1
100 576 1
100 884 1
101 135 1
101 460 1
101 285 1
101 516 1
101 356 1
101 137 1
101 381 1
101 111 1
101 455 1
101 281 1
101 149 1
101 747 1
101 845 1
101 426 1
101 905 1
101 440 1
101 882 1
101 627 1
101 127 1
101 871 1
101 717 1
101 859 1
101 534 1
101 118 1
102 241 1
102 911 1
102 724 1
102 145 1
102 340 1
102 295 1
102 915 1
102 560 1
102 526 1
102 925 1
102 463 1
102 539 1
102 561 1
102 600 1
102 362 1
102 417 1
102 750 1
103 149 1
103 929 1
103 249 1
103 678 1
103 440 1
103 628 1
103 865 1
103 443 1
103 449 1
103 933 1
103 854 1
103 401 1
103 220 1
103 733 1
103 201 1
103 994 1
104 588 1
104 185 1
104 824 1
104 474 1
104 274 1
104 545 1
104 583 1
104 627 1
104 177 1
104 873 1
104 278 1
104 529 1
104 330 1
104 354 1
104 237 1
104 551 1
104 777 1
104 928 1
104 379 1
104 756 1
105 997 1
105 900 1
105 733 1
105 652 1
105 921 1
105 808 1
105 113 1
105 271 1
105 690 1
105 335 1
105 364 1
105 591 1
105 593 1
105 701 1
105 379 1
105 685 1
105 976 1
106 828 1
106 927 1
106 649 1
106 988 1
106 391 1
106 516 1
106 612 1
106 835 1
106 417 1
106 253 1
106 792 1
106 521 1
106 297 1
106 877 1
106 219 1
106 567 1
107 556 1
107 130 1
107 774 1
107 590 1
107 856 1
107 656 1
107 166 1
107 758 1
107 153 1
107 112 1
107 332 1
107 657 1
107 324 1
107 231 1
107 713 1
108 685 1
108 715 1
108 808 1
108 150 1
108 626 1
108 277 1
108 614 1
108 323 1
108 625 1
108 377 1
108 801 1
108 848 1
108 749 1
108 774 1
108 257 1
108 139 1
108 458 1
108 699 1
108 640 1
108 546 1
108 861 1
108 896 1
108 973 1
108 230 1
108 821 1
108 601 1
109 274 1
109 392 1
109 663 1
109 929 1
109 183 1
109 187 1
109 169 1
109 374 1
109 865 1
109 559 1
109 835 1
109 942 1
109 574 1
109 391 1
109 283 1
110 331 1
110 497 1
110 215 1
110 921 1
110 954 1
110 494 1
110 229 1
110 366 1
110 264 1
110 529 1
110 296 1
110 889 1
110 156 1
110 330 1
110 984 1
110 599 1
110 945 1
110 892 1
110 211 1
110 809 1
110 744 1
110 745 1
110 124 1
110 161 1
110 907 1
111 149 1
111 990 1
111 593 1
111 813 1
111 218 1
111 391 1
111 638 1
111 188 1
111 989 1
111 703 1
111 229 1
111 954 1
111 810 1
111 137 1
111 474 1
111 360 1
111 826 1
111 416 1
111 774 1
111 557 1
111 494 1
112 226 1
112 360 1
112 497 1
112 320 1
112 724 1
112 415 1
112 218 1
112 357 1
112 207 1
112 197 1
112 353 1
112 538 1
112 819 1
112 127 1
112 430 1
112 144 1
112 694 1
112 932 1
112 780 1
113 480 1
113 478 1
113 316 1
113 166 1
113 645 1
113 705 1
113 971 1
113 732 1
113 399 1
113 390 1
113 318 1
113 834 1
113 442 1
113 141 1
113 870 1
114 855 1
114 989 1
114 777 1
114 995 1
114 321 1
114 578 1
114 990 1
114 211 1
114 547 1
114 676 1
114 442 1
114 533 1
114 192 1
114 274 1
114 268 1
114 503 1
114 317 1
114 663 1
114 713 1
114 291 1
115 477 1
115 823 1
115 180 1
115 204 1
115 207 1
115 457 1
115 677 1
115 431 1
115 259 1
115 733 1
115 874 1
115 909 1
115 681 1
115 332 1
115 631 1
115 927 1
116 525 1
116 133 1
116 845 1
116 756 1
116 851 1
116 425 1
116 514 1
116 479 1
116 517 1
116 716 1
116 252 1
116 731 1
116 491 1
116 295 1
116 289 1
117 181 1
117 884 1
117 160 1
117 741 1
117 351 1
117 485 1
117 844 1
117 950 1
117 341 1
117 815 1
117 161 1
117 446 1
117 855 1
117 412 1
117 745 1
117 269 1
118 229 1
118 557 1
118 872 1
118 997 1
118 124 1
118 603 1
118 788 1
118 316 1
118 297 1
118 126 1
118 973 1
118 861 1
118 991 1
118 505 1
118 994 1
118 620 1
118 506 1
118 607 1
118 691 1
118 134 1
119 641 1
119 551 1
119 295 1
119 928 1
119 855 1
119 987 1
119 497 1
119 123 1
119 639 1
119 754 1
119 869 1
119 590 1
119 627 1
119 820 1
119 846 1
119 927 1
119 484 1
119 223 1
119 400 1
119 800 1
120 216 1
120 130 1
120 707 1
120 458 1
120 914 1
120 638 1
120 614 1
120 521 1
121 995 1
121 655 1
121 433 1
121 707 1
121 252 1
121 557 1
121 834 1
121 407 1
121 803 1
121 782 1
122 954 1
122 557 1
122 933 1
122 991 1
122 598 1
122 898 1
122 148 1
122 491 1
122 815 1
122 449 1
122 444 1
122 811 1
122 799 1
122 828 1
123 893 1
123 609 1
123 598 1
123 636 1
123 765 1
123 662 1
123 824 1
123 181 1
123 500 1
123 682 1
123 566 1
123 423 1
123 498 1
123 617 1
123 300 1
123 216 1
123 283 1
123 417 1
124 806 1
124 720 1
124 558 1
124 597 1
124 439 1
124 891 1
124 721 1
124 377 1
124 184 1
124 749 1
124 197 1
124 518 1
124 380 1
124 629 1
124 939 1
124 247 1
124 621 1
124 370 1
125 832 1
125 217 1
125 660 1
125 164 1
125 883 1
125 439 1
125 374 1
125 790 1
125 345 1
125 314 1
125 689 1
125 886 1
125 726 1
125 355 1
125 128 1
125 720 1
125 297 1
125 920 1
125 396 1
125 203 1
125 654 1
126 205 1
126 140 1
126 522 1
126 372 1
126 422 1
126 380 1
126 387 1
126 638 1
126 611 1
126 700 1
126 265 1
126 403 1
126 914 1
126 359 1
126 482 1
126 298 1
126 172 1
126 862 1
127 923 1
127 242 1
127 306 1
127 399 1
127 550 1
127 852 1
127 670 1
127 810 1
127 270 1
127 456 1
127 192 1
127 609 1
127 221 1
127 731 1
127 143 1
127 899 1
127 952 1
127 330 1
127 828 1
127 971 1
127 577 1
127 970 1
127 388 1
127 589 1
127 755 1
127 145 1
128 570 1
128 733 1
128 470 1
128 530 1
128 384 1
128 169 1
128 727 1
128 617 1
128 627 1
128 327 1
128 976 1
128 554 1
128 281 1
128 751 1
128 431 1
128 291 1
128 296 1
128 957 1
128 653 1
128 352 1
129 377 1
129 713 1
129 283 1
129 190 1
129 959 1
129 474 1
129 254 1
129 347 1
129 306 1
129 256 1
129 255 1
129 856 1
129 984 1
129 871 1
129 237 1
129 189 1
129 775 1
129 493 1
129 845 1
129 658 1
130 496 1
130 275 1
130 613 1
130 644 1
130 325 1
130 698 1
130 720 1
130 187 1
130 176 1
130 446 1
130 616 1
130 227 1
130 183 1
130 926 1
130 870 1
130 641 1
130 557 1
130 831 1
130 341 1
130 225 1
130 744 1
130 367 1
130 872 1
131 938 1
131 639 1
131 301 1
131 983 1
131 223 1
131 265 1
131 997 1
131 246 1
131 260 1
131 486 1
131 362 1
131 874 1
131 492 1
131 448 1
131 816 1
132 442 1
132 249 1
132 415 1
132 793 1
132 572 1
132 647 1
132 620 1
132 791 1
132 628 1
132 970 1
132 438 1
132 634 1
132 533 1
132 341 1
132 869 1
132 483 1
132 286 1
132 710 1
132 971 1
133 885 1
133 650 1
133 490 1
133 211 1
133 416 1
133 947 1
133 152 1
133 411 1
133 914 1
133 560 1
133 375 1
133 840 1
133 166 1
133 594 1
133 478 1
133 311 1
133 898 1
133 935 1
133 176 1
133 145 1
133 689 1
133 380 1
134 200 1
134 477 1
134 181 1
134 371 1
134 212 1
134 620 1
134 403 1
134 495 1
134 990 1
134 974 1
134 467 1
134 328 1
134 927 1
134 319 1
134 234 1
134 785 1
134 768 1
135 397 1
135 809 1
135 218 1
135 795 1
135 768 1
135 962 1
135 891 1
135 386 1
135 832 1
135 499 1
135 230 1
135 874 1
135 476 1
135 167 1
135 745 1
135 295 1
135 838 1
135 703 1
136 610 1
136 906 1
136 615 1
136 167 1
136 816 1
136 858 1
136 888 1
136 980 1
136 521 1
136 506 1
136 573 1
136 355 1
136 989 1
136 333 1
136 214 1
136 750 1
136 221 1
136 144 1
136 444 1
136 523 1
136 641 1
136 983 1
136 879 1
136 515 1
136 530 1
136 240 1
136 991 1
136 859 1
137 283 1
137 600 1
137 727 1
137 609 1
137 566 1
137 944 1
137 460 1
137 923 1
137 393 1
137 193 1
137 747 1
137 789 1
137 826 1
137 390 1
137 577 1
137 498 1
137 424 1
138 641 1
138 773 1
138 694 1
138 702 1
138 152 1
138 163 1
138 687 1
138 179 1
138 706 1
138 986 1
138 788 1
138 964 1
138 216 1
138 914 1
138 546 1
138 206 1
139 378 1
139 947 1
139 380 1
139 770 1
139 973 1
139 437 1
139 208 1
139 514 1
139 398 1
139 304 1
139 823 1
139 846 1
139 583 1
139 483 1
139 551 1
140 532 1
140 372 1
140 909 1
140 674 1
140 585 1
140 352 1
140 565 1
140 663 1
140 763 1
140 547 1
140 277 1
140 502 1
140 705 1
140 278 1
141 303 1
141 890 1
141 742 1
141 988 1
141 217 1
141 274 1
141 613 1
141 746 1
141 562 1
141 942 1
141 909 1
141 907 1
141 242 1
141 542 1
141 232 1
141 313 1
141 358 1
142 487 1
142 829 1
142 506 1
142 441 1
142 162 1
142 261 1
142 408 1
142 270 1
142 736 1
142 234 1
142 663 1
142 939 1
142 992 1
142 737 1
142 687 1
142 392 1
142 884 1
142 958 1
142 900 1
142 428 1
142 567 1
142 932 1
142 571 1
143 397 1
143 346 1
143 572 1
143 949 1
143 207 1
143 708 1
143 174 1
143 625 1
143 978 1
143 329 1
143 629 1
143 968 1
143 381 1
143 894 1
144 396 1
144 552 1
144 151 1
144 943 1
144 499 1
144 169 1
144 642 1
144 280 1
144 320 1
144 183 1
144 433 1
144 854 1
144 583 1
144 308 1
144 258 1
144 884 1
144 837 1
144 491 1
144 693 1
144 711 1
145 208 1
145 325 1
145 288 1
145 361 1
145 474 1
145 436 1
145 228 1
145 210 1
145 977 1
145 346 1
145 993 1
145 222 1
146 634 1
146 401 1
146 941 1
146 959 1
146 788 1
146 768 1
146 363 1
146 192 1
146 778 1
146 318 1
146 316 1
146 924 1
146 496 1
146 223 1
146 698 1
146 656 1
146 384 1
146 757 1
146 755 1
147 267 1
147 580 1
147 587 1
147 474 1
147 542 1
147 955 1
147 250 1
147 164 1
147 432 1
147 909 1
147 929 1
147 245 1
147 833 1
147 956 1
147 544 1
147 960 1
147 315 1
148 595 1
148 369 1
148 604 1
148 725 1
148 467 1
148 366 1
148 741 1
148 612 1
148 476 1
148 232 1
148 606 1
148 312 1
148 173 1
148 316 1
148 987 1
148 374 1
148 961 1
148 291 1
149 789 1
149 407 1
149 886 1
149 952 1
149 766 1
149 514 1
149 333 1
149 548 1
149 545 1
149 527 1
149 210 1
149 185 1
149 366 1
149 451 1
150 978 1
150 504 1
150 530 1
150 450 1
150 513 1
150 871 1
150 395 1
150 383 1
150 154 1
150 801 1
150 964 1
150 209 1
150 414 1
150 449 1
150 896 1
151 251 1
151 241 1
151 813 1
151 721 1
151 775 1
151 821 1
151 529 1
151 596 1
151 723 1
151 801 1
151 483 1
151 181 1
151 223 1
151 534 1
152 481 1
152 169 1
152 549 1
152 246 1
152 773 1
152 791 1
152 197 1
152 822 1
152 599 1
152 227 1
152 441 1
152 487 1
152 864 1
152 313 1
152 310 1
152 656 1
152 616 1
152 637 1
152 545 1
152 165 1
152 790 1
152 530 1
152 494 1
153 353 1
153 952 1
153 326 1
153 844 1
153 703 1
153 717 1
153 954 1
153 685 1
153 652 1
153 971 1
153 881 1
153 815 1
153 411 1
153 659 1
153 847 1
153 535 1
153 989 1
153 437 1
153 192 1
153 713 1
153 648 1
153 306 1
153 749 1
153 585 1
153 444 1
153 272 1
154 595 1
154 692 1
154 389 1
154 839 1
154 951 1
154 719 1
154 504 1
154 625 1
154 905 1
154 396 1
154 596 1
154 159 1
154 262 1
154 718 1
154 363 1
154 474 1
154 930 1
154 381 1
154 186 1
154 275 1
154 668 1
154 340 1
154 399 1
154 429 1
154 362 1
155 750 1
155 598 1
155 657 1
155 783 1
155 741 1
155 707 1
155 159 1
155 232 1
155 970 1
155 373 1
155 818 1
155 948 1
155 779 1
155 507 1
156 361 1
156 386 1
156 206 1
156 932 1
156 246 1
156 552 1
156 830 1
156 501 1
156 742 1
156 190 1
156 330 1
156 872 1
156 621 1
156 405 1
156 564 1
156 826 1
156 556 1
156 176 1
156 473 1
156 828 1
156 183 1
157 498 1
157 339 1
157 776 1
157 455 1
157 634 1
157 825 1
157 764 1
157 165 1
158 160 1
158 197 1
158 527 1
158 783 1
158 512 1
158 982 1
158 631 1
158 558 1
158 230 1
158 326 1
158 540 1
158 889 1
158 468 1
158 327 1
158 681 1
158 279 1
158 787 1
158 459 1
158 721 1
158 551 1
158 743 1
159 575 1
159 537 1
159 361 1
159 382 1
159 543 1
159 443 1
159 976 1
159 968 1
159 655 1
159 592 1
159 516 1
159 586 1
159 806 1
159 847 1
159 969 1
160 231 1
160 268 1
160 830 1
160 170 1
160 917 1
160 618 1
160 574 1
160 171 1
160 573 1
160 333 1
160 831 1
161 210 1
161 658 1
161 209 1
161 960 1
161 886 1
161 326 1
161 345 1
161 219 1
161 358 1
161 671 1
161 344 1
161 336 1
161 839 1
161 852 1
161 719 1
161 234 1
161 481 1
161 295 1
161 697 1
161 502 1
162 616 1
162 834 1
162 968 1
162 346 1
162 685 1
162 559 1
162 471 1
162 435 1
162 362 1
162 657 1
162 308 1
162 888 1
162 385 1
162 515 1
162 828 1
162 434 1
162 311 1
163 819 1
163 347 1
163 748 1
163 769 1
163 966 1
163 976 1
163 930 1
163 185 1
163 577 1
163 979 1
163 782 1
163 464 1
163 766 1
163 780 1
163 320 1
163 685 1
163 436 1
163 420 1
163 935 1
163 943 1
163 378 1
163 237 1
163 476 1
163 962 1
163 491 1
163 683 1
163 660 1
163 923 1
164 867 1
164 659 1
164 520 1
164 181 1
164 606 1
164 541 1
164 170 1
164 998 1
164 296 1
164 810 1
164 464 1
164 312 1
164 271 1
164 758 1
164 579 1
164 776 1
164 612 1
164 194 1
164 421 1
164 984 1
164 183 1
164 321 1
164 487 1
165 570 1
165 350 1
165 900 1
165 508 1
165 956 1
165 676 1
165 561 1
165 231 1
165 373 1
165 412 1
165 869 1
165 710 1
165 827 1
165 549 1
165 586 1
165 761 1
165 507 1
166 416 1
166 465 1
166 976 1
166 266 1
166 603 1
166 918 1
166 913 1
166 321 1
166 546 1
166 399 1
166 748 1
166 390 1
166 242 1
166 838 1
166 752 1
166 290 1
166 419 1
167 576 1
167 646 1
167 418 1
167 468 1
167 683 1
167 484 1
167 495 1
167 905 1
167 890 1
167 613 1
167 509 1
167 821 1
167 430 1
167 858 1
167 796 1
167 919 1
167 896 1
167 543 1
168 250 1
168 894 1
168 822 1
168 870 1
168 608 1
168 520 1
168 882 1
168 895 1
168 579 1
168 344 1
168 341 1
168 577 1
168 489 1
168 878 1
169 316 1
169 227 1
169 286 1
169 819 1
169 708 1
169 631 1
169 915 1
169 974 1
169 331 1
169 509 1
170 895 1
170 482 1
170 726 1
170 847 1
170 853 1
170 623 1
170 268 1
170 818 1
170 514 1
170 815 1
170 469 1
170 925 1
170 399 1
170 323 1
170 336 1
170 838 1
170 191 1
170 355 1
170 913 1
170 173 1
170 871 1
171 463 1
171 541 1
171 984 1
171 339 1
171 327 1
171 839 1
171 995 1
171 576 1
171 458 1
171 394 1
171 238 1
171 174 1
171 402 1
171 723 1
171 264 1
171 962 1
171 627 1
172 986 1
172 307 1
172 524 1
172 880 1
172 504 1
172 563 1
172 809 1
172 646 1
172 770 1
172 183 1
172 517 1
173 634 1
173 838 1
173 563 1
173 967 1
173 213 1
173 677 1
173 397 1
173 954 1
173 266 1
173 443 1
173 880 1
173 294 1
173 591 1
173 465 1
173 526 1
173 567 1
174 597 1
174 801 1
174 961 1
174 419 1
174 399 1
174 912 1
174 314 1
174 537 1
174 494 1
174 491 1
174 251 1
174 226 1
174 622 1
174 899 1
174 498 1
174 628 1
174 777 1
174 233 1
175 182 1
175 533 1
175 733 1
175 190 1
175 994 1
175 480 1
175 516 1
175 778 1
175 655 1
175 493 1
175 755 1
175 206 1
175 560 1
175 419 1
176 759 1
176 818 1
176 292 1
176 805 1
176 548 1
176 761 1
176 212 1
176 275 1
176 777 1
176 790 1
176 364 1
176 554 1
176 813 1
176 468 1
177 542 1
177 525 1
177 861 1
177 479 1
177 470 1
177 653 1
177 218 1
177 392 1
177 426 1
177 765 1
177 340 1
177 837 1
177 535 1
177 418 1
177 939 1
177 829 1
178 349 1
178 735 1
178 961 1
178 202 1
178 247 1
178 689 1
178 875 1
178 411 1
178 769 1
178 630 1
178 354 1
178 750 1
178 379 1
178 755 1
178 426 1
178 882 1
178 578 1
178 444 1
179 352 1
179 637 1
179 864 1
179 316 1
179 712 1
179 591 1
179 326 1
179 292 1
179 309 1
179 419 1
179 790 1
179 503 1
179 711 1
179 985 1
179 365 1
179 383 1
180 947 1
180 648 1
180 388 1
180 527 1
180 820 1
180 698 1
180 690 1
180 850 1
180 957 1
180 213 1
180 870 1
180 916 1
180 270 1
180 597 1
181 652 1
181 889 1
181 708 1
181 442 1
181 869 1
181 890 1
181 781 1
181 538 1
181 412 1
181 387 1
182 637 1
182 245 1
182 296 1
182 1000 1
182 937 1
182 553 1
182 250 1
182 985 1
182 546 1
182 506 1
182 830 1
182 954 1
182 341 1
182 647 1
182 966 1
182 634 1
182 373 1
182 737 1
182 585 1
182 732 1
182 652 1
182 988 1
182 235 1
183 491 1
183 347 1
183 555 1
183 410 1
183 442 1
183 350 1
183 306 1
183 278 1
183 444 1
183 724 1
183 413 1
183 640 1
183 610 1
183 804 1
184 829 1
184 484 1
184 713 1
184 187 1
184 838 1
184 563 1
184 443 1
184 787 1
184 526 1
184 709 1
184 259 1
184 521 1
184 482 1
184 265 1
184 459 1
184 827 1
184 252 1
184 728 1
184 767 1
184 914 1
184 578 1
184 839 1
185 977 1
185 429 1
185 313 1
185 364 1
185 346 1
185 602 1
185 475 1
185 668 1
185 740 1
185 653 1
185 517 1
185 980 1
185 499 1
185 557 1
185 624 1
185 677 1
185 689 1
185 872 1
186 678 1
186 828 1
186 557 1
186 984 1
186 835 1
186 281 1
186 291 1
186 247 1
186 767 1
186 496 1
186 191 1
186 470 1
186 287 1
186 259 1
186 257 1
187 679 1
187 939 1
187 992 1
187 470 1
187 423 1
187 832 1
187 599 1
187 479 1
187 323 1
187 198 1
187 446 1
187 249 1
187 399 1
187 684 1
187 417 1
187 797 1
188 450 1
188 325 1
188 973 1
188 592 1
188 439 1
188 845 1
188 959 1
188 271 1
188 970 1
188 695 1
188 228 1
188 491 1
188 375 1
188 781 1
188 317 1
189 460 1
189 199 1
189 880 1
189 462 1
189 440 1
189 894 1
189 596 1
189 861 1
189 409 1
189 468 1
189 427 1
189 992 1
189 957 1
189 829 1
189 774 1
189 477 1
189 346 1
189 739 1
189 252 1
190 762 1
190 420 1
190 516 1
190 289 1
190 689 1
190 957 1
190 971 1
190 982 1
190 576 1
190 411 1
190 701 1
190 880 1
190 407 1
191 878 1
191 934 1
191 952 1
191 515 1
191 647 1
191 741 1
191 728 1
191 926 1
191 592 1
191 798 1
191 471 1
191 746 1
191 692 1
191 518 1
191 901 1
191 281 1
192 264 1
192 409 1
192 932 1
192 643 1
192 429 1
192 211 1
192 522 1
192 632 1
192 373 1
192 557 1
192 954 1
192 515 1
193 856 1
193 508 1
193 409 1
193 412 1
193 752 1
193 639 1
193 340 1
193 957 1
193 666 1
193 574 1
193 906 1
193 284 1
193 443 1
193 963 1
194 760 1
194 317 1
194 846 1
194 627 1
194 897 1
194 351 1
194 400 1
194 293 1
194 904 1
194 467 1
194 734 1
194 917 1
194 809 1
194 226 1
195 641 1
195 868 1
195 660 1
195 644 1
195 323 1
195 751 1
195 841 1
196 492 1
196 289 1
196 779 1
196 366 1
196 561 1
196 729 1
196 663 1
196 833 1
196 228 1
196 756 1
196 853 1
196 260 1
196 739 1
196 312 1
196 638 1
196 537 1
197 474 1
197 700 1
197 406 1
197 245 1
197 272 1
197 701 1
197 723 1
197 802 1
197 739 1
197 594 1
197 608 1
197 369 1
197 951 1
197 533 1
197 978 1
197 638 1
198 240 1
198 757 1
198 878 1
198 428 1
198 322 1
198 443 1
198 612 1
198 620 1
198 338 1
198 465 1
198 754 1
198 567 1
198 896 1
199 753 1
199 375 1
199 707 1
199 443 1
199 779 1
199 699 1
199 387 1
199 923 1
199 212 1
199 916 1
199 677 1
199 655 1
199 299 1
200 237 1
200 628 1
200 624 1
200 683 1
200 803 1
200 328 1
200 410 1
200 221 1
200 673 1
200 647 1
200 599 1
200 551 1
200 289 1
201 850 1
201 701 1
201 864 1
201 530 1
201 620 1
201 430 1
201 735 1
201 920 1
201 234 1
201 429 1
201 767 1
201 813 1
201 541 1
201 715 1
201 965 1
201 768 1
201 251 1
201 327 1
202 240 1
202 484 1
202 232 1
202 725 1
202 938 1
202 517 1
202 224 1
202 618 1
202 855 1
203 780 1
203 1000 1
203 861 1
203 204 1
203 913 1
203 844 1
203 752 1
203 273 1
203 522 1
203 563 1
203 552 1
203 719 1
203 338 1
203 581 1
203 365 1
203 890 1
203 621 1
203 441 1
204 800 1
204 822 1
204 524 1
204 287 1
204 753 1
204 953 1
204 444 1
204 998 1
204 842 1
204 530 1
204 723 1
204 903 1
204 605 1
205 739 1
205 364 1
205 461 1
205 829 1
205 552 1
205 258 1
205 594 1
205 675 1
205 543 1
205 990 1
205 356 1
205 600 1
205 536 1
205 861 1
205 401 1
205 411 1
206 919 1
206 219 1
206 243 1
206 586 1
206 652 1
206 660 1
206 213 1
206 212 1
206 315 1
206 218 1
206 757 1
206 986 1
206 487 1
206 881 1
207 292 1
207 673 1
207 448 1
207 304 1
207 848 1
207 822 1
207 427 1
207 728 1
207 647 1
207 775 1
207 602 1
207 622 1
207 966 1
207 545 1
207 450 1
207 262 1
207 317 1
207 531 1
207 695 1
207 349 1
207 863 1
207 950 1
207 922 1
207 291 1
208 555 1
208 744 1
208 389 1
208 626 1
208 283 1
208 379 1
208 474 1
208 990 1
208 764 1
208 238 1
208 496 1
208 708 1
208 322 1
208 436 1
209 882 1
209 250 1
209 961 1
209 967 1
209 635 1
209 830 1
209 489 1
209 295 1
209 546 1
209 593 1
209 265 1
209 248 1
209 953 1
209 221 1
209 893 1
209 925 1
210 471 1
210 357 1
210 231 1
210 455 1
210 331 1
210 403 1
210 702 1
210 866 1
210 588 1
210 301 1
210 773 1
210 253 1
210 913 1
210 525 1
210 446 1
210 241 1
210 812 1
211 419 1
211 668 1
211 897 1
211 375 1
211 347 1
211 544 1
211 386 1
211 896 1
211 320 1
211 595 1
211 834 1
211 308 1
211 272 1
212 874 1
212 451 1
212 734 1
212 605 1
212 934 1
212 700 1
212 351 1
212 310 1
212 999 1
212 797 1
212 959 1
212 705 1
212 475 1
212 943 1
212 607 1
212 280 1
212 721 1
212 484 1
213 901 1
213 221 1
213 879 1
213 758 1
213 465 1
213 660 1
213 624 1
213 371 1
213 805 1
213 518 1
213 277 1
213 374 1
213 257 1
213 495 1
214 482 1
214 565 1
214 736 1
214 703 1
214 556 1
214 846 1
214 628 1
214 854 1
214 974 1
214 722 1
214 984 1
214 812 1
214 675 1
214 547 1
214 939 1
214 604 1
214 311 1
214 395 1
214 285 1
215 553 1
215 542 1
215 936 1
215 823 1
215 645 1
215 952 1
215 673 1
215 928 1
215 330 1
215 902 1
215 773 1
215 443 1
215 694 1
215 775 1
215 240 1
216 771 1
216 530 1
216 770 1
216 384 1
216 506 1
216 873 1
216 683 1
216 336 1
216 458 1
216 913 1
216 849 1
216 998 1
217 334 1
217 295 1
217 882 1
217 738 1
217 284 1
217 849 1
217 259 1
217 838 1
217 537 1
217 347 1
217 970 1
217 511 1
217 234 1
218 674 1
218 513 1
218 392 1
218 639 1
218 716 1
218 521 1
218 931 1
218 998 1
218 408 1
218 624 1
219 985 1
219 249 1
219 799 1
219 955 1
219 227 1
219 807 1
219 979 1
219 969 1
219 645 1
220 857 1
220 882 1
220 648 1
220 986 1
220 488 1
220 591 1
220 514 1
220 502 1
220 399 1
220 297 1
220 837 1
220 337 1
220 293 1
220 803 1
220 736 1
220 810 1
220 410 1
220 969 1
220 975 1
220 229 1
220 285 1
221 841 1
221 815 1
221 904 1
221 520 1
221 751 1
221 878 1
221 382 1
221 438 1
221 684 1
221 704 1
222 415 1
222 419 1
222 627 1
222 389 1
222 556 1
222 925 1
222 867 1
222 454 1
222 505 1
222 708 1
222 526 1
222 496 1
222 909 1
222 844 1
222 773 1
222 458 1
222 482 1
222 985 1
222 961 1
222 646 1
222 920 1
222 580 1
222 890 1
223 666 1
223 351 1
223 288 1
223 612 1
223 568 1
223 584 1
223 805 1
223 969 1
223 739 1
223 988 1
223 883 1
223 695 1
223 592 1
223 573 1
223 830 1
223 549 1
223 325 1
223 952 1
223 939 1
224 791 1
224 803 1
224 325 1
224 237 1
224 788 1
224 728 1
224 782 1
224 552 1
224 729 1
224 693 1
224 684 1
224 301 1
224 248 1
224 623 1
224 233 1
224 388 1
224 469 1
224 651 1
224 707 1
224 415 1
224 406 1
224 492 1
224 886 1
224 688 1
224 870 1
224 926 1
225 769 1
225 995 1
225 841 1
225 912 1
225 460 1
225 766 1
225 992 1
225 454 1
225 444 1
225 760 1
225 764 1
225 677 1
225 735 1
225 414 1
225 802 1
225 605 1
226 752 1
226 494 1
226 354 1
226 408 1
226 294 1
226 796 1
226 289 1
226 652 1
226 614 1
226 609 1
226 859 1
226 952 1
226 717 1
226 489 1
226 463 1
226 348 1
226 414 1
226 383 1
226 261 1
227 934 1
227 323 1
227 476 1
227 774 1
227 455 1
227 273 1
227 385 1
227 482 1
227 622 1
227 858 1
227 599 1
227 703 1
227 434 1
227 763 1
227 662 1
227 596 1
227 545 1
227 300 1
228 918 1
228 375 1
228 794 1
228 697 1
228 995 1
228 608 1
228 451 1
228 721 1
228 485 1
228 581 1
228 443 1
228 745 1
228 822 1
228 752 1
228 322 1
228 922 1
229 705 1
229 788 1
229 475 1
229 249 1
229 599 1
229 758 1
229 368 1
229 396 1
229 646 1
229 626 1
229 943 1
229 919 1
229 454 1
229 853 1
229 689 1
230 920 1
230 513 1
230 298 1
230 589 1
230 368 1
230 934 1
230 506 1
230 726 1
230 573 1
230 328 1
230 419 1
230 282 1
230 627 1
230 945 1
230 909 1
230 248 1
230 917 1
230 449 1
230 238 1
231 484 1
231 694 1
231 415 1
231 930 1
231 517 1
231 848 1
231 841 1
231 235 1
231 313 1
231 418 1
231 819 1
231 530 1
231 888 1
231 748 1
231 330 1
231 972 1
231 306 1
231 351 1
232 678 1
232 811 1
232 251 1
232 351 1
232 626 1
232 934 1
232 447 1
232 690 1
232 371 1
232 968 1
232 492 1
232 550 1
232 311 1
232 255 1
232 846 1
233 703 1
233 361 1
233 389 1
233 969 1
233 587 1
233 545 1
233 680 1
233 464 1
233 601 1
233 866 1
233 463 1
233 652 1
233 584 1
233 824 1
233 626 1
233 881 1
233 771 1
234 997 1
234 985 1
234 352 1
234 844 1
234 841 1
234 329 1
234 687 1
234 734 1
234 311 1
234 850 1
234 886 1
234 757 1
234 810 1
235 621 1
235 790 1
235 864 1
235 428 1
235 403 1
235 733 1
235 313 1
235 441 1
235 622 1
235 604 1
235 844 1
235 591 1
235 857 1
235 741 1
235 956 1
235 901 1
236 349 1
236 315 1
236 931 1
236 334 1
236 850 1
236 822 1
236 562 1
236 797 1
236 816 1
236 411 1
236 391 1
236 346 1
237 798 1
237 658 1
237 615 1
237 367 1
237 572 1
237 327 1
237 695 1
237 834 1
237 538 1
237 341 1
237 921 1
237 902 1
237 611 1
237 359 1
237 585 1
237 614 1
237 417 1
237 913 1
237 594 1
237 667 1
238 906 1
238 658 1
238 249 1
238 943 1
238 865 1
238 479 1
238 797 1
238 617 1
238 340 1
238 885 1
238 680 1
238 458 1
238 975 1
238 982 1
238 588 1
239 547 1
239 731 1
239 995 1
239 925 1
239 724 1
239 878 1
239 785 1
239 687 1
239 669 1
239 588 1
239 729 1
239 427 1
239 565 1
239 641 1
240 874 1
240 885 1
240 348 1
240 694 1
240 649 1
240 927 1
240 391 1
240 611 1
240 372 1
240 973 1
240 269 1
240 289 1
240 285 1
240 909 1
240 982 1
241 607 1
241 916 1
241 396 1
241 642 1
241 681 1
241 351 1
241 696 1
241 717 1
241 470 1
241 599 1
241 466 1
241 367 1
241 766 1
242 393 1
242 258 1
242 354 1
242 871 1
242 277 1
242 680 1
242 697 1
242 734 1
242 963 1
242 644 1
242 276 1
243 583 1
243 451 1
243 466 1
243 595 1
243 710 1
243 862 1
243 981 1
243 833 1
244 666 1
244 804 1
244 936 1
244 832 1
244 323 1
244 912 1
244 861 1
244 685 1
244 618 1
244 847 1
244 911 1
244 784 1
244 519 1
244 959 1
245 781 1
245 773 1
245 365 1
245 801 1
245 297 1
245 411 1
245 501 1
245 551 1
245 459 1
245 815 1
245 641 1
246 564 1
246 334 1
246 705 1
246 825 1
246 599 1
246 583 1
246 700 1
246 261 1
246 704 1
246 921 1
247 520 1
247 733 1
247 449 1
247 743 1
247 295 1
247 357 1
247 413 1
247 734 1
247 561 1
247 439 1
247 287 1
247 810 1
247 341 1
247 372 1
247 750 1
247 693 1
247 757 1
247 660 1
247 251 1
247 749 1
247 448 1
247 959 1
247 928 1
247 799 1
247 399 1
247 649 1
248 827 1
248 737 1
248 716 1
248 931 1
248 611 1
248 320 1
248 667 1
248 873 1
248 406 1
248 331 1
248 685 1
249 802 1
249 336 1
249 587 1
249 280 1
249 911 1
249 827 1
249 694 1
249 492 1
249 344 1
249 406 1
249 674 1
249 343 1
250 635 1
250 664 1
250 554 1
250 921 1
250 522 1
250 967 1
250 976 1
250 947 1
250 990 1
250 526 1
250 461 1
250 789 1
250 409 1
250 959 1
250 536 1
251 805 1
251 928 1
251 887 1
251 501 1
251 396 1
251 575 1
251 281 1
251 879 1
251 696 1
251 674 1
251 765 1
251 587 1
251 261 1
251 610 1
251 379 1
251 502 1
251 571 1
252 406 1
252 490 1
252 537 1
252 792 1
252 992 1
252 632 1
252 304 1
252 631 1
252 557 1
252 725 1
252 511 1
252 735 1
252 404 1
252 282 1
252 297 1
253 337 1
253 256 1
253 995 1
253 544 1
253 797 1
253 263 1
253 724 1
253 824 1
253 725 1
253 273 1
253 637 1
253 375 1
253 268 1
253 563 1
253 631 1
254 531 1
254 258 1
254 878 1
254 515 1
254 765 1
254 399 1
254 805 1
254 867 1
254 788 1
254 795 1
254 518 1
254 370 1
254 573 1
254 813 1
254 293 1
254 405 1
255 624 1
255 502 1
255 630 1
255 555 1
255 989 1
255 618 1
255 994 1
255 325 1
255 942 1
255 339 1
255 961 1
255 995 1
255 729 1
255 449 1
255 484 1
255 327 1
255 363 1
256 518 1
256 691 1
256 549 1
256 382 1
256 614 1
256 262 1
256 985 1
256 919 1
256 436 1
256 812 1
257 661 1
257 654 1
257 731 1
257 403 1
257 945 1
257 448 1
257 532 1
257 754 1
257 467 1
257 573 1
257 359 1
257 645 1
257 513 1
257 486 1
258 750 1
258 416 1
258 701 1
258 556 1
258 593 1
258 558 1
258 852 1
258 283 1
258 340 1
258 837 1
258 668 1
259 893 1
259 979 1
259 453 1
259 564 1
259 562 1
259 355 1
259 804 1
259 327 1
259 435 1
259 292 1
259 890 1
259 836 1
259 537 1
259 977 1
260 784 1
260 626 1
260 364 1
260 441 1
260 952 1
260 594 1
260 733 1
260 342 1
260 297 1
260 702 1
260 474 1
260 761 1
260 989 1
260 662 1
260 348 1
260 497 1
260 579 1
260 965 1
260 625 1
260 535 1
260 907 1
261 604 1
261 488 1
261 746 1
261 354 1
261 373 1
261 733 1
261 783 1
261 686 1
261 508 1
261 564 1
261 964 1
262 820 1
262 319 1
262 720 1
262 734 1
262 454 1
262 330 1
262 723 1
262 937 1
262 951 1
262 558 1
262 732 1
263 682 1
263 743 1
263 654 1
263 750 1
263 896 1
263 307 1
263 944 1
263 368 1
263 671 1
263 979 1
263 421 1
263 584 1
263 913 1
263 650 1
263 961 1
263 427 1
263 710 1
263 342 1
263 443 1
264 454 1
264 420 1
264 537 1
264 657 1
264 994 1
264 721 1
264 871 1
264 888 1
264 957 1
264 402 1
264 722 1
264 862 1
264 925 1
264 640 1
264 726 1
264 594 1
264 448 1
265 830 1
265 553 1
265 526 1
265 426 1
265 331 1
265 731 1
265 983 1
265 922 1
265 441 1
265 377 1
265 815 1
265 895 1
266 571 1
266 295 1
266 507 1
266 538 1
266 401 1
266 959 1
266 724 1
266 581 1
266 760 1
266 286 1
266 765 1
266 781 1
266 614 1
266 856 1
266 567 1
267 723 1
267 332 1
267 393 1
267 677 1
267 824 1
267 571 1
267 656 1
267 872 1
267 807 1
267 724 1
267 569 1
267 625 1
268 726 1
268 951 1
268 879 1
268 855 1
268 477 1
268 470 1
268 527 1
268 987 1
268 837 1
268 274 1
268 304 1
268 497 1
268 817 1
268 423 1
268 407 1
268 501 1
268 864 1
268 679 1
268 616 1
269 347 1
269 581 1
269 577 1
269 738 1
269 955 1
269 876 1
269 556 1
269 666 1
269 466 1
269 296 1
269 815 1
269 792 1
269 997 1
269 880 1
269 907 1
270 379 1
270 706 1
270 695 1
270 666 1
270 563 1
270 893 1
270 385 1
270 599 1
270 729 1
270 995 1
270 632 1
270 754 1
270 890 1
270 303 1
271 706 1
271 879 1
271 390 1
271 316 1
271 764 1
271 440 1
271 463 1
271 389 1
271 997 1
271 810 1
271 629 1
271 743 1
271 885 1
271 367 1
272 641 1
272 554 1
272 885 1
272 617 1
272 463 1
272 347 1
272 949 1
272 697 1
272 868 1
272 897 1
273 788 1
273 638 1
273 394 1
273 897 1
273 617 1
273 318 1
273 781 1
273 688 1
273 887 1
273 943 1
273 353 1
274 617 1
274 788 1
274 657 1
274 961 1
274 693 1
274 464 1
274 587 1
274 611 1
274 468 1
274 717 1
274 794 1
274 658 1
274 425 1
274 785 1
275 833 1
275 992 1
275 643 1
275 571 1
275 839 1
275 377 1
275 409 1
275 615 1
275 947 1
275 287 1
275 866 1
276 884 1
276 475 1
276 463 1
276 582 1
276 902 1
276 326 1
276 493 1
276 392 1
276 637 1
276 719 1
276 922 1
276 286 1
276 820 1
276 640 1
276 448 1
276 281 1
277 889 1
277 851 1
277 505 1
277 504 1
277 354 1
277 758 1
277 814 1
277 518 1
277 340 1
277 815 1
277 508 1
277 377 1
277 679 1
277 534 1
277 924 1
278 527 1
278 912 1
278 537 1
278 454 1
278 863 1
278 897 1
278 530 1
278 493 1
278 414 1
278 768 1
278 432 1
278 950 1
278 921 1
279 535 1
279 620 1
279 968 1
279 357 1
279 369 1
279 319 1
279 314 1
279 929 1
279 645 1
279 704 1
279 554 1
279 870 1
279 626 1
280 399 1
280 427 1
280 954 1
280 402 1
280 603 1
280 378 1
280 991 1
280 371 1
280 862 1
280 688 1
280 403 1
280 818 1
280 351 1
280 873 1
280 702 1
281 695 1
281 783 1
281 617 1
281 558 1
281 435 1
281 635 1
281 890 1
281 987 1
281 701 1
281 432 1
281 706 1
281 305 1
281 460 1
281 614 1
281 645 1
281 855 1
281 579 1
281 611 1
281 867 1
282 600 1
282 688 1
282 689 1
282 672 1
282 896 1
282 969 1
282 822 1
282 761 1
282 483 1
282 574 1
282 416 1
282 731 1
282 938 1
282 921 1
282 460 1
282 983 1
282 307 1
282 827 1
282 686 1
283 818 1
283 942 1
283 482 1
283 285 1
283 453 1
283 937 1
283 682 1
283 882 1
283 808 1
283 774 1
283 925 1
283 600 1
284 980 1
284 860 1
284 560 1
284 394 1
284 445 1
284 473 1
284 953 1
284 505 1
284 731 1
284 846 1
284 751 1
284 578 1
284 554 1
284 927 1
284 982 1
284 771 1
285 470 1
285 780 1
285 345 1
285 332 1
285 658 1
285 830 1
285 933 1
285 348 1
285 675 1
285 335 1
285 769 1
285 909 1
286 760 1
286 400 1
286 591 1
286 784 1
286 322 1
286 316 1
286 435 1
286 648 1
286 741 1
286 397 1
286 883 1
286 695 1
286 541 1
286 563 1
286 519 1
286 616 1
286 714 1
286 825 1
286 696 1
287 386 1
287 428 1
287 409 1
287 469 1
287 360 1
287 696 1
287 850 1
287 754 1
287 522 1
287 526 1
287 364 1
287 978 1
287 960 1
287 720 1
287 662 1
287 460 1
287 953 1
287 990 1
288 836 1
288 478 1
288 805 1
288 345 1
288 883 1
288 366 1
288 890 1
288 765 1
288 609 1
288 808 1
288 899 1
288 555 1
288 857 1
288 498 1
288 683 1
288 519 1
288 494 1
288 970 1
288 659 1
288 440 1
288 588 1
289 323 1
289 812 1
289 784 1
289 379 1
289 683 1
289 491 1
289 718 1
289 387 1
289 833 1
289 987 1
289 831 1
289 499 1
290 896 1
290 658 1
290 756 1
290 725 1
290 503 1
290 320 1
290 492 1
290 785 1
290 813 1
290 538 1
290 529 1
290 727 1
290 643 1
290 328 1
290 517 1
290 971 1
291 307 1
291 987 1
291 915 1
291 668 1
291 434 1
291 472 1
291 433 1
291 705 1
291 960 1
291 870 1
291 417 1
291 885 1
291 340 1
291 526 1
291 453 1
291 350 1
291 815 1
291 888 1
291 360 1
291 853 1
292 661 1
292 364 1
292 750 1
292 575 1
292 758 1
292 803 1
292 503 1
292 870 1
292 459 1
292 412 1
292 438 1
292 394 1
292 322 1
292 522 1
292 542 1
293 861 1
293 901 1
293 707 1
293 560 1
293 496 1
293 510 1
293 833 1
293 408 1
293 877 1
293 997 1
293 356 1
293 539 1
293 799 1
293 1000 1
293 968 1
293 858 1
293 616 1
294 885 1
294 673 1
294 838 1
294 641 1
294 990 1
294 795 1
294 738 1
294 512 1
294 350 1
294 556 1
294 753 1
294 488 1
295 601 1
295 868 1
295 547 1
295 460 1
295 573 1
295 544 1
295 723 1
295 309 1
295 953 1
295 915 1
295 909 1
295 590 1
295 606 1
295 763 1
295 579 1
295 759 1
295 545 1
295 597 1
295 484 1
295 432 1
296 653 1
296 857 1
296 816 1
296 702 1
296 641 1
296 376 1
296 783 1
296 584 1
296 908 1
296 919 1
296 909 1
296 784 1
296 751 1
296 772 1
296 984 1
296 898 1
297 334 1
297 927 1
297 585 1
297 895 1
297 944 1
297 355 1
297 458 1
297 822 1
297 436 1
297 406 1
297 765 1
297 868 1
297 783 1
297 929 1
297 670 1
297 372 1
298 668 1
298 630 1
298 732 1
298 875 1
298 558 1
298 897 1
298 335 1
298 994 1
298 567 1
298 739 1
298 670 1
298 506 1
298 890 1
298 621 1
299 388 1
299 389 1
299 496 1
299 715 1
299 817 1
299 868 1
299 602 1
299 454 1
299 676 1
299 555 1
299 405 1
299 800 1
299 909 1
299 616 1
299 743 1
299 718 1
299 478 1
299 355 1
300 681 1
300 806 1
300 695 1
300 496 1
300 522 1
300 780 1
300 612 1
300 489 1
300 902 1
300 536 1
300 451 1
300 547 1
300 423 1
301 596 1
301 383 1
301 824 1
301 530 1
301 673 1
301 675 1
301 579 1
301 665 1
302 824 1
302 869 1
302 333 1
302 966 1
302 728 1
302 870 1
302 664 1
302 554 1
302 389 1
302 655 1
302 459 1
302 520 1
302 599 1
302 794 1
302 988 1
302 871 1
302 491 1
302 631 1
302 983 1
302 585 1
302 467 1
303 828 1
303 481 1
303 746 1
303 403 1
303 924 1
303 382 1
303 784 1
303 811 1
303 858 1
303 735 1
304 546 1
304 525 1
304 901 1
304 570 1
304 445 1
304 621 1
304 649 1
304 697 1
304 866 1
304 510 1
304 634 1
304 654 1
304 801 1
304 854 1
304 420 1
305 349 1
305 446 1
305 896 1
305 778 1
305 336 1
305 770 1
305 701 1
305 437 1
305 613 1
305 856 1
305 470 1
305 771 1
305 941 1
305 703 1
305 945 1
305 871 1
305 716 1
305 529 1
306 412 1
306 814 1
306 794 1
306 346 1
306 489 1
306 339 1
306 864 1
306 742 1
306 844 1
306 429 1
307 978 1
307 908 1
307 845 1
307 428 1
307 527 1
307 947 1
307 940 1
307 760 1
307 605 1
307 338 1
307 603 1
307 829 1
307 566 1
308 557 1
308 594 1
308 565 1
308 592 1
308 642 1
308 584 1
308 840 1
308 525 1
308 378 1
308 573 1
309 437 1
309 375 1
309 893 1
309 742 1
309 369 1
309 980 1
309 582 1
309 652 1
309 999 1
309 527 1
309 909 1
310 944 1
310 844 1
310 593 1
310 745 1
310 624 1
310 460 1
311 394 1
311 837 1
311 516 1
311 312 1
311 974 1
311 878 1
311 565 1
311 396 1
311 611 1
311 806 1
311 836 1
311 567 1
312 527 1
312 313 1
312 426 1
312 912 1
312 782 1
312 908 1
312 352 1
312 599 1
312 327 1
312 902 1
312 967 1
312 938 1
312 677 1
312 602 1
312 817 1
312 536 1
312 347 1
312 733 1
313 354 1
313 903 1
313 386 1
313 656 1
313 330 1
313 395 1
313 675 1
313 470 1
313 469 1
313 647 1
313 453 1
313 724 1
313 446 1
313 665 1
313 828 1
313 573 1
313 377 1
313 873 1
313 797 1
314 559 1
314 523 1
314 342 1
314 531 1
314 907 1
314 959 1
314 956 1
314 807 1
314 713 1
314 739 1
314 442 1
314 532 1
314 817 1
314 897 1
315 824 1
315 1000 1
315 927 1
315 721 1
315 690 1
315 611 1
315 415 1
315 597 1
315 637 1
315 482 1
315 658 1
315 802 1
315 369 1
315 923 1
316 628 1
316 408 1
316 404 1
316 513 1
316 991 1
316 431 1
316 793 1
316 570 1
316 932 1
316 900 1
317 658 1
317 653 1
317 676 1
317 442 1
317 920 1
317 498 1
317 502 1
317 529 1
317 878 1
317 594 1
317 598 1
317 716 1
317 699 1
317 458 1
317 465 1
318 751 1
318 959 1
318 909 1
318 681 1
318 662 1
318 852 1
318 772 1
318 932 1
318 396 1
318 420 1
318 786 1
318 825 1
319 788 1
319 484 1
319 777 1
319 550 1
319 887 1
319 454 1
319 551 1
319 375 1
319 678 1
319 940 1
319 872 1
319 675 1
319 583 1
319 827 1
319 779 1
319 936 1
320 348 1
320 529 1
320 479 1
320 722 1
320 544 1
320 955 1
320 903 1
321 815 1
321 901 1
321 476 1
321 398 1
321 548 1
321 538 1
321 508 1
321 482 1
321 456 1
321 382 1
321 887 1
321 961 1
321 589 1
321 334 1
321 669 1
321 618 1
321 503 1
321 468 1
322 568 1
322 394 1
322 824 1
322 701 1
322 413 1
322 671 1
322 927 1
322 344 1
322 911 1
322 491 1
322 511 1
322 423 1
322 746 1
322 762 1
322 332 1
323 813 1
323 795 1
323 911 1
323 570 1
323 668 1
323 949 1
323 798 1
323 508 1
323 942 1
323 979 1
324 559 1
324 363 1
324 714 1
324 664 1
324 927 1
324 913 1
324 445 1
324 326 1
324 394 1
324 501 1
324 484 1
324 948 1
324 609 1
324 398 1
325 390 1
325 333 1
325 836 1
325 702 1
325 400 1
325 534 1
325 627 1
325 998 1
325 749 1
325 806 1
325 544 1
325 626 1
325 648 1
325 975 1
326 989 1
326 425 1
326 872 1
326 397 1
326 986 1
326 988 1
326 776 1
326 628 1
326 339 1
326 829 1
326 924 1
326 923 1
327 857 1
327 412 1
327 499 1
327 677 1
327 745 1
327 801 1
327 539 1
327 553 1
327 496 1
327 750 1
327 688 1
327 427 1
327 591 1
327 428 1
327 770 1
327 397 1
327 538 1
327 592 1
327 740 1
328 420 1
328 937 1
328 932 1
328 572 1
328 335 1
328 610 1
328 454 1
328 417 1
328 804 1
329 370 1
329 395 1
329 609 1
329 950 1
329 527 1
329 681 1
329 377 1
329 876 1
329 995 1
329 973 1
329 863 1
329 552 1
329 730 1
329 885 1
330 485 1
330 364 1
330 346 1
330 817 1
330 931 1
330 390 1
330 823 1
330 527 1
330 709 1
331 725 1
331 787 1
331 345 1
331 746 1
331 380 1
331 796 1
331 697 1
331 837 1
331 607 1
331 575 1
331 334 1
331 765 1
331 869 1
332 391 1
332 714 1
332 541 1
332 914 1
332 344 1
332 582 1
332 827 1
332 934 1
332 700 1
332 580 1
333 498 1
333 497 1
333 958 1
333 919 1
333 711 1
333 718 1
333 455 1
333 347 1
333 373 1
333 435 1
333 432 1
333 512 1
333 647 1
333 927 1
333 748 1
333 405 1
333 806 1
333 879 1
333 450 1
333 475 1
333 888 1
333 757 1
333 978 1
333 823 1
333 465 1
334 947 1
334 987 1
334 624 1
334 550 1
334 482 1
334 896 1
334 565 1
334 690 1
335 939 1
335 350 1
335 404 1
335 555 1
335 715 1
335 577 1
335 978 1
335 681 1
335 449 1
335 794 1
335 450 1
335 934 1
335 758 1
335 914 1
335 782 1
335 472 1
336 598 1
336 889 1
336 361 1
336 735 1
336 807 1
336 973 1
336 968 1
336 356 1
336 578 1
336 637 1
336 497 1
336 520 1
336 600 1
336 877 1
337 458 1
337 536 1
337 816 1
337 611 1
337 709 1
337 756 1
337 560 1
337 824 1
337 896 1
337 799 1
337 552 1
337 972 1
337 566 1
337 660 1
337 456 1
338 691 1
338 764 1
338 474 1
338 723 1
338 606 1
338 400 1
338 865 1
338 841 1
338 768 1
338 814 1
338 968 1
338 584 1
338 424 1
338 863 1
338 932 1
339 978 1
339 947 1
339 981 1
339 378 1
339 362 1
339 936 1
339 476 1
339 816 1
339 782 1
339 596 1
339 462 1
339 832 1
339 705 1
339 752 1
339 667 1
340 939 1
340 450 1
340 408 1
340 937 1
340 930 1
340 506 1
340 494 1
340 616 1
340 579 1
340 590 1
340 878 1
340 549 1
340 562 1
340 992 1
340 670 1
341 702 1
341 731 1
341 972 1
341 852 1
341 994 1
341 636 1
341 775 1
341 389 1
341 540 1
341 551 1
341 863 1
342 872 1
342 426 1
342 457 1
342 764 1
342 881 1
342 823 1
342 944 1
342 700 1
342 676 1
343 378 1
343 664 1
343 504 1
343 800 1
343 668 1
343 567 1
343 713 1
343 596 1
343 966 1
343 416 1
343 944 1
343 424 1
343 691 1
344 639 1
344 945 1
344 794 1
344 608 1
344 507 1
344 961 1
344 673 1
344 560 1
344 868 1
344 796 1
344 709 1
344 742 1
344 400 1
344 591 1
344 363 1
345 510 1
345 442 1
345 626 1
345 934 1
345 624 1
345 785 1
345 401 1
345 766 1
345 840 1
345 465 1
346 575 1
346 968 1
346 623 1
346 626 1
346 774 1
346 466 1
346 471 1
346 922 1
346 812 1
346 392 1
346 856 1
347 935 1
347 827 1
347 544 1
347 985 1
347 829 1
347 547 1
347 485 1
347 705 1
347 611 1
347 503 1
347 667 1
347 712 1
347 588 1
347 447 1
347 979 1
348 437 1
348 419 1
348 409 1
348 866 1
348 470 1
348 793 1
348 375 1
348 396 1
348 902 1
348 670 1
348 678 1
348 914 1
349 678 1
349 995 1
349 807 1
349 358 1
349 528 1
349 588 1
349 773 1
349 900 1
349 495 1
349 590 1
350 894 1
350 612 1
350 572 1
350 499 1
350 822 1
350 923 1
350 561 1
350 498 1
350 573 1
351 485 1
351 869 1
351 443 1
351 572 1
351 362 1
351 939 1
351 596 1
351 960 1
351 405 1
351 895 1
351 357 1
351 902 1
351 781 1
351 694 1
352 972 1
352 909 1
352 984 1
352 945 1
352 508 1
352 768 1
352 831 1
352 895 1
352 537 1
353 989 1
353 754 1
353 898 1
353 705 1
353 382 1
353 710 1
353 889 1
353 616 1
353 738 1
353 363 1
353 789 1
354 997 1
354 575 1
354 986 1
354 419 1
354 878 1
354 452 1
354 975 1
354 888 1
354 506 1
354 588 1
355 514 1
355 477 1
355 475 1
355 398 1
355 579 1
355 655 1
355 501 1
355 601 1
355 961 1
355 541 1
355 738 1
355 396 1
355 687 1
355 604 1
355 969 1
355 978 1
356 578 1
356 618 1
356 548 1
356 718 1
356 504 1
356 705 1
356 783 1
356 895 1
356 542 1
357 535 1
357 695 1
357 738 1
357 886 1
357 881 1
357 831 1
357 369 1
357 614 1
357 472 1
357 812 1
357 607 1
357 477 1
357 863 1
357 852 1
357 826 1
357 518 1
357 751 1
358 383 1
358 617 1
358 913 1
358 874 1
358 776 1
358 472 1
358 830 1
358 571 1
358 481 1
358 555 1
358 794 1
358 534 1
358 584 1
359 993 1
359 590 1
359 875 1
359 670 1
359 749 1
359 612 1
359 935 1
359 989 1
359 671 1
359 850 1
359 942 1
359 409 1
359 821 1
359 421 1
359 976 1
360 992 1
360 900 1
360 674 1
360 705 1
360 617 1
360 728 1
360 739 1
360 486 1
360 919 1
360 569 1
360 918 1
360 750 1
361 413 1
361 537 1
361 799 1
361 950 1
361 816 1
361 417 1
361 587 1
361 993 1
361 400 1
361 819 1
361 942 1
361 902 1
361 882 1
361 601 1
361 792 1
361 606 1
361 651 1
362 363 1
362 834 1
362 555 1
362 770 1
362 772 1
362 784 1
362 979 1
362 526 1
362 711 1
362 946 1
363 444 1
363 615 1
363 661 1
363 734 1
363 827 1
363 576 1
363 933 1
363 725 1
363 433 1
363 919 1
363 958 1
363 831 1
363 512 1
364 366 1
364 840 1
364 779 1
364 858 1
364 811 1
364 593 1
364 908 1
364 709 1
364 997 1
364 476 1
364 495 1
365 372 1
365 399 1
365 736 1
365 583 1
365 501 1
365 545 1
365 559 1
365 902 1
365 720 1
365 819 1
366 460 1
366 743 1
366 562 1
366 377 1
366 835 1
366 941 1
366 653 1
366 939 1
366 746 1
366 893 1
367 906 1
367 840 1
367 717 1
367 580 1
367 561 1
367 640 1
367 779 1
367 603 1
367 883 1
368 804 1
368 435 1
368 628 1
368 881 1
368 765 1
368 457 1
368 575 1
368 612 1
368 865 1
368 692 1
369 747 1
369 541 1
369 966 1
369 547 1
369 844 1
369 864 1
369 431 1
369 971 1
369 814 1
369 715 1
369 548 1
370 643 1
370 634 1
370 436 1
370 468 1
370 946 1
370 613 1
370 815 1
370 690 1
370 631 1
370 668 1
370 511 1
370 556 1
370 930 1
370 469 1
370 527 1
370 721 1
370 995 1
370 987 1
371 767 1
371 576 1
371 919 1
371 593 1
371 733 1
371 434 1
371 465 1
371 659 1
371 684 1
371 915 1
371 405 1
371 528 1
371 955 1
372 879 1
372 854 1
372 645 1
372 473 1
372 465 1
372 608 1
372 962 1
372 856 1
372 487 1
372 809 1
373 633 1
373 695 1
373 667 1
373 655 1
373 779 1
373 943 1
373 874 1
373 799 1
373 498 1
373 375 1
373 587 1
373 489 1
373 425 1
373 717 1
374 895 1
374 850 1
374 522 1
374 769 1
374 421 1
374 456 1
374 829 1
374 825 1
374 471 1
374 784 1
375 745 1
375 611 1
375 869 1
375 899 1
375 637 1
376 689 1
376 539 1
376 727 1
376 467 1
376 611 1
376 587 1
376 460 1
376 920 1
376 913 1
376 918 1
376 495 1
377 465 1
377 754 1
377 787 1
377 609 1
377 617 1
377 836 1
377 972 1
377 855 1
378 545 1
378 737 1
378 915 1
378 795 1
378 974 1
378 853 1
378 631 1
378 598 1
378 589 1
378 929 1
378 923 1
378 874 1
378 935 1
378 455 1
379 776 1
379 833 1
379 711 1
379 639 1
379 613 1
379 560 1
379 676 1
379 715 1
379 648 1
379 690 1
380 557 1
380 487 1
380 712 1
380 966 1
380 527 1
380 835 1
380 498 1
380 766 1
380 999 1
380 837 1
380 930 1
380 434 1
380 749 1
380 692 1
380 640 1
380 407 1
380 738 1
380 972 1
380 827 1
381 449 1
381 463 1
381 639 1
381 896 1
381 986 1
381 574 1
381 786 1
381 696 1
381 601 1
381 680 1
381 964 1
381 453 1
381 860 1
381 410 1
382 906 1
382 705 1
382 740 1
382 493 1
382 839 1
382 476 1
383 865 1
383 884 1
383 724 1
383 687 1
383 739 1
383 973 1
383 845 1
383 964 1
383 701 1
383 654 1
383 485 1
383 501 1
383 577 1
383 910 1
383 716 1
383 806 1
383 556 1
383 864 1
383 632 1
383 420 1
384 956 1
384 537 1
384 892 1
384 592 1
384 769 1
384 684 1
384 441 1
384 706 1
384 538 1
384 555 1
385 980 1
385 797 1
385 869 1
385 430 1
385 395 1
385 636 1
385 932 1
385 459 1
385 966 1
385 473 1
385 981 1
386 470 1
386 982 1
386 803 1
386 399 1
386 481 1
386 955 1
386 668 1
386 640 1
386 611 1
386 812 1
386 894 1
387 493 1
387 413 1
387 501 1
387 407 1
387 852 1
387 665 1
387 686 1
387 441 1
387 966 1
388 521 1
388 730 1
388 971 1
388 659 1
388 789 1
388 462 1
388 682 1
388 928 1
388 818 1
388 401 1
388 890 1
389 675 1
389 864 1
389 863 1
389 549 1
389 767 1
389 801 1
389 673 1
389 520 1
389 638 1
389 752 1
389 710 1
390 505 1
390 408 1
390 553 1
390 973 1
390 805 1
390 792 1
390 884 1
390 845 1
390 670 1
390 493 1
390 919 1
390 999 1
391 475 1
391 710 1
391 943 1
391 982 1
391 412 1
391 946 1
391 481 1
391 591 1
391 962 1
392 450 1
392 447 1
392 835 1
392 677 1
392 738 1
392 832 1
392 415 1
392 462 1
392 486 1
392 522 1
392 597 1
392 602 1
393 788 1
393 750 1
393 558 1
393 828 1
393 964 1
393 986 1
393 703 1
394 618 1
394 406 1
394 950 1
394 781 1
394 896 1
394 722 1
394 951 1
394 898 1
394 645 1
394 505 1
394 426 1
395 544 1
395 421 1
395 648 1
395 871 1
395 443 1
395 993 1
395 959 1
395 730 1
395 799 1
395 555 1
395 530 1
395 486 1
396 536 1
396 776 1
396 668 1
396 847 1
396 915 1
396 767 1
396 498 1
396 985 1
396 893 1
396 600 1
397 848 1
397 413 1
397 993 1
397 636 1
397 912 1
397 657 1
397 769 1
397 501 1
397 996 1
397 776 1
397 940 1
397 595 1
397 893 1
397 750 1
398 743 1
398 901 1
398 983 1
398 645 1
398 560 1
398 627 1
398 787 1
398 945 1
398 784 1
398 552 1
398 709 1
399 598 1
399 957 1
399 766 1
399 943 1
399 623 1
399 557 1
399 778 1
399 865 1
400 713 1
400 913 1
400 512 1
400 862 1
400 741 1
400 945 1
400 503 1
400 728 1
400 476 1
400 799 1
401 793 1
401 557 1
401 1000 1
401 625 1
401 875 1
401 657 1
401 788 1
401 560 1
401 413 1
401 412 1
401 922 1
401 848 1
401 521 1
402 755 1
402 907 1
402 480 1
402 743 1
402 799 1
402 539 1
402 749 1
402 543 1
402 843 1
402 815 1
402 669 1
402 817 1
403 908 1
403 497 1
403 651 1
403 411 1
403 596 1
403 861 1
403 957 1
403 511 1
403 490 1
403 512 1
403 711 1
403 898 1
403 667 1
403 845 1
403 489 1
403 428 1
403 834 1
403 885 1
404 887 1
404 876 1
404 627 1
404 602 1
404 799 1
404 953 1
404 734 1
404 644 1
404 521 1
404 485 1
404 862 1
404 818 1
404 858 1
405 709 1
405 636 1
405 543 1
405 720 1
405 661 1
405 592 1
405 874 1
405 583 1
405 716 1
405 443 1
405 905 1
405 643 1
406 909 1
406 679 1
406 886 1
406 692 1
406 735 1
406 769 1
406 484 1
406 549 1
406 917 1
407 506 1
407 977 1
407 647 1
407 714 1
407 994 1
407 718 1
407 673 1
407 458 1
407 816 1
407 590 1
407 970 1
408 873 1
408 696 1
408 595 1
408 877 1
408 753 1
408 510 1
409 632 1
409 413 1
409 811 1
409 589 1
409 564 1
409 516 1
410 807 1
410 564 1
410 873 1
410 974 1
410 416 1
410 670 1
410 917 1
410 988 1
410 778 1
410 883 1
410 421 1
411 427 1
411 706 1
411 462 1
411 873 1
411 907 1
411 579 1
411 644 1
411 935 1
411 417 1
411 736 1
411 553 1
412 448 1
412 839 1
412 553 1
412 488 1
412 958 1
412 799 1
412 503 1
412 455 1
412 913 1
412 668 1
412 894 1
412 551 1
413 603 1
413 847 1
413 526 1
413 935 1
413 497 1
413 601 1
413 508 1
413 917 1
413 452 1
413 615 1
413 952 1
414 1000 1
414 785 1
414 987 1
414 715 1
414 615 1
414 586 1
414 754 1
414 971 1
414 583 1
414 717 1
415 465 1
415 958 1
415 585 1
415 730 1
415 896 1
415 451 1
415 547 1
415 995 1
415 540 1
415 760 1
415 837 1
415 722 1
415 926 1
415 980 1
415 471 1
415 708 1
415 452 1
416 893 1
416 478 1
416 447 1
416 913 1
416 568 1
416 625 1
416 506 1
416 844 1
416 955 1
416 928 1
416 662 1
416 926 1
416 840 1
416 592 1
417 500 1
417 782 1
417 718 1
417 503 1
417 421 1
417 691 1
417 660 1
417 654 1
417 694 1
417 816 1
417 927 1
418 738 1
418 962 1
418 976 1
418 945 1
418 621 1
418 461 1
418 980 1
418 648 1
418 590 1
418 827 1
418 819 1
418 877 1
418 882 1
418 769 1
418 622 1
418 806 1
418 772 1
418 615 1
418 464 1
418 626 1
418 952 1
418 647 1
419 685 1
419 898 1
419 495 1
419 977 1
419 513 1
419 706 1
419 817 1
419 661 1
419 620 1
419 801 1
419 510 1
419 739 1
419 638 1
419 956 1
419 849 1
419 696 1
419 468 1
420 865 1
420 826 1
420 543 1
420 553 1
420 760 1
420 867 1
420 518 1
420 602 1
420 510 1
420 794 1
420 944 1
420 509 1
420 457 1
420 531 1
420 994 1
421 733 1
421 470 1
421 507 1
421 831 1
421 646 1
421 930 1
421 970 1
421 463 1
421 465 1
421 474 1
421 839 1
421 679 1
421 999 1
421 890 1
421 546 1
421 521 1
421 537 1
422 909 1
422 934 1
422 672 1
422 724 1
422 535 1
422 494 1
422 517 1
422 815 1
422 799 1
422 826 1
423 661 1
423 646 1
423 583 1
423 644 1
423 969 1
423 724 1
423 959 1
423 496 1
423 664 1
423 490 1
423 835 1
423 934 1
423 559 1
424 459 1
424 875 1
424 721 1
424 535 1
424 959 1
424 970 1
424 717 1
424 734 1
425 482 1
425 484 1
425 746 1
425 823 1
425 557 1
425 808 1
425 452 1
425 741 1
425 903 1
425 568 1
425 541 1
425 764 1
425 692 1
425 478 1
425 941 1
425 432 1
426 538 1
426 583 1
426 574 1
426 829 1
426 777 1
426 786 1
426 732 1
426 739 1
426 453 1
426 848 1
427 834 1
427 658 1
427 911 1
427 795 1
427 638 1
427 941 1
427 917 1
427 957 1
427 624 1
427 701 1
427 467 1
427 827 1
428 586 1
428 647 1
428 968 1
428 450 1
428 527 1
428 936 1
428 581 1
428 915 1
428 437 1
428 712 1
428 649 1
428 575 1
428 804 1
428 522 1
428 489 1
429 787 1
429 979 1
429 479 1
429 471 1
429 533 1
429 896 1
429 518 1
429 926 1
429 718 1
429 956 1
429 881 1
429 473 1
429 800 1
429 921 1
430 587 1
430 877 1
430 904 1
430 909 1
430 540 1
430 711 1
430 975 1
431 726 1
431 813 1
431 462 1
431 467 1
431 486 1
431 759 1
431 828 1
431 731 1
431 822 1
432 700 1
432 998 1
432 471 1
432 999 1
432 893 1
432 470 1
432 829 1
432 629 1
432 477 1
432 484 1
432 828 1
433 547 1
433 534 1
433 834 1
433 835 1
433 592 1
433 499 1
433 585 1
433 745 1
433 811 1
434 609 1
434 741 1
434 901 1
434 952 1
434 473 1
434 598 1
434 816 1
434 732 1
434 648 1
434 923 1
434 465 1
435 614 1
435 929 1
435 649 1
435 714 1
435 476 1
435 814 1
435 740 1
435 599 1
435 455 1
435 868 1
436 794 1
436 718 1
436 569 1
436 570 1
436 930 1
436 998 1
436 496 1
436 836 1
436 479 1
436 486 1
436 647 1
437 847 1
437 672 1
437 559 1
437 979 1
437 747 1
438 611 1
438 511 1
438 929 1
438 884 1
438 470 1
438 846 1
438 528 1
438 506 1
438 460 1
439 734 1
439 866 1
439 554 1
439 605 1
439 664 1
439 612 1
439 542 1
439 571 1
439 935 1
439 449 1
439 584 1
440 481 1
440 911 1
440 657 1
440 441 1
440 639 1
440 749 1
440 624 1
440 823 1
440 966 1
440 521 1
440 697 1
440 891 1
441 567 1
441 754 1
441 579 1
441 623 1
441 854 1
441 779 1
441 472 1
441 460 1
442 652 1
442 761 1
442 965 1
442 530 1
442 966 1
442 790 1
442 963 1
442 663 1
442 974 1
442 667 1
442 852 1
442 672 1
443 961 1
443 840 1
443 781 1
443 751 1
443 509 1
443 540 1
443 646 1
443 842 1
443 707 1
444 716 1
444 915 1
444 691 1
444 863 1
444 941 1
444 702 1
444 548 1
444 777 1
444 527 1
445 730 1
445 949 1
445 494 1
445 985 1
445 897 1
445 624 1
445 449 1
445 693 1
445 839 1
445 609 1
445 862 1
445 930 1
445 644 1
446 750 1
446 991 1
446 799 1
446 747 1
446 635 1
446 876 1
446 944 1
446 698 1
446 506 1
447 806 1
447 792 1
447 743 1
447 790 1
447 725 1
447 613 1
447 675 1
447 812 1
447 943 1
447 859 1
447 706 1
448 985 1
448 640 1
448 730 1
448 656 1
448 696 1
448 562 1
448 970 1
448 589 1
448 548 1
448 648 1
448 824 1
449 779 1
449 748 1
449 574 1
449 514 1
449 891 1
449 869 1
449 490 1
449 664 1
449 959 1
449 676 1
449 571 1
449 674 1
449 733 1
449 772 1
449 972 1
450 843 1
450 758 1
450 482 1
450 545 1
450 462 1
450 617 1
450 626 1
450 636 1
450 927 1
451 589 1
451 598 1
451 542 1
451 559 1
451 638 1
451 808 1
451 554 1
451 642 1
451 689 1
451 651 1
451 975 1
451 952 1
451 686 1
452 674 1
452 551 1
452 764 1
452 869 1
452 690 1
452 960 1
452 473 1
452 594 1
452 561 1
452 773 1
453 581 1
453 714 1
453 930 1
453 759 1
453 628 1
453 458 1
453 553 1
453 950 1
453 737 1
454 794 1
454 765 1
454 604 1
454 699 1
454 957 1
454 854 1
454 958 1
454 645 1
455 574 1
455 943 1
455 847 1
455 851 1
455 997 1
455 961 1
455 843 1
455 586 1
455 918 1
455 704 1
455 980 1
455 614 1
455 808 1
455 456 1
455 577 1
455 634 1
456 708 1
456 995 1
456 711 1
456 791 1
456 911 1
456 786 1
456 537 1
456 650 1
456 919 1
456 591 1
456 909 1
456 902 1
457 567 1
457 702 1
457 645 1
457 753 1
457 783 1
457 965 1
457 716 1
457 624 1
457 905 1
457 610 1
457 599 1
457 742 1
458 947 1
458 702 1
458 829 1
458 743 1
458 541 1
458 767 1
458 627 1
458 595 1
458 676 1
458 758 1
458 994 1
458 634 1
459 927 1
459 887 1
459 628 1
459 827 1
459 820 1
459 818 1
459 563 1
459 538 1
459 857 1
459 886 1
459 903 1
460 937 1
460 485 1
460 470 1
460 806 1
460 648 1
460 957 1
460 539 1
460 775 1
460 620 1
461 847 1
461 463 1
461 660 1
461 497 1
461 706 1
461 725 1
461 723 1
461 898 1
461 495 1
461 781 1
461 853 1
461 902 1
462 813 1
462 712 1
462 689 1
462 512 1
462 616 1
462 733 1
462 665 1
462 539 1
462 912 1
463 598 1
463 918 1
463 872 1
463 703 1
463 478 1
463 692 1
463 632 1
463 629 1
464 565 1
464 695 1
464 693 1
464 803 1
465 624 1
465 603 1
465 534 1
465 513 1
465 639 1
465 523 1
465 692 1
465 876 1
465 729 1
465 716 1
465 695 1
466 469 1
466 824 1
466 825 1
466 810 1
466 644 1
466 859 1
466 578 1
466 671 1
466 731 1
466 989 1
466 655 1
467 986 1
467 698 1
467 750 1
467 771 1
467 626 1
467 580 1
467 761 1
467 535 1
468 619 1
468 992 1
468 531 1
468 766 1
468 666 1
468 748 1
468 820 1
469 992 1
469 812 1
469 998 1
469 681 1
469 716 1
469 968 1
469 698 1
469 894 1
469 991 1
469 506 1
469 511 1
469 927 1
469 598 1
470 514 1
470 591 1
470 615 1
470 677 1
470 550 1
470 479 1
470 483 1
470 693 1
470 587 1
470 752 1
470 588 1
471 832 1
471 872 1
471 759 1
471 607 1
471 545 1
471 525 1
471 787 1
471 797 1
471 918 1
471 760 1
471 558 1
471 568 1
472 966 1
472 495 1
472 746 1
472 821 1
472 906 1
472 578 1
472 549 1
472 787 1
472 899 1
472 706 1
472 614 1
472 576 1
472 962 1
472 500 1
472 591 1
472 753 1
473 814 1
473 966 1
473 875 1
473 512 1
473 479 1
473 570 1
474 891 1
474 642 1
474 898 1
474 672 1
474 814 1
474 987 1
474 575 1
474 660 1
474 974 1
474 475 1
474 976 1
474 913 1
474 610 1
474 621 1
474 840 1
475 847 1
475 715 1
475 598 1
475 944 1
475 777 1
475 741 1
475 848 1
475 798 1
475 572 1
475 858 1
475 983 1
475 929 1
476 669 1
476 871 1
476 661 1
476 888 1
476 640 1
476 719 1
476 689 1
476 800 1
476 823 1
476 921 1
477 614 1
477 885 1
477 766 1
477 622 1
477 641 1
477 701 1
477 999 1
477 824 1
477 977 1
477 732 1
477 537 1
477 933 1
477 922 1
477 509 1
478 627 1
478 941 1
478 494 1
478 595 1
478 557 1
478 680 1
478 987 1
478 612 1
478 619 1
479 774 1
479 882 1
479 884 1
479 525 1
479 587 1
479 560 1
479 968 1
479 657 1
479 600 1
479 572 1
479 930 1
479 775 1
479 659 1
479 738 1
479 679 1
480 620 1
480 572 1
480 513 1
480 582 1
480 771 1
480 585 1
480 954 1
480 691 1
480 975 1
480 488 1
480 579 1
480 783 1
481 860 1
481 694 1
481 624 1
481 578 1
481 782 1
481 942 1
481 777 1
481 592 1
481 651 1
481 689 1
482 904 1
482 729 1
482 579 1
482 758 1
482 707 1
482 801 1
482 743 1
482 521 1
482 688 1
482 653 1
482 716 1
483 940 1
483 976 1
483 499 1
483 990 1
483 739 1
483 519 1
483 672 1
483 936 1
483 495 1
483 779 1
483 945 1
483 509 1
483 836 1
483 723 1
484 696 1
484 887 1
484 738 1
484 813 1
484 893 1
484 634 1
484 775 1
484 595 1
484 828 1
484 882 1
484 735 1
485 619 1
485 683 1
485 705 1
485 947 1
485 773 1
485 763 1
485 616 1
485 852 1
485 497 1
485 643 1
485 639 1
486 893 1
486 679 1
486 814 1
486 966 1
486 523 1
486 851 1
486 615 1
486 910 1
486 778 1
486 685 1
486 887 1
487 576 1
487 684 1
487 829 1
487 857 1
487 563 1
487 728 1
487 872 1
487 567 1
487 849 1
488 536 1
488 854 1
488 545 1
489 562 1
489 523 1
489 621 1
489 629 1
489 521 1
489 688 1
489 923 1
489 802 1
490 998 1
490 762 1
490 817 1
490 525 1
490 661 1
490 627 1
490 929 1
490 956 1
490 626 1
491 717 1
491 807 1
491 534 1
491 867 1
491 931 1
491 581 1
491 775 1
491 557 1
491 815 1
491 751 1
491 805 1
492 755 1
492 769 1
492 950 1
492 501 1
492 733 1
492 696 1
492 776 1
493 610 1
493 973 1
493 528 1
493 983 1
493 771 1
493 579 1
493 583 1
493 745 1
493 928 1
493 860 1
493 969 1
493 505 1
494 786 1
494 502 1
494 773 1
494 607 1
494 503 1
495 940 1
495 820 1
495 559 1
495 719 1
495 910 1
495 911 1
495 652 1
495 783 1
496 499 1
496 929 1
496 501 1
496 950 1
496 726 1
496 710 1
496 680 1
496 727 1
496 593 1
497 658 1
497 555 1
497 765 1
497 598 1
497 640 1
497 872 1
497 698 1
497 504 1
497 648 1
497 650 1
497 587 1
497 756 1
497 720 1
498 604 1
498 543 1
498 889 1
498 962 1
498 766 1
498 503 1
498 765 1
498 514 1
498 546 1
499 622 1
499 940 1
499 592 1
499 938 1
499 536 1
499 836 1
499 745 1
499 539 1
499 939 1
499 873 1
499 727 1
500 711 1
500 904 1
500 542 1
500 593 1
500 592 1
500 518 1
500 645 1
500 780 1
501 971 1
501 780 1
501 976 1
501 508 1
501 943 1
501 657 1
501 748 1
501 900 1
501 995 1
501 549 1
502 970 1
502 616 1
502 946 1
502 637 1
502 951 1
502 954 1
502 606 1
502 859 1
502 909 1
502 863 1
503 753 1
503 580 1
503 666 1
503 505 1
503 927 1
503 692 1
503 785 1
503 858 1
503 551 1
503 557 1
503 559 1
503 952 1
503 553 1
503 990 1
503 606 1
504 817 1
504 528 1
504 596 1
504 881 1
504 762 1
504 886 1
504 708 1
504 813 1
505 638 1
505 653 1
505 582 1
505 829 1
505 624 1
505 635 1
505 815 1
505 763 1
505 782 1
506 796 1
506 827 1
506 648 1
506 720 1
506 614 1
506 572 1
506 669 1
506 650 1
506 708 1
506 805 1
506 889 1
506 875 1
507 1000 1
507 787 1
507 733 1
507 624 1
507 629 1
507 820 1
508 521 1
508 554 1
508 657 1
508 987 1
508 867 1
508 881 1
508 510 1
508 755 1
508 845 1
509 757 1
509 669 1
509 942 1
509 749 1
509 751 1
509 578 1
509 984 1
509 644 1
509 901 1
510 764 1
510 957 1
510 959 1
510 567 1
510 682 1
510 525 1
510 780 1
510 644 1
511 829 1
511 936 1
511 854 1
511 738 1
511 858 1
512 644 1
512 883 1
512 677 1
512 638 1
512 513 1
512 659 1
512 571 1
512 611 1
512 635 1
512 929 1
512 546 1
512 939 1
512 802 1
513 564 1
513 870 1
513 583 1
513 516 1
513 889 1
513 669 1
513 725 1
513 538 1
513 615 1
513 831 1
513 895 1
514 708 1
514 957 1
514 681 1
514 585 1
514 516 1
514 693 1
514 777 1
514 752 1
514 735 1
514 745 1
514 621 1
514 805 1
514 886 1
514 995 1
515 538 1
515 848 1
515 701 1
515 888 1
515 661 1
515 607 1
515 918 1
515 819 1
515 813 1
515 585 1
515 757 1
515 898 1
515 666 1
516 947 1
516 733 1
516 905 1
516 563 1
516 891 1
516 747 1
516 986 1
516 822 1
517 767 1
517 635 1
517 740 1
517 647 1
517 656 1
517 752 1
517 779 1
517 805 1
518 626 1
518 900 1
518 777 1
518 991 1
518 771 1
518 746 1
518 967 1
518 774 1
519 834 1
519 839 1
519 555 1
519 929 1
519 953 1
519 579 1
519 682 1
519 882 1
519 621 1
519 884 1
519 930 1
519 581 1
519 981 1
519 874 1
519 939 1
520 816 1
520 678 1
520 756 1
520 810 1
520 979 1
520 703 1
520 769 1
520 753 1
520 805 1
520 882 1
520 655 1
520 911 1
520 537 1
521 733 1
521 925 1
521 886 1
521 878 1
521 851 1
521 924 1
521 538 1
521 613 1
522 769 1
522 690 1
522 850 1
522 790 1
522 670 1
522 792 1
522 865 1
522 703 1
522 698 1
523 813 1
523 928 1
523 545 1
523 762 1
523 664 1
523 993 1
523 579 1
523 737 1
523 979 1
524 988 1
524 545 1
524 923 1
524 655 1
524 970 1
524 637 1
524 773 1
524 740 1
524 828 1
524 589 1
524 987 1
525 765 1
525 593 1
525 827 1
525 745 1
525 891 1
525 935 1
525 573 1
525 962 1
525 549 1
525 530 1
525 930 1
526 942 1
526 752 1
526 629 1
526 573 1
526 651 1
526 555 1
526 889 1
526 943 1
526 537 1
527 770 1
527 549 1
527 774 1
527 776 1
527 639 1
527 912 1
528 803 1
528 754 1
528 704 1
528 672 1
528 774 1
528 657 1
528 714 1
528 678 1
528 636 1
528 968 1
529 621 1
529 808 1
530 777 1
530 770 1
530 807 1
530 778 1
530 610 1
530 970 1
530 985 1
530 903 1
531 920 1
531 772 1
531 930 1
531 999 1
531 865 1
531 747 1
531 809 1
531 551 1
532 645 1
532 951 1
532 871 1
532 966 1
533 716 1
533 551 1
533 874 1
533 715 1
534 567 1
534 615 1
534 616 1
534 926 1
534 791 1
534 890 1
534 782 1
534 818 1
535 937 1
535 582 1
535 996 1
535 743 1
535 992 1
535 628 1
535 551 1
535 951 1
535 855 1
535 922 1
535 559 1
536 924 1
536 886 1
536 711 1
536 819 1
536 831 1
536 968 1
536 916 1
536 828 1
536 541 1
536 909 1
537 943 1
537 637 1
537 846 1
537 870 1
537 798 1
537 614 1
537 806 1
537 600 1
537 991 1
538 549 1
538 980 1
538 873 1
538 931 1
538 868 1
538 970 1
539 557 1
539 677 1
539 938 1
539 831 1
539 777 1
539 726 1
539 594 1
539 665 1
539 679 1
539 768 1
539 690 1
540 548 1
540 592 1
540 938 1
540 762 1
540 763 1
540 935 1
540 607 1
541 974 1
541 542 1
541 815 1
541 898 1
541 753 1
541 766 1
541 865 1
541 771 1
541 688 1
541 792 1
541 611 1
541 593 1
542 1000 1
542 636 1
542 552 1
542 639 1
542 807 1
542 728 1
542 913 1
542 903 1
542 544 1
542 651 1
542 812 1
543 874 1
543 626 1
543 617 1
543 729 1
543 734 1
543 843 1
544 946 1
544 742 1
544 858 1
544 874 1
544 973 1
544 958 1
544 597 1
545 794 1
545 691 1
545 989 1
545 663 1
545 880 1
546 866 1
546 973 1
546 850 1
546 718 1
546 968 1
546 561 1
546 957 1
546 729 1
546 641 1
546 790 1
546 756 1
547 675 1
547 951 1
547 574 1
547 792 1
547 1000 1
547 618 1
547 898 1
547 774 1
547 628 1
548 701 1
548 869 1
548 931 1
548 944 1
548 678 1
548 845 1
548 587 1
548 808 1
548 874 1
548 630 1
548 764 1
548 862 1
549 773 1
549 911 1
549 556 1
549 580 1
549 707 1
549 912 1
549 987 1
549 807 1
550 953 1
550 642 1
550 999 1
550 716 1
550 587 1
550 673 1
550 783 1
550 910 1
550 845 1
550 759 1
550 715 1
550 911 1
550 986 1
550 942 1
551 652 1
551 843 1
551 1000 1
551 834 1
551 673 1
551 766 1
551 587 1
551 741 1
551 722 1
551 752 1
551 607 1
551 860 1
552 981 1
552 990 1
552 643 1
552 676 1
552 699 1
552 698 1
552 725 1
552 669 1
552 686 1
552 955 1
552 553 1
553 679 1
553 749 1
553 978 1
553 637 1
553 878 1
553 560 1
554 621 1
554 933 1
554 897 1
554 688 1
554 948 1
554 617 1
554 854 1
554 657 1
554 681 1
554 586 1
555 975 1
555 849 1
555 721 1
555 985 1
555 604 1
556 708 1
556 917 1
556 657 1
556 920 1
556 683 1
556 971 1
556 651 1
556 701 1
556 868 1
556 750 1
556 956 1
556 733 1
557 772 1
557 949 1
557 560 1
557 675 1
557 777 1
557 646 1
558 659 1
558 994 1
558 912 1
558 844 1
558 947 1
558 928 1
558 680 1
558 875 1
558 957 1
558 679 1
558 933 1
558 946 1
558 749 1
558 818 1
558 696 1
558 786 1
559 874 1
559 888 1
559 996 1
559 570 1
559 897 1
560 742 1
560 941 1
560 743 1
560 674 1
560 876 1
560 794 1
560 859 1
560 594 1
560 884 1
561 906 1
561 674 1
561 834 1
561 581 1
561 659 1
561 770 1
561 704 1
561 602 1
561 839 1
561 653 1
561 926 1
562 936 1
562 731 1
562 946 1
562 964 1
562 681 1
562 582 1
562 684 1
562 769 1
562 854 1
562 676 1
562 980 1
562 747 1
563 623 1
563 837 1
563 711 1
563 699 1
563 588 1
563 642 1
564 628 1
564 960 1
564 951 1
564 953 1
564 791 1
564 942 1
564 789 1
564 923 1
564 940 1
565 771 1
565 714 1
565 900 1
565 596 1
565 801 1
565 696 1
565 901 1
565 910 1
565 614 1
566 870 1
566 862 1
566 863 1
566 838 1
566 941 1
566 678 1
566 750 1
566 695 1
567 663 1
567 861 1
567 864 1
567 814 1
567 785 1
567 698 1
568 899 1
568 707 1
568 721 1
568 736 1
568 586 1
568 919 1
569 868 1
569 800 1
569 808 1
569 579 1
569 663 1
569 672 1
569 762 1
569 951 1
569 665 1
569 691 1
569 942 1
569 913 1
569 778 1
569 877 1
569 646 1
570 853 1
570 813 1
570 980 1
570 993 1
570 766 1
570 829 1
570 723 1
570 651 1
570 855 1
570 783 1
571 840 1
571 992 1
571 630 1
571 819 1
571 785 1
571 764 1
571 625 1
571 939 1
572 830 1
572 860 1
572 712 1
572 679 1
572 635 1
572 618 1
572 913 1
572 601 1
572 897 1
572 588 1
573 608 1
573 720 1
573 944 1
573 614 1
573 771 1
573 841 1
573 863 1
573 995 1
573 694 1
573 600 1
573 743 1
573 648 1
573 662 1
573 703 1
573 676 1
573 884 1
574 968 1
574 878 1
574 730 1
574 659 1
574 952 1
574 866 1
575 585 1
575 776 1
575 677 1
575 872 1
575 797 1
575 952 1
575 683 1
575 782 1
575 945 1
576 756 1
576 983 1
576 970 1
576 639 1
576 815 1
577 799 1
577 957 1
577 803 1
577 655 1
578 955 1
578 658 1
578 727 1
578 726 1
578 773 1
579 616 1
579 966 1
579 660 1
579 596 1
579 745 1
579 938 1
579 883 1
579 874 1
580 704 1
580 711 1
580 936 1
580 591 1
580 731 1
580 600 1
580 861 1
581 977 1
581 725 1
581 872 1
581 599 1
581 626 1
581 731 1
582 713 1
582 777 1
582 994 1
582 585 1
582 742 1
582 735 1
582 851 1
582 988 1
582 767 1
582 617 1
582 895 1
582 646 1
582 759 1
583 599 1
583 638 1
583 896 1
583 916 1
583 729 1
583 863 1
584 778 1
584 764 1
584 722 1
584 822 1
584 622 1
584 967 1
584 865 1
584 892 1
584 937 1
585 925 1
585 619 1
585 774 1
585 934 1
585 674 1
586 976 1
586 869 1
586 630 1
586 967 1
586 703 1
586 699 1
586 800 1
586 728 1
587 836 1
587 657 1
587 840 1
587 700 1
587 965 1
587 671 1
587 588 1
587 719 1
587 633 1
588 844 1
588 875 1
588 904 1
588 661 1
588 905 1
588 637 1
589 739 1
589 669 1
589 994 1
589 700 1
589 847 1
589 613 1
589 698 1
590 687 1
590 610 1
590 667 1
590 608 1
590 599 1
590 943 1
590 759 1
590 695 1
590 977 1
590 657 1
590 899 1
590 925 1
590 894 1
591 874 1
591 824 1
591 778 1
591 997 1
591 963 1
591 860 1
591 901 1
591 999 1
591 777 1
592 655 1
592 743 1
592 757 1
592 879 1
592 842 1
592 704 1
593 827 1
593 710 1
593 828 1
593 748 1
593 810 1
593 947 1
593 685 1
594 946 1
594 694 1
594 833 1
594 869 1
595 945 1
595 895 1
595 880 1
595 892 1
595 827 1
596 731 1
596 745 1
596 858 1
596 790 1
596 635 1
596 928 1
596 638 1
596 773 1
597 987 1
597 971 1
597 703 1
597 999 1
597 858 1
597 728 1
597 730 1
597 964 1
598 843 1
598 745 1
598 609 1
598 893 1
599 637 1
599 626 1
599 969 1
599 757 1
599 719 1
599 735 1
599 694 1
599 747 1
600 992 1
600 930 1
600 650 1
600 995 1
600 654 1
600 818 1
600 791 1
600 682 1
601 745 1
601 806 1
601 926 1
601 846 1
601 879 1
602 974 1
602 674 1
602 731 1
602 920 1
602 992 1
602 707 1
603 661 1
603 737 1
603 934 1
603 939 1
603 987 1
603 799 1
604 726 1
604 823 1
604 622 1
604 830 1
604 741 1
604 892 1
604 847 1
604 879 1
604 856 1
604 811 1
604 992 1
604 890 1
605 912 1
605 631 1
606 841 1
606 734 1
606 635 1
606 874 1
606 944 1
606 721 1
606 679 1
606 864 1
606 696 1
606 720 1
606 803 1
606 639 1
607 728 1
607 767 1
607 663 1
607 813 1
607 885 1
607 991 1
608 797 1
608 747 1
608 787 1
608 883 1
608 773 1
608 724 1
608 862 1
609 993 1
609 678 1
609 824 1
609 740 1
609 647 1
609 812 1
609 754 1
610 986 1
610 622 1
610 993 1
610 617 1
610 758 1
610 723 1
611 752 1
611 656 1
611 658 1
611 674 1
611 797 1
611 874 1
612 803 1
612 924 1
612 626 1
612 916 1
612 769 1
612 836 1
612 698 1
612 812 1
613 970 1
613 945 1
613 990 1
614 647 1
614 964 1
614 876 1
614 785 1
615 638 1
615 752 1
615 616 1
615 971 1
615 876 1
615 911 1
615 737 1
616 908 1
616 905 1
616 688 1
616 997 1
617 645 1
617 767 1
617 812 1
617 896 1
617 736 1
617 814 1
618 682 1
618 873 1
618 968 1
618 800 1
618 872 1
618 749 1
618 742 1
618 917 1
618 769 1
618 629 1
618 692 1
619 808 1
619 809 1
619 760 1
619 727 1
620 937 1
620 848 1
620 977 1
620 628 1
620 753 1
620 764 1
620 795 1
620 627 1
620 818 1
620 662 1
620 844 1
620 991 1
620 978 1
620 733 1
621 708 1
621 986 1
621 933 1
621 716 1
621 654 1
621 926 1
622 663 1
622 767 1
622 997 1
622 923 1
622 900 1
622 782 1
623 826 1
623 863 1
623 962 1
623 823 1
623 968 1
624 752 1
624 720 1
624 773 1
624 797 1
624 641 1
624 838 1
624 640 1
624 655 1
624 852 1
624 758 1
625 921 1
625 711 1
625 906 1
625 900 1
625 830 1
625 737 1
625 797 1
625 641 1
625 992 1
626 772 1
626 851 1
626 764 1
627 938 1
627 661 1
627 922 1
627 900 1
627 732 1
627 799 1
628 719 1
628 754 1
628 989 1
628 901 1
628 978 1
628 810 1
628 788 1
628 703 1
628 936 1
628 638 1
629 884 1
629 732 1
629 660 1
629 927 1
629 932 1
629 915 1
629 965 1
629 742 1
630 796 1
630 733 1
630 846 1
630 963 1
630 778 1
631 794 1
631 690 1
631 707 1
631 772 1
631 708 1
631 657 1
631 706 1
631 780 1
631 977 1
632 906 1
632 978 1
632 822 1
632 948 1
632 730 1
632 683 1
632 697 1
633 965 1
633 869 1
633 693 1
633 862 1
633 879 1
633 857 1
633 658 1
633 973 1
633 674 1
634 663 1
634 648 1
634 978 1
634 769 1
634 744 1
634 915 1
634 823 1
634 777 1
635 827 1
635 926 1
635 756 1
635 680 1
635 750 1
635 907 1
635 673 1
635 717 1
636 983 1
636 775 1
636 726 1
636 806 1
636 640 1
636 809 1
636 706 1
637 661 1
637 705 1
637 942 1
637 736 1
637 678 1
637 704 1
638 934 1
638 921 1
638 822 1
639 824 1
639 873 1
639 698 1
639 761 1
639 887 1
639 996 1
640 851 1
640 741 1
640 780 1
640 864 1
640 653 1
640 728 1
640 960 1
640 989 1
640 955 1
640 735 1
640 905 1
641 696 1
641 872 1
641 721 1
641 815 1
641 948 1
641 730 1
642 683 1
642 799 1
642 921 1
642 769 1
642 754 1
642 725 1
642 968 1
643 775 1
643 770 1
643 938 1
643 830 1
643 763 1
643 934 1
644 840 1
644 662 1
644 757 1
644 802 1
644 723 1
644 761 1
644 821 1
644 676 1
644 764 1
644 714 1
644 758 1
645 779 1
645 762 1
645 897 1
645 764 1
645 707 1
645 713 1
645 808 1
645 815 1
646 717 1
646 906 1
647 811 1
647 710 1
647 929 1
647 850 1
647 863 1
647 921 1
647 926 1
648 972 1
648 742 1
648 721 1
648 774 1
648 799 1
648 998 1
648 698 1
648 760 1
648 1000 1
648 801 1
648 925 1
649 738 1
649 693 1
649 760 1
649 684 1
649 927 1
649 837 1
650 683 1
650 830 1
650 918 1
650 910 1
650 953 1
650 892 1
651 700 1
651 991 1
651 966 1
651 898 1
651 817 1
651 752 1
651 896 1
652 843 1
652 735 1
652 847 1
652 835 1
652 881 1
652 954 1
652 928 1
652 825 1
652 732 1
653 805 1
653 885 1
653 933 1
653 901 1
653 793 1
653 773 1
653 709 1
654 893 1
654 826 1
654 827 1
654 896 1
655 804 1
655 694 1
655 839 1
655 682 1
655 788 1
656 947 1
656 829 1
656 754 1
656 825 1
656 730 1
656 679 1
656 906 1
656 707 1
656 856 1
656 703 1
656 869 1
656 999 1
656 928 1
657 959 1
657 930 1
657 748 1
657 734 1
657 781 1
657 860 1
657 675 1
657 806 1
657 945 1
657 949 1
658 668 1
658 998 1
658 755 1
659 801 1
659 933 1
659 992 1
659 921 1
659 975 1
659 984 1
660 998 1
660 775 1
660 682 1
660 933 1
661 701 1
661 741 1
661 674 1
661 738 1
661 736 1
661 858 1
661 946 1
661 842 1
661 979 1
661 880 1
661 902 1
662 827 1
662 784 1
662 698 1
662 899 1
662 808 1
662 877 1
663 933 1
663 852 1
663 695 1
663 814 1
663 928 1
663 819 1
663 702 1
663 752 1
663 855 1
663 785 1
663 993 1
663 873 1
663 704 1
664 689 1
664 715 1
664 842 1
665 728 1
665 926 1
665 990 1
665 874 1
665 772 1
665 974 1
665 799 1
665 765 1
665 944 1
666 855 1
666 975 1
666 695 1
666 993 1
666 729 1
667 1000 1
667 990 1
667 718 1
667 789 1
667 851 1
667 748 1
667 873 1
667 690 1
667 924 1
667 692 1
667 695 1
668 802 1
668 865 1
668 888 1
668 733 1
668 853 1
668 880 1
669 918 1
669 975 1
669 740 1
669 722 1
669 985 1
669 817 1
669 852 1
669 754 1
670 845 1
670 872 1
670 811 1
670 922 1
670 912 1
670 836 1
670 999 1
671 928 1
671 818 1
671 802 1
671 699 1
672 686 1
672 770 1
672 842 1
672 801 1
672 778 1
673 715 1
673 929 1
673 852 1
673 697 1
673 918 1
673 824 1
674 815 1
674 822 1
674 995 1
674 888 1
674 778 1
674 739 1
674 775 1
674 756 1
674 698 1
675 803 1
675 849 1
675 703 1
675 850 1
675 773 1
676 730 1
676 847 1
676 833 1
676 712 1
676 680 1
676 751 1
676 933 1
677 869 1
677 929 1
677 888 1
677 989 1
678 900 1
678 911 1
678 803 1
678 690 1
678 874 1
678 723 1
678 843 1
678 998 1
679 920 1
679 773 1
680 683 1
680 900 1
680 959 1
680 922 1
680 961 1
680 990 1
680 938 1
680 823 1
681 960 1
681 967 1
681 912 1
681 898 1
681 856 1
681 891 1
681 879 1
681 890 1
682 780 1
682 753 1
682 790 1
682 846 1
682 701 1
682 926 1
682 872 1
682 999 1
682 849 1
682 907 1
682 976 1
682 988 1
683 803 1
683 876 1
683 877 1
683 796 1
683 757 1
683 889 1
683 966 1
683 934 1
684 892 1
684 938 1
684 783 1
684 717 1
685 782 1
685 877 1
685 939 1
685 882 1
685 789 1
685 845 1
685 801 1
686 992 1
686 798 1
686 983 1
686 708 1
686 830 1
686 795 1
687 735 1
687 833 1
687 791 1
687 826 1
688 826 1
688 921 1
688 728 1
688 979 1
688 874 1
689 776 1
689 868 1
690 798 1
690 951 1
691 896 1
691 836 1
691 895 1
691 877 1
691 813 1
692 907 1
692 954 1
692 936 1
692 905 1
692 915 1
692 776 1
692 893 1
692 778 1
693 743 1
693 699 1
693 958 1
693 855 1
693 904 1
693 895 1
694 836 1
694 902 1
694 856 1
694 805 1
694 857 1
695 757 1
695 938 1
695 706 1
695 921 1
695 965 1
695 804 1
696 947 1
696 936 1
696 743 1
696 804 1
696 799 1
696 813 1
696 717 1
697 969 1
697 752 1
697 947 1
697 998 1
697 781 1
698 798 1
698 816 1
698 933 1
698 824 1
699 778 1
699 761 1
699 808 1
699 710 1
699 987 1
699 803 1
700 705 1
700 865 1
700 931 1
700 897 1
700 987 1
701 861 1
701 722 1
701 739 1
701 893 1
701 852 1
702 944 1
702 712 1
702 922 1
702 758 1
702 908 1
702 916 1
702 919 1
702 869 1
702 845 1
703 965 1
703 733 1
703 936 1
703 824 1
704 830 1
704 882 1
704 980 1
704 828 1
704 849 1
705 716 1
705 797 1
705 850 1
705 936 1
705 852 1
705 996 1
705 826 1
705 765 1
706 724 1
706 774 1
706 945 1
706 973 1
706 795 1
706 981 1
706 720 1
706 831 1
707 888 1
707 826 1
707 821 1
707 919 1
707 744 1
707 730 1
707 781 1
707 936 1
707 864 1
707 832 1
708 830 1
708 721 1
708 871 1
708 944 1
708 937 1
709 853 1
709 710 1
709 856 1
709 881 1
709 831 1
709 784 1
709 787 1
709 925 1
709 838 1
710 960 1
710 912 1
710 874 1
710 980 1
710 714 1
711 712 1
711 883 1
711 824 1
711 743 1
711 827 1
712 816 1
712 923 1
712 970 1
712 998 1
712 878 1
712 758 1
712 929 1
713 937 1
713 809 1
713 984 1
713 992 1
713 890 1
714 768 1
714 980 1
714 856 1
714 884 1
714 871 1
714 767 1
715 783 1
715 841 1
715 775 1
715 933 1
715 816 1
715 912 1
715 887 1
716 849 1
716 744 1
716 965 1
716 867 1
716 914 1
716 985 1
716 984 1
716 924 1
717 810 1
717 967 1
717 948 1
717 906 1
717 848 1
717 732 1
717 727 1
717 776 1
717 983 1
717 921 1
717 771 1
718 734 1
718 912 1
719 967 1
719 803 1
719 900 1
720 851 1
720 769 1
720 942 1
720 892 1
720 771 1
721 738 1
721 954 1
721 950 1
721 853 1
721 814 1
721 872 1
722 889 1
722 862 1
722 809 1
722 766 1
723 750 1
723 747 1
723 998 1
723 886 1
723 824 1
723 994 1
724 895 1
724 907 1
724 994 1
724 844 1
724 885 1
725 922 1
725 981 1
725 977 1
725 836 1
726 871 1
726 772 1
726 758 1
726 748 1
727 855 1
727 894 1
727 975 1
727 972 1
727 973 1
727 791 1
727 875 1
727 809 1
728 793 1
728 967 1
728 911 1
728 789 1
729 979 1
729 911 1
729 748 1
729 771 1
730 996 1
730 847 1
730 735 1
731 930 1
731 771 1
731 938 1
731 814 1
731 956 1
732 827 1
732 770 1
732 889 1
732 966 1
732 842 1
732 837 1
732 809 1
732 960 1
732 999 1
732 791 1
732 784 1
733 915 1
733 877 1
734 794 1
734 905 1
734 937 1
734 861 1
734 779 1
734 844 1
734 853 1
734 798 1
735 916 1
735 965 1
735 785 1
735 894 1
736 811 1
736 895 1
736 896 1
736 903 1
736 990 1
736 931 1
736 890 1
737 786 1
737 943 1
737 930 1
737 834 1
737 897 1
738 970 1
738 941 1
738 998 1
738 991 1
738 908 1
738 987 1
738 832 1
739 809 1
739 919 1
739 756 1
739 758 1
739 779 1
739 850 1
739 944 1
739 931 1
739 887 1
740 806 1
740 786 1
740 969 1
740 752 1
741 912 1
741 787 1
741 859 1
741 879 1
741 750 1
741 962 1
742 769 1
742 927 1
743 949 1
743 750 1
743 797 1
743 824 1
743 877 1
743 780 1
744 770 1
744 960 1
744 925 1
744 962 1
744 748 1
744 956 1
745 958 1
745 747 1
745 939 1
745 835 1
745 824 1
745 881 1
745 832 1
745 802 1
745 759 1
745 772 1
746 794 1
746 868 1
746 984 1
746 838 1
746 843 1
746 1000 1
747 968 1
747 752 1
747 946 1
747 836 1
747 755 1
747 846 1
747 820 1
747 854 1
748 749 1
748 863 1
748 824 1
748 774 1
748 766 1
749 791 1
749 942 1
749 818 1
749 964 1
749 917 1
749 854 1
749 841 1
750 1000 1
750 923 1
750 753 1
750 812 1
750 894 1
750 820 1
751 823 1
751 887 1
751 930 1
751 966 1
751 904 1
751 818 1
751 764 1
751 752 1
751 981 1
751 973 1
751 789 1
751 917 1
751 801 1
752 834 1
752 776 1
752 800 1
752 956 1
752 889 1
753 895 1
753 824 1
753 858 1
754 992 1
754 955 1
754 780 1
754 873 1
754 839 1
755 922 1
755 857 1
755 842 1
755 952 1
755 937 1
755 971 1
756 832 1
756 978 1
756 865 1
756 788 1
757 930 1
757 837 1
757 1000 1
757 816 1
757 822 1
757 774 1
757 901 1
758 945 1
758 888 1
758 972 1
758 777 1
758 970 1
758 919 1
758 895 1
759 801 1
759 804 1
759 872 1
760 856 1
760 766 1
760 890 1
760 793 1
761 936 1
761 815 1
761 946 1
761 777 1
762 853 1
763 955 1
763 930 1
764 803 1
764 786 1
764 901 1
764 790 1
764 860 1
765 965 1
765 844 1
765 860 1
766 801 1
766 944 1
766 958 1
766 818 1
767 957 1
767 876 1
767 909 1
768 811 1
768 823 1
768 777 1
768 926 1
768 876 1
768 925 1
769 977 1
769 835 1
769 986 1
769 913 1
769 944 1
770 784 1
770 886 1
770 890 1
770 888 1
771 824 1
771 987 1
771 791 1
771 783 1
771 798 1
771 955 1
771 891 1
771 942 1
771 840 1
771 776 1
771 995 1
772 978 1
772 811 1
772 950 1
773 957 1
773 997 1
773 899 1
773 845 1
773 930 1
774 821 1
774 777 1
774 959 1
774 776 1
774 832 1
774 976 1
775 793 1
775 902 1
776 801 1
776 792 1
776 852 1
776 920 1
776 954 1
776 787 1
777 949 1
777 815 1
777 1000 1
778 919 1
778 867 1
779 866 1
779 929 1
779 814 1
780 852 1
780 886 1
780 915 1
781 871 1
782 967 1
782 794 1
782 996 1
782 799 1
782 878 1
782 939 1
783 853 1
783 953 1
783 836 1
784 935 1
784 943 1
784 892 1
784 945 1
784 924 1
785 816 1
785 912 1
785 848 1
785 966 1
785 846 1
785 971 1
785 994 1
785 835 1
785 936 1
786 849 1
786 841 1
787 832 1
787 956 1
788 869 1
788 895 1
788 976 1
788 968 1
788 885 1
789 798 1
790 798 1
790 884 1
791 930 1
791 996 1
791 974 1
791 837 1
791 983 1
791 855 1
791 917 1
792 811 1
792 846 1
792 912 1
792 1000 1
793 848 1
793 925 1
793 801 1
793 938 1
793 884 1
793 913 1
794 896 1
794 994 1
794 877 1
794 940 1
795 907 1
795 825 1
795 973 1
795 981 1
795 843 1
796 837 1
796 905 1
796 987 1
796 974 1
797 999 1
797 910 1
797 951 1
797 998 1
797 967 1
797 818 1
797 845 1
797 877 1
798 887 1
798 931 1
798 880 1
799 942 1
799 811 1
799 891 1
799 951 1
799 885 1
799 824 1
799 976 1
799 964 1
800 907 1
801 835 1
801 850 1
801 831 1
802 870 1
802 991 1
802 900 1
802 888 1
802 986 1
803 957 1
803 938 1
803 923 1
803 870 1
804 995 1
805 831 1
805 988 1
805 892 1
805 827 1
806 864 1
806 872 1
807 884 1
808 823 1
808 844 1
808 920 1
808 848 1
808 904 1
809 877 1
809 862 1
809 927 1
809 834 1
810 818 1
810 945 1
810 896 1
810 953 1
810 966 1
810 859 1
810 872 1
811 955 1
811 905 1
811 978 1
812 917 1
812 919 1
812 824 1
812 999 1
812 911 1
812 941 1
813 963 1
814 843 1
814 846 1
815 854 1
815 904 1
815 852 1
815 950 1
815 964 1
815 888 1
818 960 1
818 822 1
818 879 1
819 852 1
819 941 1
820 995 1
820 846 1
820 894 1
821 830 1
821 900 1
821 931 1
821 919 1
822 901 1
822 933 1
822 873 1
822 875 1
822 872 1
823 958 1
823 846 1
823 874 1
823 963 1
823 895 1
824 986 1
825 901 1
825 957 1
826 890 1
826 839 1
826 972 1
826 950 1
826 977 1
826 856 1
827 963 1
827 922 1
827 882 1
827 844 1
828 924 1
829 892 1
829 922 1
829 937 1
829 965 1
830 961 1
830 888 1
830 928 1
831 868 1
831 903 1
832 950 1
832 917 1
832 916 1
833 919 1
833 915 1
833 841 1
833 888 1
834 962 1
834 938 1
834 850 1
834 846 1
834 987 1
835 990 1
835 883 1
835 939 1
835 1000 1
836 952 1
836 889 1
837 975 1
837 923 1
837 988 1
837 907 1
837 887 1
837 909 1
837 1000 1
838 898 1
838 854 1
838 998 1
839 842 1
839 923 1
839 867 1
839 924 1
840 979 1
840 988 1
840 887 1
840 869 1
841 860 1
841 868 1
841 997 1
841 844 1
841 857 1
842 856 1
842 929 1
842 891 1
842 904 1
843 928 1
843 916 1
844 845 1
844 924 1
844 981 1
845 987 1
845 910 1
845 918 1
845 970 1
846 959 1
846 971 1
846 946 1
847 914 1
847 961 1
847 872 1
847 931 1
848 927 1
848 949 1
848 867 1
849 882 1
849 998 1
849 912 1
849 946 1
849 939 1
850 973 1
850 946 1
850 952 1
850 870 1
851 903 1
851 866 1
851 987 1
851 899 1
851 907 1
852 914 1
852 938 1
853 894 1
853 904 1
853 973 1
854 992 1
854 935 1
854 924 1
855 968 1
855 941 1
855 943 1
856 876 1
856 954 1
856 937 1
856 996 1
856 955 1
857 899 1
857 964 1
857 923 1
857 972 1
858 910 1
858 960 1
858 938 1
858 981 1
859 985 1
859 945 1
860 899 1
860 972 1
860 888 1
860 919 1
860 905 1
860 960 1
860 988 1
860 926 1
861 932 1
862 899 1
862 946 1
862 868 1
862 965 1
863 939 1
863 888 1
864 919 1
864 984 1
864 989 1
864 936 1
865 876 1
865 906 1
865 868 1
866 884 1
866 991 1
867 914 1
867 920 1
867 960 1
868 890 1
868 936 1
870 904 1
870 960 1
870 959 1
870 898 1
870 879 1
871 988 1
871 883 1
871 910 1
873 938 1
873 963 1
874 881 1
874 919 1
874 930 1
874 985 1
875 897 1
876 965 1
876 905 1
877 935 1
877 940 1
878 904 1
878 885 1
878 946 1
879 996 1
879 893 1
879 886 1
879 974 1
879 994 1
880 893 1
880 910 1
881 942 1
881 913 1
881 939 1
881 931 1
881 910 1
882 982 1
884 939 1
884 899 1
884 915 1
884 937 1
884 928 1
885 946 1
886 928 1
886 973 1
886 969 1
886 905 1
887 940 1
887 981 1
887 898 1
888 994 1
888 904 1
888 988 1
888 898 1
888 942 1
889 951 1
889 904 1
890 976 1
891 911 1
891 997 1
892 907 1
892 911 1
892 972 1
892 987 1
893 979 1
894 996 1
894 999 1
895 969 1
895 906 1
895 998 1
896 974 1
897 999 1
898 970 1
898 903 1
899 984 1
899 902 1
899 930 1
899 945 1
899 975 1
900 924 1
900 916 1
901 938 1
901 928 1
901 979 1
902 994 1
902 956 1
903 931 1
903 927 1
904 959 1
905 930 1
905 908 1
905 938 1
906 926 1
907 956 1
908 966 1
908 915 1
908 954 1
909 949 1
910 926 1
910 985 1
911 956 1
912 981 1
912 990 1
913 922 1
913 1000 1
914 960 1
915 990 1
915 980 1
916 992 1
916 948 1
917 942 1
917 970 1
917 932 1
918 951 1
918 954 1
920 981 1
920 971 1
921 952 1
922 966 1
922 993 1
922 928 1
923 944 1
926 942 1
926 979 1
927 937 1
927 989 1
927 928 1
929 983 1
931 995 1
931 1000 1
931 971 1
932 934 1
933 977 1
933 965 1
934 938 1
935 992 1
935 976 1
936 945 1
936 942 1
936 957 1
937 949 1
938 940 1
939 957 1
940 947 1
941 967 1
942 946 1
942 964 1
944 995 1
945 999 1
945 954 1
945 989 1
945 977 1
947 978 1
949 966 1
951 984 1
952 956 1
952 992 1
955 992 1
955 963 1
956 960 1
956 986 1
961 980 1
962 966 1
963 985 1
966 977 1
967 990 1
969 997 1
970 986 1
976 998 1
977 983 1
981 998 1
982 992 1
985 986 1
987 998 1
996 997 1
999 1000 1
