1000 9990 
1 993 1
1 828 1
1 426 1
1 351 1
1 332 1
1 836 1
1 556 1
1 51 1
1 238 1
1 48 1
1 284 1
1 401 1
1 96 1
1 490 1
1 538 1
1 455 1
1 570 1
1 835 1
1 928 1
1 17 1
1 348 1
2 538 1
2 490 1
2 530 1
2 571 1
2 109 1
2 672 1
2 525 1
2 727 1
2 33 1
2 753 1
2 881 1
2 315 1
2 59 1
2 234 1
2 43 1
2 42 1
2 793 1
2 54 1
2 227 1
2 297 1
2 57 1
2 291 1
3 563 1
3 295 1
3 395 1
3 45 1
3 654 1
3 114 1
3 181 1
3 156 1
3 372 1
3 772 1
3 204 1
3 545 1
3 812 1
3 811 1
3 610 1
3 414 1
4 470 1
4 974 1
4 440 1
4 322 1
4 316 1
4 169 1
4 609 1
4 782 1
4 306 1
4 821 1
4 172 1
4 125 1
4 550 1
4 327 1
4 862 1
4 432 1
4 652 1
4 110 1
4 992 1
4 275 1
5 900 1
5 139 1
5 515 1
5 648 1
5 261 1
5 472 1
5 840 1
5 124 1
5 925 1
5 666 1
5 132 1
5 18 1
5 386 1
5 848 1
5 716 1
5 637 1
5 239 1
5 959 1
5 736 1
5 341 1
6 743 1
6 184 1
6 19 1
6 569 1
6 786 1
6 514 1
6 216 1
6 776 1
6 177 1
6 38 1
6 409 1
6 60 1
6 272 1
6 333 1
6 93 1
7 110 1
7 484 1
7 964 1
7 918 1
7 164 1
7 563 1
7 512 1
7 698 1
7 127 1
7 480 1
7 527 1
7 634 1
7 442 1
7 836 1
7 842 1
7 455 1
7 869 1
7 335 1
7 39 1
8 723 1
8 413 1
8 393 1
8 882 1
8 814 1
8 792 1
8 112 1
8 960 1
8 980 1
8 266 1
8 636 1
8 396 1
8 495 1
8 168 1
8 597 1
8 927 1
8 107 1
8 733 1
8 576 1
8 614 1
8 609 1
8 543 1
8 197 1
8 516 1
8 89 1
9 467 1
9 985 1
9 520 1
9 625 1
9 70 1
9 49 1
9 480 1
9 490 1
9 651 1
9 354 1
9 584 1
9 628 1
9 583 1
10 535 1
10 835 1
10 833 1
10 249 1
10 83 1
10 544 1
10 925 1
10 235 1
10 485 1
10 40 1
10 413 1
10 510 1
10 760 1
10 808 1
10 946 1
10 368 1
10 862 1
10 451 1
10 99 1
10 976 1
10 514 1
11 224 1
11 32 1
11 845 1
11 560 1
11 513 1
11 833 1
11 323 1
11 590 1
11 654 1
11 930 1
11 280 1
11 612 1
11 598 1
11 43 1
11 182 1
11 858 1
11 460 1
11 989 1
11 619 1
12 778 1
12 960 1
12 105 1
12 158 1
12 761 1
12 327 1
12 285 1
12 938 1
12 171 1
12 359 1
12 723 1
12 135 1
12 906 1
12 33 1
12 827 1
13 897 1
13 171 1
13 588 1
13 151 1
13 264 1
13 871 1
13 924 1
13 363 1
13 99 1
13 859 1
13 510 1
13 567 1
13 167 1
13 460 1
13 385 1
13 651 1
13 654 1
13 391 1
13 197 1
13 555 1
14 730 1
14 174 1
14 735 1
14 519 1
14 948 1
14 771 1
14 847 1
14 760 1
14 950 1
14 55 1
14 899 1
14 386 1
14 814 1
15 108 1
15 955 1
15 462 1
15 777 1
15 869 1
15 593 1
15 982 1
15 805 1
15 448 1
15 287 1
15 759 1
15 274 1
15 755 1
15 442 1
15 470 1
15 439 1
15 873 1
15 225 1
15 427 1
16 694 1
16 910 1
16 500 1
16 258 1
16 374 1
16 270 1
16 339 1
16 55 1
16 870 1
16 649 1
16 499 1
16 564 1
16 965 1
16 73 1
16 543 1
16 267 1
16 399 1
16 43 1
16 977 1
16 731 1
16 936 1
16 290 1
16 445 1
16 67 1
16 281 1
16 945 1
16 502 1
17 773 1
17 343 1
17 606 1
17 388 1
17 626 1
17 84 1
17 156 1
17 296 1
17 463 1
17 678 1
17 695 1
17 497 1
17 813 1
17 878 1
17 516 1
17 222 1
17 935 1
17 959 1
17 419 1
17 856 1
18 169 1
18 312 1
18 680 1
18 912 1
18 275 1
18 380 1
18 733 1
18 789 1
18 536 1
18 953 1
18 256 1
19 780 1
19 342 1
19 201 1
19 480 1
19 544 1
19 789 1
19 114 1
19 824 1
19 518 1
19 821 1
19 801 1
19 420 1
19 94 1
19 239 1
19 807 1
20 784 1
20 874 1
20 548 1
20 646 1
20 301 1
20 506 1
20 270 1
20 380 1
20 976 1
20 61 1
20 353 1
20 728 1
20 30 1
20 656 1
20 332 1
20 227 1
20 386 1
20 730 1
20 52 1
20 816 1
20 185 1
20 592 1
20 570 1
20 142 1
20 915 1
21 894 1
21 150 1
21 261 1
21 781 1
21 707 1
21 429 1
21 569 1
21 168 1
21 201 1
21 348 1
21 27 1
21 929 1
21 370 1
21 137 1
21 650 1
21 380 1
21 146 1
21 871 1
21 641 1
21 37 1
21 297 1
22 772 1
22 506 1
22 945 1
22 86 1
22 741 1
22 594 1
22 800 1
22 562 1
22 230 1
22 414 1
22 370 1
22 193 1
22 627 1
22 485 1
22 138 1
22 684 1
22 782 1
22 368 1
22 791 1
22 602 1
22 242 1
22 872 1
22 803 1
23 765 1
23 142 1
23 880 1
23 294 1
23 179 1
23 658 1
23 106 1
23 522 1
23 384 1
23 705 1
23 957 1
23 822 1
23 794 1
23 787 1
23 868 1
23 219 1
23 203 1
23 206 1
23 756 1
23 428 1
24 864 1
24 151 1
24 171 1
24 657 1
24 427 1
24 345 1
24 512 1
24 617 1
24 192 1
24 812 1
24 1000 1
24 745 1
24 494 1
24 232 1
24 924 1
24 239 1
24 219 1
24 197 1
24 301 1
25 635 1
25 947 1
25 571 1
25 757 1
25 899 1
25 453 1
25 782 1
25 172 1
25 351 1
25 34 1
25 65 1
25 681 1
25 606 1
25 439 1
25 93 1
25 76 1
25 335 1
25 903 1
26 552 1
26 746 1
26 210 1
26 869 1
26 341 1
26 258 1
26 173 1
26 773 1
26 822 1
26 759 1
26 146 1
26 706 1
26 447 1
26 299 1
27 774 1
27 310 1
27 604 1
27 904 1
27 891 1
27 815 1
27 502 1
27 413 1
27 362 1
27 987 1
27 213 1
27 656 1
27 536 1
27 564 1
27 512 1
27 177 1
27 273 1
27 378 1
27 954 1
27 251 1
27 729 1
27 886 1
28 159 1
28 725 1
28 606 1
28 460 1
28 470 1
28 248 1
28 108 1
28 274 1
28 973 1
28 552 1
28 917 1
28 637 1
28 84 1
28 60 1
28 579 1
28 178 1
28 360 1
28 959 1
28 698 1
29 277 1
29 638 1
29 758 1
29 676 1
29 764 1
29 810 1
29 417 1
29 961 1
29 526 1
29 641 1
29 811 1
29 960 1
29 827 1
29 931 1
29 159 1
29 549 1
29 754 1
29 164 1
29 395 1
29 423 1
30 521 1
30 225 1
30 119 1
30 237 1
30 405 1
30 758 1
30 925 1
30 859 1
30 48 1
30 64 1
30 804 1
30 684 1
30 934 1
30 962 1
30 586 1
30 987 1
30 202 1
30 478 1
31 710 1
31 900 1
31 573 1
31 703 1
31 315 1
31 691 1
31 477 1
31 111 1
31 668 1
31 745 1
31 946 1
31 38 1
31 802 1
31 252 1
31 190 1
31 969 1
31 391 1
31 488 1
31 674 1
31 904 1
31 885 1
31 766 1
31 717 1
31 462 1
32 387 1
32 474 1
32 720 1
32 587 1
32 986 1
32 973 1
32 925 1
32 869 1
32 972 1
32 665 1
32 179 1
32 909 1
32 41 1
32 512 1
32 742 1
32 157 1
32 115 1
32 823 1
32 249 1
33 347 1
33 830 1
33 501 1
33 692 1
33 603 1
33 622 1
33 267 1
33 758 1
33 716 1
33 89 1
33 204 1
33 729 1
33 321 1
33 317 1
33 947 1
33 535 1
33 671 1
33 356 1
33 605 1
33 382 1
33 271 1
33 759 1
33 833 1
33 300 1
34 794 1
34 136 1
34 801 1
34 277 1
34 618 1
34 704 1
34 544 1
34 222 1
34 531 1
34 237 1
34 848 1
34 103 1
34 270 1
34 838 1
34 558 1
34 898 1
34 891 1
34 469 1
35 349 1
35 694 1
35 407 1
35 641 1
35 961 1
35 178 1
35 785 1
35 452 1
35 252 1
35 144 1
35 305 1
35 411 1
35 68 1
35 558 1
35 590 1
35 350 1
35 298 1
35 300 1
35 309 1
35 343 1
35 220 1
35 109 1
35 825 1
36 586 1
36 394 1
36 121 1
36 170 1
36 559 1
36 458 1
36 894 1
36 722 1
36 957 1
36 582 1
36 352 1
36 614 1
36 747 1
36 164 1
36 581 1
36 50 1
36 788 1
36 281 1
36 70 1
36 492 1
37 803 1
37 682 1
37 290 1
37 217 1
37 266 1
37 155 1
37 745 1
37 937 1
37 455 1
37 860 1
37 247 1
37 97 1
37 122 1
37 813 1
37 57 1
37 604 1
37 470 1
37 565 1
37 176 1
37 437 1
37 398 1
38 884 1
38 618 1
38 280 1
38 490 1
38 682 1
38 288 1
38 887 1
38 107 1
38 516 1
38 596 1
38 277 1
38 161 1
38 352 1
38 930 1
38 393 1
38 896 1
38 555 1
38 744 1
38 662 1
38 668 1
38 133 1
38 500 1
39 410 1
39 455 1
39 998 1
39 371 1
39 69 1
39 198 1
39 559 1
39 245 1
39 750 1
39 345 1
39 102 1
39 953 1
39 592 1
39 654 1
39 124 1
39 807 1
39 626 1
39 720 1
39 251 1
39 578 1
39 997 1
40 237 1
40 165 1
40 247 1
40 511 1
40 848 1
40 387 1
40 314 1
40 844 1
40 259 1
40 203 1
40 743 1
40 582 1
40 103 1
40 703 1
40 732 1
40 616 1
40 318 1
40 463 1
40 384 1
41 872 1
41 801 1
41 901 1
41 575 1
41 444 1
41 567 1
41 325 1
41 477 1
41 791 1
41 639 1
41 633 1
41 708 1
41 596 1
41 590 1
41 515 1
41 509 1
41 529 1
41 323 1
41 221 1
41 748 1
41 889 1
41 742 1
42 311 1
42 636 1
42 130 1
42 436 1
42 227 1
42 791 1
42 670 1
42 883 1
42 884 1
42 250 1
42 336 1
42 363 1
42 897 1
42 348 1
42 585 1
42 598 1
42 443 1
42 705 1
42 827 1
43 284 1
43 974 1
43 633 1
43 685 1
43 902 1
43 83 1
43 473 1
43 594 1
43 159 1
43 899 1
43 717 1
43 396 1
43 593 1
43 392 1
43 114 1
43 250 1
43 779 1
43 652 1
44 295 1
44 235 1
44 805 1
44 823 1
44 165 1
44 899 1
44 772 1
44 402 1
44 424 1
44 652 1
44 838 1
44 207 1
44 362 1
44 686 1
44 648 1
45 413 1
45 480 1
45 397 1
45 373 1
45 640 1
45 737 1
45 807 1
45 425 1
45 475 1
45 461 1
45 876 1
45 538 1
45 366 1
45 832 1
45 656 1
45 833 1
46 730 1
46 797 1
46 370 1
46 946 1
46 150 1
46 917 1
46 992 1
46 348 1
46 160 1
46 140 1
46 338 1
46 154 1
46 853 1
46 105 1
46 483 1
46 632 1
46 400 1
46 940 1
46 177 1
46 851 1
46 994 1
46 996 1
46 739 1
46 712 1
46 795 1
46 987 1
46 941 1
47 230 1
47 622 1
47 755 1
47 394 1
47 593 1
47 626 1
47 65 1
47 617 1
47 59 1
47 85 1
47 671 1
47 766 1
47 875 1
47 661 1
47 411 1
47 539 1
47 591 1
47 269 1
47 291 1
48 247 1
48 340 1
48 790 1
48 904 1
48 442 1
48 205 1
48 660 1
48 97 1
48 548 1
48 289 1
48 609 1
48 811 1
48 614 1
48 762 1
49 475 1
49 393 1
49 244 1
49 435 1
49 279 1
49 819 1
49 571 1
49 682 1
49 658 1
49 661 1
49 876 1
49 878 1
49 705 1
49 317 1
49 764 1
49 217 1
49 383 1
49 605 1
49 83 1
49 898 1
49 533 1
49 837 1
49 77 1
49 692 1
49 127 1
49 208 1
50 539 1
50 804 1
50 833 1
50 667 1
50 402 1
50 823 1
50 190 1
50 165 1
50 728 1
50 193 1
50 366 1
50 290 1
50 96 1
50 210 1
51 764 1
51 900 1
51 905 1
51 740 1
51 99 1
51 572 1
51 569 1
51 551 1
51 879 1
51 103 1
51 605 1
51 998 1
51 509 1
51 453 1
51 680 1
51 627 1
51 639 1
51 298 1
51 478 1
51 495 1
51 348 1
51 272 1
51 379 1
52 841 1
52 242 1
52 116 1
52 879 1
52 82 1
52 404 1
52 131 1
52 299 1
52 722 1
52 254 1
52 753 1
52 735 1
52 103 1
52 743 1
53 364 1
53 197 1
53 688 1
53 856 1
53 913 1
53 267 1
53 240 1
53 779 1
53 384 1
53 622 1
53 499 1
53 481 1
53 163 1
53 720 1
53 131 1
53 888 1
53 295 1
53 877 1
53 417 1
53 747 1
53 435 1
53 571 1
53 265 1
54 428 1
54 529 1
54 817 1
54 804 1
54 271 1
54 695 1
54 769 1
54 157 1
54 263 1
54 185 1
54 147 1
54 855 1
54 582 1
54 345 1
54 381 1
54 84 1
54 139 1
54 928 1
54 631 1
55 477 1
55 547 1
55 671 1
55 761 1
55 652 1
55 381 1
55 994 1
55 189 1
55 669 1
55 188 1
55 62 1
55 399 1
55 80 1
55 569 1
55 953 1
55 798 1
55 112 1
55 446 1
55 841 1
55 668 1
55 317 1
55 320 1
55 895 1
55 306 1
55 333 1
55 773 1
56 201 1
56 280 1
56 973 1
56 691 1
56 144 1
56 535 1
56 216 1
56 750 1
56 812 1
56 737 1
56 743 1
56 975 1
56 794 1
56 536 1
56 586 1
56 899 1
56 525 1
57 586 1
57 942 1
57 285 1
57 248 1
57 975 1
57 580 1
57 543 1
57 178 1
57 472 1
57 307 1
57 126 1
57 174 1
58 632 1
58 837 1
58 345 1
58 852 1
58 246 1
58 839 1
58 357 1
58 146 1
58 745 1
58 816 1
58 476 1
58 519 1
58 737 1
58 200 1
58 702 1
58 755 1
58 528 1
58 605 1
59 942 1
59 651 1
59 961 1
59 521 1
59 511 1
59 430 1
59 758 1
59 570 1
59 90 1
59 289 1
59 206 1
59 506 1
59 690 1
59 712 1
59 686 1
59 232 1
59 576 1
59 794 1
59 632 1
59 776 1
59 399 1
60 301 1
60 172 1
60 324 1
60 654 1
60 277 1
60 426 1
60 711 1
60 466 1
60 605 1
60 125 1
60 72 1
60 731 1
60 179 1
60 867 1
60 506 1
60 205 1
60 601 1
60 443 1
60 170 1
60 733 1
60 210 1
60 383 1
60 566 1
61 98 1
61 92 1
61 563 1
61 710 1
61 202 1
61 224 1
61 719 1
61 720 1
61 838 1
61 619 1
61 803 1
61 886 1
61 333 1
61 655 1
61 546 1
61 598 1
62 265 1
62 245 1
62 349 1
62 762 1
62 448 1
62 273 1
62 84 1
62 959 1
62 282 1
62 87 1
62 197 1
62 682 1
62 999 1
63 854 1
63 929 1
63 221 1
63 640 1
63 931 1
63 717 1
63 551 1
63 693 1
63 851 1
63 879 1
64 139 1
64 114 1
64 841 1
64 788 1
64 515 1
64 328 1
64 633 1
64 383 1
64 958 1
64 423 1
65 647 1
65 125 1
65 205 1
65 792 1
65 259 1
65 400 1
65 797 1
65 799 1
65 101 1
65 120 1
65 666 1
65 71 1
65 718 1
65 959 1
65 467 1
65 635 1
65 243 1
65 844 1
65 162 1
66 73 1
66 707 1
66 676 1
66 964 1
66 412 1
66 986 1
66 639 1
66 817 1
66 137 1
66 426 1
66 594 1
66 765 1
66 569 1
66 449 1
66 488 1
66 618 1
66 289 1
66 300 1
66 380 1
66 806 1
66 176 1
67 444 1
67 818 1
67 679 1
67 344 1
67 613 1
67 814 1
67 309 1
67 221 1
67 830 1
67 960 1
67 305 1
67 494 1
67 78 1
67 481 1
67 437 1
67 195 1
67 177 1
67 977 1
67 757 1
68 816 1
68 694 1
68 310 1
68 638 1
68 146 1
68 937 1
68 284 1
68 412 1
68 655 1
68 264 1
68 669 1
68 883 1
68 196 1
68 707 1
68 500 1
68 371 1
69 593 1
69 610 1
69 521 1
69 469 1
69 464 1
69 120 1
69 70 1
69 278 1
69 263 1
69 908 1
69 996 1
69 332 1
69 578 1
69 142 1
69 501 1
69 449 1
69 561 1
69 287 1
69 642 1
69 362 1
69 687 1
69 656 1
69 514 1
69 160 1
69 172 1
70 417 1
70 860 1
70 792 1
70 884 1
70 268 1
70 122 1
70 145 1
70 81 1
70 204 1
70 656 1
70 552 1
70 388 1
70 929 1
70 228 1
70 424 1
70 355 1
70 445 1
71 506 1
71 855 1
71 798 1
71 377 1
71 560 1
71 502 1
71 425 1
71 408 1
71 184 1
71 858 1
71 452 1
71 970 1
71 744 1
71 834 1
71 924 1
71 546 1
71 874 1
71 110 1
71 148 1
71 575 1
71 233 1
71 776 1
72 701 1
72 352 1
72 314 1
72 878 1
72 861 1
72 965 1
72 689 1
72 82 1
72 126 1
72 148 1
72 530 1
72 669 1
72 101 1
72 242 1
72 454 1
72 362 1
72 642 1
72 300 1
72 739 1
72 659 1
72 811 1
72 840 1
72 904 1
73 401 1
73 766 1
73 589 1
73 305 1
73 507 1
73 402 1
73 288 1
73 643 1
73 815 1
73 253 1
73 185 1
73 930 1
73 490 1
73 782 1
73 698 1
73 788 1
74 296 1
74 827 1
74 464 1
74 828 1
74 198 1
74 602 1
74 306 1
74 762 1
74 775 1
74 242 1
74 666 1
74 441 1
74 568 1
74 648 1
74 962 1
74 880 1
75 442 1
75 188 1
75 179 1
75 330 1
75 717 1
75 978 1
75 115 1
75 410 1
75 958 1
75 847 1
75 716 1
75 212 1
75 148 1
75 170 1
75 166 1
75 908 1
75 336 1
75 790 1
75 892 1
76 253 1
76 490 1
76 360 1
76 532 1
76 955 1
76 466 1
76 740 1
76 427 1
76 822 1
76 611 1
76 914 1
76 208 1
76 554 1
76 403 1
77 627 1
77 321 1
77 157 1
77 869 1
77 532 1
77 439 1
77 920 1
77 164 1
77 747 1
77 214 1
77 733 1
77 525 1
77 797 1
77 892 1
77 798 1
77 111 1
77 761 1
77 899 1
77 263 1
77 120 1
77 290 1
77 973 1
77 125 1
77 715 1
78 342 1
78 286 1
78 314 1
78 208 1
78 293 1
78 802 1
78 315 1
78 243 1
78 180 1
78 443 1
78 529 1
78 316 1
78 747 1
79 328 1
79 210 1
79 236 1
79 87 1
79 113 1
79 454 1
79 666 1
79 562 1
79 327 1
79 307 1
79 255 1
79 473 1
79 279 1
79 148 1
79 467 1
79 119 1
80 823 1
80 193 1
80 606 1
80 857 1
80 574 1
80 995 1
80 687 1
80 374 1
80 425 1
80 536 1
80 153 1
80 432 1
80 841 1
80 636 1
80 974 1
80 825 1
80 630 1
80 745 1
80 902 1
80 325 1
80 311 1
80 90 1
81 166 1
81 570 1
81 826 1
81 820 1
81 780 1
81 267 1
81 591 1
81 207 1
81 899 1
81 284 1
81 805 1
81 381 1
81 409 1
81 256 1
81 476 1
81 910 1
81 518 1
81 883 1
81 555 1
81 118 1
82 352 1
82 255 1
82 361 1
82 918 1
82 514 1
82 239 1
82 188 1
82 301 1
82 890 1
82 132 1
82 141 1
82 439 1
82 427 1
82 722 1
82 353 1
82 252 1
82 837 1
82 767 1
82 154 1
82 481 1
82 312 1
82 791 1
82 316 1
83 330 1
83 247 1
83 821 1
83 663 1
83 176 1
83 748 1
83 692 1
83 879 1
83 651 1
83 253 1
83 971 1
83 472 1
83 102 1
83 777 1
83 177 1
83 285 1
83 515 1
83 489 1
83 317 1
83 329 1
84 851 1
84 672 1
84 141 1
84 213 1
84 427 1
84 385 1
84 887 1
84 142 1
84 112 1
84 366 1
84 889 1
84 890 1
84 913 1
84 228 1
84 780 1
84 700 1
84 940 1
84 169 1
84 474 1
85 319 1
85 826 1
85 672 1
85 568 1
85 445 1
85 294 1
85 333 1
85 530 1
85 199 1
85 882 1
85 497 1
85 695 1
85 486 1
85 855 1
85 661 1
85 538 1
85 795 1
85 111 1
85 374 1
85 248 1
85 105 1
85 92 1
85 903 1
86 375 1
86 517 1
86 565 1
86 891 1
86 460 1
86 311 1
86 489 1
86 731 1
86 835 1
86 221 1
86 745 1
86 346 1
86 580 1
86 412 1
86 511 1
86 687 1
87 741 1
87 662 1
87 341 1
87 737 1
87 977 1
87 244 1
87 289 1
87 251 1
87 130 1
87 349 1
87 538 1
87 808 1
87 262 1
87 549 1
88 938 1
88 121 1
88 540 1
88 265 1
88 783 1
88 939 1
88 572 1
88 789 1
88 328 1
88 349 1
88 522 1
89 927 1
89 490 1
89 924 1
89 422 1
89 604 1
89 232 1
89 752 1
89 492 1
89 855 1
89 668 1
89 857 1
89 756 1
89 639 1
90 739 1
90 849 1
90 326 1
90 992 1
90 533 1
90 823 1
90 562 1
90 779 1
90 517 1
90 866 1
90 363 1
90 620 1
90 633 1
90 713 1
90 324 1
90 476 1
91 545 1
91 809 1
91 410 1
91 791 1
91 128 1
91 657 1
91 600 1
91 848 1
91 748 1
91 399 1
92 209 1
92 462 1
92 675 1
92 902 1
92 659 1
92 564 1
92 369 1
92 256 1
92 785 1
92 562 1
92 100 1
92 333 1
92 308 1
92 468 1
92 97 1
92 197 1
93 601 1
93 406 1
93 361 1
93 882 1
93 605 1
93 565 1
93 360 1
93 382 1
93 987 1
93 262 1
93 809 1
93 442 1
93 693 1
93 130 1
93 720 1
93 516 1
93 704 1
93 411 1
93 947 1
93 862 1
93 655 1
94 366 1
94 842 1
94 108 1
94 232 1
94 323 1
94 507 1
94 798 1
94 542 1
94 913 1
94 861 1
94 543 1
94 169 1
95 213 1
95 881 1
95 920 1
95 233 1
95 837 1
95 618 1
95 117 1
95 555 1
95 225 1
95 568 1
95 219 1
95 898 1
95 683 1
95 239 1
95 275 1
95 761 1
95 482 1
95 467 1
96 217 1
96 813 1
96 524 1
96 589 1
96 954 1
96 800 1
96 232 1
96 104 1
96 801 1
96 462 1
96 867 1
96 291 1
96 711 1
96 333 1
96 700 1
96 641 1
96 812 1
96 694 1
96 860 1
96 845 1
96 863 1
96 155 1
96 246 1
96 162 1
96 965 1
96 144 1
96 100 1
96 154 1
96 923 1
96 593 1
96 952 1
96 485 1
97 912 1
97 506 1
97 121 1
97 262 1
97 945 1
97 788 1
97 119 1
97 813 1
97 128 1
97 453 1
97 311 1
97 204 1
97 874 1
97 997 1
97 235 1
97 123 1
97 124 1
97 329 1
98 901 1
98 131 1
98 107 1
98 683 1
98 124 1
98 672 1
98 680 1
98 736 1
98 242 1
98 958 1
98 706 1
98 620 1
98 329 1
98 693 1
98 323 1
98 213 1
98 811 1
98 464 1
98 118 1
98 572 1
98 632 1
98 338 1
98 796 1
98 649 1
98 133 1
98 960 1
98 600 1
99 485 1
99 161 1
99 736 1
99 575 1
99 209 1
99 608 1
99 517 1
99 440 1
99 765 1
99 908 1
99 129 1
99 326 1
99 584 1
99 573 1
99 653 1
99 700 1
99 262 1
99 911 1
99 809 1
99 947 1
99 236 1
99 857 1
99 524 1
99 549 1
99 752 1
99 805 1
100 719 1
100 945 1
100 114 1
100 676 1
100 657 1
100 537 1
100 231 1
100 494 1
100 523 1
100 818 1
100 135 1
100 273 1
100 626 1
100 559 1
100 633 1
100 935 1
100 249 1
100 658 1
100 914 1
100 801 1
100 602 1
100 696 1
100 531 1
100 257 1
101 524 1
101 517 1
101 698 1
101 967 1
101 341 1
101 260 1
101 787 1
101 712 1
101 718 1
101 118 1
101 193 1
101 756 1
101 853 1
101 940 1
102 940 1
102 707 1
102 272 1
102 119 1
102 527 1
102 790 1
102 806 1
102 935 1
102 219 1
102 258 1
102 481 1
102 180 1
102 552 1
102 525 1
102 398 1
102 123 1
102 831 1
102 127 1
102 814 1
102 874 1
102 241 1
102 428 1
102 693 1
103 869 1
103 769 1
103 502 1
103 352 1
103 374 1
103 863 1
103 584 1
103 606 1
103 171 1
103 678 1
103 284 1
103 552 1
103 456 1
103 858 1
103 288 1
103 495 1
103 524 1
104 265 1
104 133 1
104 621 1
104 547 1
104 288 1
104 996 1
104 674 1
104 636 1
104 321 1
104 693 1
104 857 1
104 451 1
104 410 1
104 824 1
104 775 1
104 993 1
104 869 1
104 461 1
105 659 1
105 622 1
105 771 1
105 544 1
105 152 1
105 682 1
105 395 1
105 526 1
105 768 1
105 194 1
105 814 1
105 920 1
105 691 1
105 997 1
105 543 1
105 595 1
105 660 1
105 527 1
105 733 1
105 790 1
105 491 1
106 965 1
106 962 1
106 153 1
106 331 1
106 238 1
106 648 1
106 160 1
106 112 1
107 572 1
107 243 1
107 749 1
107 707 1
107 598 1
107 916 1
107 326 1
107 854 1
107 621 1
107 366 1
107 315 1
107 775 1
107 219 1
107 214 1
107 820 1
107 709 1
108 955 1
108 602 1
108 895 1
108 729 1
108 842 1
108 385 1
108 734 1
108 854 1
108 375 1
108 821 1
108 313 1
108 967 1
108 622 1
108 149 1
108 449 1
108 307 1
108 942 1
108 543 1
108 209 1
108 318 1
108 562 1
108 784 1
109 765 1
109 183 1
109 150 1
109 637 1
109 696 1
109 925 1
109 110 1
109 207 1
109 380 1
109 761 1
109 533 1
109 167 1
109 607 1
109 449 1
110 412 1
110 307 1
110 940 1
110 373 1
110 274 1
110 145 1
110 935 1
110 748 1
110 332 1
110 283 1
110 472 1
110 146 1
110 125 1
110 480 1
110 516 1
110 870 1
110 401 1
110 876 1
110 943 1
111 897 1
111 416 1
111 648 1
111 970 1
111 914 1
111 637 1
111 854 1
111 375 1
111 517 1
111 945 1
111 469 1
111 395 1
111 465 1
111 471 1
111 434 1
111 527 1
111 232 1
111 966 1
111 979 1
111 717 1
112 964 1
112 802 1
112 249 1
112 803 1
112 485 1
112 623 1
112 588 1
112 789 1
112 391 1
112 411 1
112 339 1
112 263 1
112 302 1
112 523 1
112 655 1
113 880 1
113 155 1
113 428 1
113 837 1
113 329 1
113 119 1
113 950 1
113 285 1
113 877 1
113 673 1
113 343 1
113 191 1
113 784 1
113 867 1
113 355 1
113 204 1
113 222 1
114 597 1
114 192 1
114 790 1
114 785 1
114 958 1
114 217 1
114 423 1
114 896 1
114 687 1
114 721 1
114 135 1
114 817 1
114 367 1
115 459 1
115 337 1
115 470 1
115 242 1
115 215 1
115 860 1
115 342 1
115 805 1
115 341 1
115 549 1
115 901 1
115 656 1
115 219 1
115 942 1
115 820 1
115 618 1
115 628 1
115 377 1
116 479 1
116 132 1
116 864 1
116 840 1
116 920 1
116 528 1
116 281 1
116 379 1
116 523 1
116 719 1
116 537 1
116 204 1
116 348 1
116 567 1
116 619 1
116 857 1
116 627 1
116 966 1
116 766 1
116 842 1
116 174 1
116 397 1
116 577 1
116 497 1
116 343 1
116 844 1
116 249 1
117 308 1
117 569 1
117 561 1
117 951 1
117 230 1
117 420 1
117 160 1
117 431 1
117 629 1
117 628 1
117 717 1
117 959 1
117 301 1
117 391 1
117 303 1
117 430 1
117 931 1
117 241 1
117 440 1
117 799 1
117 172 1
117 377 1
118 232 1
118 437 1
118 156 1
118 517 1
118 291 1
118 850 1
118 926 1
118 878 1
118 921 1
118 539 1
118 225 1
118 446 1
118 800 1
118 681 1
119 173 1
119 409 1
119 630 1
119 558 1
119 197 1
119 318 1
119 216 1
119 400 1
119 307 1
119 194 1
119 939 1
119 712 1
119 243 1
119 299 1
119 456 1
119 827 1
119 851 1
119 419 1
119 613 1
119 850 1
120 583 1
120 225 1
120 752 1
120 658 1
120 448 1
120 952 1
120 982 1
120 339 1
120 779 1
120 746 1
120 299 1
120 358 1
120 808 1
120 190 1
120 623 1
120 126 1
120 149 1
121 174 1
121 321 1
121 240 1
121 357 1
121 487 1
121 754 1
121 648 1
121 341 1
121 855 1
121 704 1
121 387 1
121 291 1
121 948 1
121 947 1
121 673 1
122 926 1
122 619 1
122 442 1
122 757 1
122 277 1
122 470 1
122 553 1
122 819 1
122 380 1
122 335 1
122 309 1
122 368 1
122 377 1
122 980 1
122 215 1
122 927 1
122 460 1
122 488 1
122 688 1
122 219 1
123 614 1
123 702 1
123 851 1
123 768 1
123 242 1
123 975 1
123 631 1
123 794 1
123 967 1
123 718 1
124 872 1
124 773 1
124 222 1
124 600 1
124 781 1
124 758 1
124 271 1
124 667 1
124 347 1
124 188 1
124 424 1
124 930 1
124 856 1
124 373 1
124 438 1
124 837 1
124 184 1
124 365 1
124 302 1
125 275 1
125 908 1
125 357 1
125 199 1
125 647 1
125 697 1
125 665 1
125 230 1
125 245 1
125 933 1
125 391 1
125 754 1
125 897 1
125 184 1
125 639 1
125 202 1
125 514 1
125 453 1
125 577 1
126 670 1
126 630 1
126 665 1
126 586 1
126 346 1
126 480 1
126 353 1
126 447 1
126 651 1
126 157 1
126 424 1
126 616 1
126 325 1
126 393 1
126 809 1
126 969 1
126 370 1
127 390 1
127 458 1
127 282 1
127 548 1
127 345 1
127 314 1
127 475 1
127 756 1
127 648 1
127 272 1
127 342 1
127 363 1
127 141 1
127 504 1
128 490 1
128 591 1
128 783 1
128 744 1
128 194 1
128 988 1
128 653 1
128 906 1
128 408 1
128 563 1
128 567 1
128 927 1
128 493 1
128 657 1
128 858 1
128 468 1
128 900 1
128 884 1
128 183 1
128 462 1
128 935 1
128 806 1
129 678 1
129 475 1
129 363 1
129 639 1
129 279 1
129 647 1
129 691 1
129 868 1
129 638 1
129 955 1
129 921 1
129 488 1
130 422 1
130 870 1
130 717 1
130 816 1
130 934 1
130 730 1
130 891 1
130 277 1
130 427 1
130 846 1
130 510 1
130 617 1
130 364 1
130 958 1
130 639 1
130 718 1
131 880 1
131 990 1
131 345 1
131 956 1
131 259 1
131 991 1
131 938 1
131 419 1
131 745 1
131 377 1
131 241 1
131 928 1
131 538 1
131 845 1
131 216 1
131 422 1
132 329 1
132 650 1
132 215 1
132 625 1
132 890 1
132 964 1
132 749 1
132 961 1
132 307 1
132 280 1
132 715 1
132 635 1
132 457 1
132 505 1
133 454 1
133 359 1
133 383 1
133 699 1
133 824 1
133 429 1
133 405 1
133 256 1
133 165 1
133 208 1
134 779 1
134 363 1
134 441 1
134 291 1
134 655 1
134 654 1
134 893 1
134 717 1
134 458 1
134 504 1
134 358 1
134 551 1
134 372 1
134 325 1
134 220 1
134 190 1
134 603 1
134 564 1
134 996 1
134 373 1
134 230 1
134 736 1
135 701 1
135 423 1
135 606 1
135 188 1
135 174 1
135 479 1
135 193 1
135 631 1
135 173 1
135 520 1
136 849 1
136 616 1
136 929 1
136 513 1
136 657 1
136 571 1
136 262 1
136 563 1
136 564 1
136 299 1
136 570 1
136 959 1
136 285 1
136 796 1
136 170 1
136 196 1
136 864 1
136 749 1
136 968 1
136 907 1
136 370 1
136 856 1
136 353 1
137 480 1
137 467 1
137 981 1
137 639 1
137 820 1
137 498 1
137 942 1
137 865 1
137 595 1
137 463 1
137 754 1
137 547 1
137 903 1
137 743 1
137 389 1
137 915 1
137 370 1
138 218 1
138 911 1
138 881 1
138 961 1
138 145 1
138 776 1
138 586 1
138 160 1
138 527 1
138 838 1
138 699 1
138 540 1
138 274 1
138 272 1
138 484 1
138 331 1
138 216 1
139 309 1
139 209 1
139 530 1
139 603 1
139 760 1
139 927 1
139 593 1
139 670 1
139 564 1
139 680 1
139 575 1
139 714 1
139 745 1
139 303 1
139 238 1
139 759 1
140 523 1
140 638 1
140 607 1
140 703 1
140 911 1
140 625 1
140 926 1
140 683 1
140 356 1
140 223 1
140 304 1
140 609 1
140 977 1
140 661 1
141 602 1
141 160 1
141 903 1
141 921 1
141 784 1
141 298 1
141 146 1
141 301 1
141 295 1
141 587 1
141 355 1
141 418 1
141 914 1
142 268 1
142 960 1
142 499 1
142 202 1
142 322 1
142 180 1
142 813 1
142 294 1
142 162 1
142 888 1
142 777 1
142 145 1
142 500 1
142 970 1
142 470 1
142 636 1
142 676 1
142 690 1
142 805 1
142 595 1
142 980 1
143 221 1
143 612 1
143 902 1
143 268 1
143 394 1
143 439 1
143 456 1
143 942 1
143 706 1
143 816 1
143 928 1
143 469 1
143 223 1
143 694 1
143 182 1
144 493 1
144 754 1
144 685 1
144 748 1
144 466 1
144 838 1
144 171 1
144 856 1
144 327 1
144 582 1
144 939 1
144 157 1
144 173 1
144 238 1
144 444 1
144 969 1
144 859 1
144 521 1
145 386 1
145 887 1
145 981 1
145 616 1
145 674 1
145 766 1
145 797 1
145 425 1
145 632 1
145 761 1
145 375 1
145 568 1
145 804 1
145 535 1
145 830 1
145 780 1
145 283 1
145 822 1
146 154 1
146 706 1
146 859 1
146 284 1
146 879 1
146 749 1
146 911 1
146 634 1
146 472 1
146 330 1
146 206 1
146 883 1
146 806 1
146 399 1
146 655 1
146 901 1
146 485 1
147 951 1
147 849 1
147 570 1
147 424 1
147 556 1
147 401 1
147 803 1
147 721 1
147 784 1
147 954 1
147 514 1
147 432 1
148 856 1
148 355 1
148 644 1
148 486 1
148 511 1
148 514 1
148 888 1
148 229 1
148 873 1
148 434 1
148 605 1
148 519 1
148 673 1
148 547 1
148 995 1
148 793 1
148 159 1
148 722 1
149 290 1
149 737 1
149 247 1
149 720 1
149 735 1
149 268 1
149 787 1
149 497 1
149 776 1
149 742 1
149 893 1
149 599 1
150 680 1
150 228 1
150 447 1
150 599 1
150 202 1
150 723 1
150 620 1
150 952 1
150 731 1
150 869 1
150 332 1
150 865 1
150 947 1
150 709 1
150 861 1
150 905 1
150 661 1
151 208 1
151 330 1
151 326 1
151 292 1
151 168 1
151 422 1
151 854 1
151 699 1
151 648 1
151 685 1
151 154 1
151 318 1
151 416 1
151 741 1
151 819 1
151 465 1
151 826 1
151 895 1
151 872 1
151 216 1
151 799 1
151 811 1
151 864 1
152 665 1
152 699 1
152 426 1
152 170 1
152 686 1
152 286 1
152 394 1
152 560 1
152 259 1
152 923 1
152 656 1
152 496 1
152 629 1
152 869 1
152 567 1
152 855 1
152 732 1
152 973 1
152 677 1
152 206 1
153 303 1
153 869 1
153 607 1
153 777 1
153 949 1
153 866 1
153 310 1
153 482 1
153 247 1
153 919 1
153 470 1
153 242 1
153 487 1
153 709 1
153 369 1
153 725 1
153 850 1
153 464 1
153 837 1
154 632 1
154 233 1
154 566 1
154 518 1
154 276 1
154 418 1
154 746 1
154 516 1
154 315 1
154 317 1
154 981 1
154 899 1
154 431 1
154 711 1
154 668 1
154 813 1
154 774 1
154 478 1
154 731 1
155 234 1
155 260 1
155 556 1
155 981 1
155 399 1
155 454 1
155 438 1
155 212 1
155 476 1
155 336 1
155 608 1
155 173 1
155 265 1
155 754 1
156 669 1
156 528 1
156 646 1
156 536 1
156 276 1
156 983 1
156 272 1
156 884 1
156 726 1
156 529 1
156 769 1
156 917 1
156 553 1
156 271 1
156 622 1
156 256 1
156 381 1
156 475 1
156 863 1
156 178 1
156 858 1
157 772 1
157 588 1
157 972 1
157 740 1
157 914 1
157 623 1
157 937 1
157 388 1
157 194 1
157 552 1
157 762 1
157 270 1
157 446 1
158 465 1
158 792 1
158 356 1
158 552 1
158 232 1
158 604 1
158 850 1
158 918 1
159 813 1
159 917 1
159 181 1
159 640 1
159 241 1
159 887 1
159 845 1
159 339 1
159 262 1
159 393 1
159 167 1
159 320 1
159 901 1
160 865 1
160 505 1
160 837 1
160 214 1
160 466 1
160 985 1
160 902 1
160 369 1
160 961 1
160 288 1
160 421 1
160 436 1
160 801 1
160 284 1
160 430 1
160 952 1
161 923 1
161 737 1
161 965 1
161 264 1
161 597 1
161 643 1
161 934 1
161 204 1
161 535 1
161 755 1
161 810 1
161 785 1
161 875 1
161 742 1
161 345 1
161 711 1
162 664 1
162 694 1
162 986 1
162 269 1
162 940 1
162 376 1
162 907 1
162 617 1
162 171 1
162 184 1
162 814 1
162 853 1
162 364 1
162 584 1
162 264 1
162 388 1
162 740 1
162 227 1
162 356 1
162 556 1
162 794 1
162 700 1
163 796 1
163 809 1
163 258 1
163 315 1
163 540 1
163 883 1
163 921 1
163 405 1
163 858 1
163 388 1
163 795 1
163 607 1
163 958 1
163 855 1
163 416 1
163 754 1
164 364 1
164 254 1
164 911 1
164 619 1
164 824 1
164 540 1
164 506 1
164 989 1
164 375 1
164 815 1
164 621 1
164 964 1
164 305 1
165 232 1
165 692 1
165 887 1
165 981 1
165 171 1
165 903 1
165 734 1
165 750 1
165 870 1
165 394 1
165 982 1
165 724 1
166 775 1
166 455 1
166 679 1
166 224 1
166 869 1
166 896 1
166 784 1
166 346 1
166 315 1
166 815 1
166 657 1
166 194 1
166 244 1
166 513 1
166 637 1
166 452 1
166 501 1
166 249 1
166 716 1
166 879 1
166 846 1
166 897 1
166 644 1
167 792 1
167 643 1
167 755 1
167 729 1
167 311 1
167 493 1
167 300 1
167 536 1
167 781 1
167 242 1
167 391 1
167 997 1
167 637 1
167 744 1
167 527 1
167 358 1
167 641 1
167 837 1
167 306 1
167 778 1
168 449 1
168 186 1
168 238 1
168 179 1
168 860 1
168 738 1
168 169 1
168 939 1
168 619 1
168 582 1
168 963 1
168 986 1
168 374 1
168 700 1
168 460 1
168 903 1
168 363 1
169 305 1
169 877 1
169 933 1
169 515 1
169 368 1
169 992 1
169 452 1
169 534 1
169 884 1
169 428 1
169 513 1
169 564 1
169 661 1
169 806 1
169 584 1
169 244 1
170 796 1
170 969 1
170 874 1
170 439 1
170 701 1
170 601 1
170 651 1
170 300 1
170 733 1
170 287 1
170 903 1
170 382 1
170 247 1
170 349 1
170 697 1
170 907 1
170 262 1
170 622 1
170 626 1
170 672 1
170 396 1
171 774 1
171 393 1
171 577 1
171 981 1
171 619 1
171 524 1
171 332 1
171 824 1
171 457 1
171 823 1
171 226 1
171 882 1
171 988 1
171 805 1
171 206 1
171 501 1
172 710 1
172 733 1
172 858 1
172 935 1
172 977 1
172 637 1
172 746 1
172 878 1
172 208 1
172 929 1
172 205 1
172 913 1
172 691 1
172 510 1
172 526 1
172 366 1
172 466 1
172 994 1
172 761 1
172 376 1
173 226 1
173 419 1
173 689 1
173 531 1
173 494 1
173 864 1
173 391 1
173 377 1
173 210 1
173 561 1
173 971 1
173 396 1
173 248 1
173 586 1
174 317 1
174 646 1
174 692 1
174 695 1
174 865 1
174 517 1
174 758 1
174 960 1
174 769 1
174 725 1
174 728 1
175 499 1
175 901 1
175 785 1
175 962 1
175 503 1
175 744 1
175 311 1
175 809 1
176 547 1
176 824 1
176 694 1
176 713 1
176 409 1
176 752 1
176 519 1
176 524 1
176 582 1
176 775 1
176 391 1
176 760 1
176 708 1
176 394 1
176 703 1
177 775 1
177 821 1
177 333 1
177 997 1
177 202 1
177 627 1
177 349 1
177 755 1
177 290 1
177 619 1
178 527 1
178 306 1
178 893 1
178 623 1
178 704 1
178 441 1
178 442 1
178 229 1
178 231 1
178 398 1
178 936 1
178 513 1
178 549 1
178 995 1
178 571 1
178 324 1
179 928 1
179 903 1
179 453 1
179 347 1
179 680 1
179 609 1
179 343 1
179 570 1
179 733 1
179 437 1
179 378 1
179 440 1
180 255 1
180 850 1
180 603 1
180 842 1
180 411 1
180 253 1
180 706 1
180 884 1
180 556 1
180 650 1
180 239 1
180 617 1
180 331 1
180 772 1
180 467 1
180 229 1
180 676 1
180 956 1
181 833 1
181 409 1
181 900 1
181 947 1
181 925 1
181 331 1
181 879 1
181 571 1
181 691 1
181 924 1
181 204 1
181 948 1
181 359 1
181 493 1
181 190 1
181 795 1
181 347 1
182 570 1
182 776 1
182 420 1
182 757 1
182 328 1
182 696 1
182 597 1
182 530 1
182 836 1
182 400 1
182 746 1
182 308 1
182 976 1
182 524 1
182 191 1
182 690 1
182 544 1
182 349 1
182 648 1
183 389 1
183 759 1
183 924 1
183 432 1
183 683 1
183 250 1
183 233 1
183 234 1
183 519 1
183 198 1
183 675 1
183 193 1
183 546 1
183 771 1
183 780 1
183 939 1
183 213 1
184 986 1
184 617 1
184 560 1
184 204 1
184 229 1
184 271 1
184 590 1
184 657 1
184 995 1
184 963 1
184 353 1
184 783 1
184 530 1
184 288 1
184 447 1
184 771 1
184 393 1
184 832 1
184 927 1
185 267 1
185 434 1
185 863 1
185 710 1
185 982 1
185 231 1
185 308 1
185 207 1
185 606 1
185 426 1
185 248 1
185 341 1
185 701 1
185 950 1
185 496 1
185 324 1
186 212 1
186 816 1
186 692 1
186 935 1
186 354 1
186 707 1
186 524 1
186 895 1
186 228 1
186 757 1
186 961 1
186 674 1
186 356 1
186 211 1
186 867 1
187 700 1
187 657 1
187 996 1
187 678 1
187 827 1
187 576 1
187 896 1
187 654 1
187 268 1
187 355 1
187 313 1
187 262 1
187 748 1
187 931 1
188 296 1
188 725 1
188 892 1
188 311 1
188 630 1
188 246 1
188 317 1
188 456 1
188 344 1
188 938 1
188 203 1
188 464 1
188 430 1
188 914 1
188 426 1
188 248 1
189 252 1
189 616 1
189 815 1
189 750 1
189 440 1
189 650 1
189 704 1
189 634 1
189 854 1
189 476 1
189 749 1
189 963 1
189 778 1
189 846 1
189 810 1
189 304 1
189 531 1
190 663 1
190 325 1
190 459 1
190 223 1
190 819 1
190 811 1
190 868 1
190 796 1
190 493 1
190 629 1
190 361 1
191 307 1
191 874 1
191 263 1
191 212 1
191 991 1
191 640 1
191 708 1
191 493 1
191 758 1
191 682 1
191 508 1
191 292 1
191 898 1
192 204 1
192 975 1
192 591 1
192 323 1
192 644 1
192 224 1
192 347 1
192 593 1
192 567 1
192 622 1
192 765 1
192 596 1
192 446 1
192 694 1
192 291 1
192 505 1
192 344 1
192 368 1
192 401 1
192 749 1
192 568 1
192 901 1
193 852 1
193 908 1
193 452 1
193 279 1
193 776 1
193 497 1
193 930 1
193 252 1
193 674 1
193 585 1
193 374 1
193 520 1
193 941 1
193 281 1
193 764 1
193 501 1
193 290 1
193 895 1
194 793 1
194 315 1
194 422 1
194 709 1
194 247 1
194 722 1
194 544 1
194 915 1
194 608 1
194 638 1
194 366 1
194 511 1
194 391 1
194 381 1
194 300 1
195 539 1
195 585 1
195 958 1
195 238 1
195 329 1
195 489 1
195 414 1
195 419 1
195 731 1
195 922 1
195 254 1
195 768 1
195 535 1
195 869 1
195 243 1
195 516 1
196 447 1
196 487 1
196 201 1
196 750 1
196 819 1
196 252 1
196 667 1
196 381 1
196 988 1
196 773 1
196 700 1
196 614 1
196 638 1
196 800 1
196 661 1
196 726 1
197 910 1
197 821 1
197 888 1
197 479 1
197 444 1
197 780 1
197 721 1
197 242 1
197 327 1
197 990 1
197 712 1
197 679 1
197 672 1
197 428 1
197 749 1
197 771 1
197 815 1
198 541 1
198 348 1
198 493 1
198 949 1
198 548 1
198 215 1
198 737 1
198 208 1
198 376 1
198 901 1
198 412 1
198 430 1
198 385 1
199 704 1
199 428 1
199 950 1
199 622 1
199 830 1
199 221 1
199 519 1
199 639 1
199 935 1
199 548 1
199 746 1
199 715 1
200 284 1
200 564 1
200 748 1
200 836 1
200 872 1
200 216 1
200 615 1
200 614 1
200 657 1
200 206 1
200 675 1
200 791 1
200 624 1
200 446 1
200 469 1
200 901 1
200 255 1
201 311 1
201 246 1
201 876 1
201 827 1
201 577 1
201 575 1
201 623 1
201 737 1
201 231 1
201 610 1
201 651 1
201 561 1
201 461 1
201 375 1
201 867 1
201 645 1
201 253 1
201 269 1
201 841 1
201 324 1
202 262 1
202 237 1
202 465 1
202 327 1
202 601 1
202 694 1
202 345 1
202 969 1
202 912 1
202 576 1
202 747 1
202 610 1
202 627 1
202 972 1
202 306 1
203 223 1
203 414 1
203 469 1
203 666 1
203 424 1
203 786 1
203 316 1
203 934 1
203 465 1
203 250 1
203 451 1
203 440 1
203 574 1
203 922 1
203 696 1
203 754 1
203 679 1
203 805 1
204 612 1
204 700 1
204 251 1
204 645 1
204 630 1
204 636 1
204 554 1
204 952 1
204 905 1
204 794 1
204 975 1
204 367 1
204 491 1
204 590 1
204 334 1
204 220 1
204 740 1
204 837 1
204 472 1
204 272 1
204 626 1
204 280 1
205 587 1
205 550 1
205 294 1
205 742 1
205 485 1
205 970 1
205 851 1
205 225 1
205 559 1
205 791 1
205 209 1
205 963 1
205 350 1
205 765 1
206 259 1
206 949 1
206 940 1
206 273 1
206 861 1
206 284 1
206 688 1
206 862 1
206 340 1
206 703 1
206 768 1
206 328 1
206 377 1
207 489 1
207 253 1
207 511 1
207 806 1
207 679 1
207 657 1
207 318 1
207 704 1
207 721 1
207 315 1
207 991 1
207 435 1
207 857 1
207 354 1
207 931 1
207 243 1
207 397 1
207 414 1
207 405 1
207 867 1
207 950 1
208 717 1
208 345 1
208 490 1
208 951 1
208 722 1
208 371 1
208 224 1
208 820 1
208 444 1
208 792 1
208 836 1
208 821 1
208 418 1
208 759 1
208 857 1
208 787 1
208 298 1
208 878 1
208 589 1
209 613 1
209 883 1
209 526 1
209 427 1
209 384 1
209 705 1
209 275 1
209 219 1
209 767 1
209 455 1
209 696 1
209 561 1
209 967 1
209 245 1
209 625 1
209 339 1
209 569 1
210 438 1
210 894 1
210 306 1
210 747 1
210 670 1
210 386 1
210 530 1
210 528 1
210 760 1
210 457 1
210 309 1
210 505 1
210 663 1
210 728 1
210 543 1
210 412 1
210 595 1
210 267 1
211 232 1
211 828 1
211 340 1
211 975 1
211 770 1
211 512 1
211 814 1
211 762 1
211 421 1
211 751 1
211 830 1
211 782 1
211 254 1
211 495 1
211 684 1
212 975 1
212 552 1
212 845 1
212 709 1
212 319 1
212 708 1
212 976 1
212 507 1
212 650 1
212 223 1
212 977 1
212 940 1
212 287 1
213 678 1
213 699 1
213 250 1
213 798 1
213 539 1
213 920 1
213 394 1
213 913 1
213 545 1
213 415 1
213 281 1
213 319 1
213 500 1
213 524 1
213 454 1
213 879 1
213 749 1
213 991 1
213 358 1
213 794 1
213 387 1
213 425 1
213 243 1
214 817 1
214 246 1
214 671 1
214 633 1
214 250 1
214 237 1
214 338 1
214 957 1
214 848 1
214 979 1
214 819 1
215 386 1
215 576 1
215 716 1
215 1000 1
215 595 1
215 709 1
215 598 1
215 547 1
215 311 1
215 354 1
215 868 1
215 413 1
215 858 1
216 358 1
216 823 1
216 438 1
216 900 1
216 677 1
216 529 1
216 880 1
216 292 1
216 924 1
217 730 1
217 622 1
217 330 1
217 697 1
217 373 1
217 516 1
217 553 1
217 602 1
217 535 1
217 269 1
217 354 1
217 738 1
217 691 1
217 264 1
218 460 1
218 258 1
218 637 1
218 250 1
218 741 1
218 228 1
218 641 1
218 526 1
218 728 1
218 238 1
218 771 1
218 525 1
218 340 1
218 869 1
218 401 1
218 396 1
219 470 1
219 943 1
219 873 1
219 780 1
219 247 1
219 508 1
219 797 1
219 675 1
219 698 1
219 329 1
219 992 1
219 629 1
219 427 1
219 915 1
219 711 1
219 369 1
219 487 1
219 744 1
220 336 1
220 305 1
220 795 1
220 892 1
220 518 1
220 998 1
220 536 1
220 535 1
220 286 1
220 421 1
220 924 1
220 280 1
220 475 1
220 874 1
221 568 1
221 452 1
221 680 1
221 247 1
221 538 1
221 225 1
221 267 1
221 947 1
221 427 1
221 465 1
221 898 1
221 987 1
221 964 1
221 706 1
221 235 1
222 943 1
222 563 1
222 547 1
222 806 1
222 651 1
222 777 1
222 627 1
222 362 1
222 668 1
222 764 1
222 289 1
222 584 1
222 476 1
222 654 1
222 863 1
222 980 1
223 697 1
223 780 1
223 520 1
223 248 1
223 319 1
223 818 1
223 876 1
223 530 1
223 878 1
223 341 1
223 603 1
223 539 1
223 359 1
223 722 1
223 560 1
223 691 1
223 916 1
223 558 1
223 570 1
223 511 1
223 1000 1
224 955 1
224 643 1
224 761 1
224 269 1
224 960 1
224 735 1
224 830 1
224 514 1
224 645 1
224 789 1
224 488 1
224 982 1
224 292 1
224 875 1
225 878 1
225 441 1
225 618 1
225 709 1
225 533 1
225 751 1
225 426 1
225 268 1
225 368 1
225 322 1
225 452 1
225 842 1
225 525 1
225 991 1
225 921 1
225 748 1
225 723 1
225 1000 1
225 592 1
225 434 1
225 957 1
226 318 1
226 601 1
226 426 1
226 622 1
226 1000 1
226 594 1
226 725 1
226 378 1
226 667 1
226 929 1
226 959 1
226 470 1
226 463 1
226 287 1
227 693 1
227 254 1
227 511 1
227 431 1
227 864 1
227 409 1
227 482 1
227 955 1
227 350 1
227 487 1
227 644 1
227 386 1
227 847 1
227 734 1
228 532 1
228 253 1
228 405 1
228 921 1
228 564 1
228 360 1
228 874 1
228 812 1
228 537 1
228 928 1
228 742 1
228 606 1
228 678 1
228 458 1
228 679 1
228 592 1
228 255 1
228 311 1
229 352 1
229 677 1
229 812 1
229 436 1
229 794 1
229 613 1
229 772 1
229 719 1
229 672 1
229 465 1
229 552 1
229 350 1
229 544 1
229 679 1
229 982 1
230 857 1
230 380 1
230 977 1
230 384 1
230 913 1
230 401 1
230 571 1
230 805 1
230 251 1
230 598 1
230 948 1
230 458 1
230 428 1
230 798 1
230 927 1
230 912 1
230 992 1
230 511 1
230 761 1
230 532 1
231 349 1
231 410 1
231 899 1
231 979 1
231 344 1
231 972 1
231 446 1
231 612 1
231 471 1
231 910 1
231 934 1
231 340 1
231 364 1
231 807 1
231 353 1
231 920 1
231 767 1
232 669 1
232 321 1
232 279 1
232 399 1
232 900 1
232 325 1
232 665 1
232 930 1
232 960 1
232 448 1
232 876 1
232 335 1
232 803 1
232 350 1
232 971 1
232 488 1
232 708 1
232 553 1
233 849 1
233 478 1
233 297 1
233 957 1
233 608 1
233 907 1
233 345 1
233 486 1
233 275 1
233 566 1
233 309 1
233 388 1
233 531 1
233 502 1
233 526 1
233 839 1
233 485 1
233 813 1
233 924 1
233 607 1
233 270 1
234 931 1
234 704 1
234 504 1
234 833 1
234 710 1
234 432 1
234 914 1
234 687 1
234 842 1
234 281 1
234 323 1
234 891 1
235 799 1
235 669 1
235 985 1
235 751 1
235 378 1
235 588 1
235 661 1
235 482 1
235 532 1
235 240 1
235 810 1
235 922 1
235 609 1
235 826 1
236 802 1
236 496 1
236 254 1
236 604 1
236 542 1
236 477 1
236 552 1
236 365 1
236 474 1
236 865 1
236 359 1
236 943 1
236 243 1
236 617 1
236 311 1
236 885 1
236 324 1
236 801 1
236 520 1
236 523 1
237 813 1
237 581 1
237 280 1
237 964 1
237 963 1
237 379 1
237 305 1
237 659 1
237 999 1
237 488 1
237 238 1
237 750 1
238 653 1
238 485 1
238 662 1
238 511 1
238 634 1
238 788 1
238 834 1
238 246 1
238 417 1
238 353 1
238 733 1
238 594 1
238 510 1
239 642 1
239 863 1
239 907 1
239 517 1
239 694 1
239 436 1
239 847 1
239 241 1
239 871 1
239 283 1
239 531 1
239 659 1
239 315 1
239 997 1
239 576 1
239 803 1
239 566 1
239 933 1
240 706 1
240 531 1
240 810 1
240 263 1
240 751 1
240 299 1
240 719 1
240 361 1
240 339 1
240 894 1
240 879 1
240 791 1
240 811 1
240 485 1
240 415 1
240 583 1
240 459 1
240 474 1
240 943 1
241 954 1
241 299 1
241 488 1
241 303 1
241 604 1
241 392 1
241 998 1
241 706 1
241 777 1
241 940 1
241 406 1
241 956 1
241 713 1
241 872 1
241 809 1
241 669 1
241 710 1
241 466 1
242 866 1
242 796 1
242 343 1
242 857 1
242 383 1
242 474 1
242 717 1
242 721 1
242 753 1
242 521 1
242 950 1
242 708 1
242 301 1
242 281 1
243 915 1
243 993 1
243 422 1
243 799 1
243 367 1
243 967 1
243 474 1
243 820 1
243 843 1
243 676 1
243 292 1
243 917 1
243 439 1
243 511 1
243 946 1
244 422 1
244 789 1
244 550 1
244 964 1
244 408 1
244 693 1
244 545 1
244 583 1
244 289 1
244 585 1
244 918 1
244 902 1
244 508 1
245 754 1
245 798 1
245 975 1
245 926 1
245 937 1
245 986 1
245 644 1
245 406 1
245 997 1
245 807 1
245 456 1
245 484 1
245 946 1
245 469 1
245 995 1
246 978 1
246 484 1
246 866 1
246 548 1
246 860 1
246 464 1
246 702 1
246 688 1
246 369 1
246 451 1
246 322 1
246 550 1
246 319 1
247 453 1
247 688 1
247 448 1
247 480 1
247 588 1
247 602 1
247 607 1
247 636 1
247 961 1
247 816 1
247 989 1
247 582 1
247 772 1
247 846 1
247 316 1
247 404 1
247 249 1
247 792 1
247 643 1
247 817 1
248 416 1
248 979 1
248 370 1
248 662 1
248 950 1
248 637 1
248 809 1
248 257 1
248 555 1
248 307 1
248 683 1
248 299 1
249 931 1
249 400 1
249 607 1
249 293 1
249 834 1
249 500 1
249 655 1
249 456 1
249 711 1
249 291 1
249 959 1
249 328 1
250 413 1
250 412 1
250 722 1
250 893 1
250 452 1
250 624 1
250 273 1
250 569 1
250 473 1
250 670 1
250 305 1
250 791 1
250 506 1
250 599 1
250 343 1
250 472 1
251 412 1
251 497 1
251 585 1
251 897 1
251 469 1
251 791 1
251 850 1
251 780 1
251 675 1
251 447 1
252 423 1
252 539 1
252 883 1
252 269 1
252 645 1
252 520 1
252 301 1
252 604 1
252 441 1
252 860 1
252 732 1
252 680 1
252 606 1
253 451 1
253 547 1
253 684 1
253 653 1
253 980 1
253 766 1
253 264 1
253 701 1
253 343 1
253 639 1
253 975 1
253 848 1
253 369 1
253 351 1
253 337 1
253 785 1
253 408 1
253 695 1
253 479 1
254 377 1
254 329 1
254 885 1
254 550 1
254 642 1
254 368 1
254 666 1
254 308 1
254 731 1
254 914 1
254 291 1
254 488 1
254 710 1
255 833 1
255 589 1
255 612 1
255 507 1
255 725 1
255 541 1
255 434 1
255 423 1
255 594 1
255 290 1
255 371 1
255 921 1
255 501 1
255 447 1
255 923 1
255 569 1
255 920 1
256 412 1
256 643 1
256 424 1
256 990 1
256 704 1
256 878 1
257 319 1
257 447 1
257 864 1
257 572 1
257 382 1
257 266 1
257 821 1
257 353 1
257 924 1
257 922 1
257 483 1
257 482 1
257 296 1
257 432 1
257 884 1
258 493 1
258 580 1
258 740 1
258 743 1
258 597 1
258 842 1
258 707 1
258 374 1
258 290 1
258 934 1
258 528 1
258 352 1
258 809 1
258 852 1
259 749 1
259 676 1
259 475 1
259 679 1
259 812 1
259 265 1
259 421 1
259 454 1
259 575 1
259 904 1
259 395 1
259 977 1
259 965 1
259 716 1
259 774 1
259 404 1
260 792 1
260 391 1
260 301 1
260 779 1
260 507 1
260 856 1
260 804 1
260 857 1
260 656 1
260 641 1
260 953 1
260 756 1
260 864 1
260 580 1
260 841 1
260 332 1
260 809 1
260 690 1
260 405 1
260 440 1
261 325 1
261 613 1
261 993 1
261 895 1
261 753 1
261 264 1
261 501 1
261 860 1
261 332 1
261 375 1
261 708 1
261 338 1
261 617 1
262 714 1
262 291 1
262 832 1
262 870 1
262 856 1
262 387 1
262 868 1
263 535 1
263 913 1
263 760 1
263 495 1
263 840 1
263 569 1
263 312 1
263 295 1
263 493 1
263 510 1
263 391 1
263 877 1
263 790 1
263 714 1
263 486 1
263 366 1
264 789 1
264 611 1
264 705 1
264 340 1
264 930 1
264 877 1
264 770 1
264 739 1
264 477 1
265 515 1
265 675 1
265 571 1
265 933 1
265 768 1
265 924 1
265 969 1
265 326 1
265 582 1
265 600 1
265 366 1
266 349 1
266 719 1
266 361 1
266 434 1
266 478 1
266 789 1
266 395 1
266 895 1
266 504 1
266 273 1
266 368 1
266 879 1
267 860 1
267 747 1
267 343 1
267 686 1
267 982 1
267 524 1
267 592 1
267 327 1
267 848 1
267 310 1
267 549 1
267 409 1
267 493 1
267 812 1
267 572 1
267 655 1
268 927 1
268 822 1
268 967 1
268 389 1
268 450 1
268 760 1
268 396 1
268 407 1
268 368 1
268 318 1
268 413 1
268 563 1
269 405 1
269 435 1
269 722 1
269 538 1
269 564 1
269 700 1
269 361 1
269 560 1
269 725 1
269 403 1
269 710 1
270 420 1
270 560 1
270 471 1
270 997 1
270 768 1
270 717 1
270 791 1
270 407 1
270 860 1
270 721 1
270 909 1
270 564 1
270 425 1
271 356 1
271 845 1
271 336 1
271 590 1
271 817 1
271 653 1
271 786 1
271 720 1
271 814 1
271 486 1
271 741 1
271 632 1
271 380 1
271 650 1
271 841 1
271 634 1
272 977 1
272 733 1
272 787 1
272 990 1
272 513 1
272 713 1
272 753 1
272 522 1
272 916 1
272 940 1
272 925 1
273 286 1
273 797 1
273 743 1
273 685 1
273 788 1
273 498 1
273 609 1
273 444 1
273 329 1
273 850 1
273 725 1
273 466 1
273 469 1
273 684 1
273 534 1
273 579 1
273 655 1
273 308 1
273 938 1
274 407 1
274 777 1
274 393 1
274 845 1
274 738 1
274 299 1
274 920 1
274 375 1
274 740 1
274 692 1
274 818 1
274 288 1
274 434 1
274 291 1
274 809 1
275 436 1
275 948 1
275 652 1
275 949 1
275 916 1
275 912 1
275 880 1
275 302 1
275 972 1
275 688 1
275 495 1
275 908 1
275 518 1
275 837 1
275 349 1
275 960 1
275 735 1
275 282 1
275 618 1
275 484 1
276 450 1
276 941 1
276 459 1
276 423 1
276 558 1
276 657 1
276 689 1
276 910 1
276 609 1
276 663 1
276 572 1
276 863 1
276 974 1
276 607 1
277 894 1
277 486 1
277 600 1
277 902 1
277 462 1
277 990 1
277 930 1
277 524 1
278 578 1
278 729 1
278 418 1
278 822 1
278 801 1
278 580 1
278 427 1
278 527 1
278 715 1
278 622 1
278 506 1
278 903 1
278 858 1
278 904 1
278 678 1
278 394 1
278 974 1
278 550 1
279 591 1
279 679 1
279 993 1
279 636 1
279 689 1
279 706 1
279 530 1
279 647 1
279 670 1
280 823 1
280 469 1
280 468 1
280 782 1
280 679 1
280 946 1
280 873 1
280 542 1
280 319 1
280 707 1
280 966 1
280 723 1
280 720 1
280 407 1
280 616 1
280 951 1
280 529 1
280 856 1
281 527 1
281 908 1
281 555 1
281 366 1
281 365 1
281 451 1
281 715 1
281 428 1
281 459 1
281 332 1
281 723 1
281 433 1
281 419 1
281 814 1
281 329 1
281 507 1
281 971 1
281 821 1
282 665 1
282 818 1
282 625 1
282 607 1
282 633 1
282 962 1
282 916 1
282 755 1
282 523 1
282 533 1
282 965 1
282 683 1
282 470 1
283 617 1
283 847 1
283 351 1
283 917 1
283 598 1
283 822 1
283 413 1
283 546 1
283 407 1
283 709 1
284 566 1
284 681 1
284 626 1
284 849 1
284 743 1
284 861 1
285 326 1
285 793 1
285 683 1
285 916 1
285 461 1
285 786 1
285 936 1
285 989 1
285 376 1
285 742 1
285 569 1
285 485 1
285 971 1
286 375 1
286 921 1
286 569 1
286 349 1
286 480 1
286 954 1
286 539 1
286 928 1
286 565 1
286 425 1
286 406 1
286 684 1
286 552 1
287 444 1
287 903 1
287 746 1
287 812 1
287 597 1
287 461 1
287 402 1
287 346 1
287 724 1
287 503 1
287 868 1
287 591 1
287 793 1
288 463 1
288 301 1
288 788 1
288 833 1
288 554 1
288 481 1
288 696 1
288 346 1
288 629 1
288 691 1
288 895 1
288 353 1
288 850 1
288 789 1
288 948 1
288 646 1
288 740 1
288 765 1
288 677 1
289 873 1
289 500 1
289 705 1
289 824 1
289 801 1
289 881 1
289 488 1
289 633 1
289 703 1
289 395 1
289 374 1
289 791 1
289 388 1
289 964 1
289 344 1
289 835 1
289 621 1
290 931 1
290 990 1
290 933 1
290 705 1
290 798 1
290 854 1
290 544 1
290 339 1
290 755 1
290 351 1
290 695 1
290 631 1
290 610 1
290 405 1
291 761 1
291 428 1
291 493 1
291 455 1
291 630 1
291 831 1
291 819 1
291 573 1
291 348 1
291 627 1
291 620 1
291 709 1
291 501 1
291 786 1
291 888 1
291 389 1
291 569 1
292 430 1
292 394 1
292 850 1
292 545 1
292 478 1
292 325 1
292 370 1
292 435 1
292 915 1
292 604 1
292 800 1
292 616 1
292 298 1
292 964 1
292 768 1
292 699 1
292 620 1
292 491 1
292 493 1
292 520 1
292 439 1
292 321 1
293 504 1
293 491 1
293 410 1
293 519 1
293 384 1
293 375 1
293 948 1
293 829 1
293 720 1
293 357 1
293 337 1
293 362 1
293 432 1
293 418 1
294 946 1
294 930 1
294 517 1
294 936 1
294 978 1
294 446 1
294 999 1
294 698 1
294 354 1
294 311 1
294 352 1
294 950 1
295 529 1
295 512 1
295 662 1
295 397 1
295 834 1
295 499 1
295 892 1
295 541 1
295 426 1
295 352 1
295 910 1
295 810 1
295 298 1
295 542 1
295 925 1
295 324 1
295 563 1
296 371 1
296 984 1
296 332 1
296 929 1
296 876 1
296 602 1
296 323 1
297 349 1
297 805 1
297 671 1
297 471 1
297 725 1
297 996 1
298 421 1
298 887 1
298 550 1
298 855 1
298 685 1
298 702 1
298 533 1
298 688 1
298 708 1
298 373 1
298 442 1
298 490 1
299 683 1
299 947 1
299 305 1
299 597 1
299 364 1
299 473 1
299 421 1
299 994 1
299 929 1
299 903 1
299 558 1
299 896 1
299 614 1
299 499 1
299 821 1
299 958 1
299 944 1
299 909 1
299 509 1
300 749 1
300 337 1
300 838 1
300 805 1
300 835 1
300 740 1
300 926 1
300 903 1
300 724 1
300 978 1
300 537 1
300 656 1
300 598 1
301 688 1
301 310 1
301 455 1
301 631 1
301 710 1
301 576 1
301 519 1
301 835 1
301 771 1
301 376 1
301 547 1
301 629 1
301 801 1
301 526 1
302 513 1
302 564 1
302 473 1
302 476 1
302 792 1
302 663 1
302 609 1
302 561 1
302 996 1
302 600 1
302 876 1
302 442 1
302 625 1
302 856 1
302 976 1
302 723 1
302 329 1
302 685 1
302 916 1
302 450 1
302 759 1
302 972 1
303 904 1
303 632 1
303 799 1
303 637 1
303 747 1
303 994 1
303 975 1
303 699 1
303 978 1
303 832 1
303 329 1
303 687 1
303 437 1
303 816 1
303 333 1
304 877 1
304 794 1
304 372 1
304 987 1
304 610 1
304 306 1
304 305 1
304 668 1
304 955 1
304 920 1
304 907 1
304 399 1
304 383 1
304 684 1
304 943 1
304 665 1
304 545 1
305 697 1
305 702 1
305 782 1
305 749 1
305 622 1
305 306 1
305 912 1
305 750 1
305 694 1
305 360 1
305 915 1
306 965 1
306 786 1
306 974 1
306 914 1
306 506 1
306 370 1
306 850 1
307 823 1
307 927 1
307 794 1
307 857 1
307 537 1
307 793 1
307 686 1
307 969 1
307 739 1
307 611 1
307 932 1
307 599 1
308 990 1
308 948 1
308 672 1
308 845 1
308 633 1
308 799 1
308 913 1
308 514 1
308 690 1
308 442 1
308 787 1
308 770 1
308 779 1
308 578 1
308 533 1
308 878 1
308 488 1
308 362 1
309 804 1
309 539 1
309 944 1
309 958 1
309 896 1
309 526 1
309 806 1
309 591 1
309 511 1
309 442 1
309 471 1
309 508 1
309 389 1
309 346 1
310 829 1
310 741 1
310 759 1
310 876 1
310 996 1
310 857 1
310 795 1
310 545 1
310 627 1
310 754 1
310 814 1
310 433 1
310 820 1
310 450 1
311 641 1
311 821 1
311 639 1
311 479 1
311 371 1
311 459 1
311 872 1
311 534 1
311 530 1
311 935 1
311 638 1
311 960 1
311 435 1
311 570 1
311 592 1
311 804 1
311 896 1
311 777 1
311 975 1
312 626 1
312 705 1
312 982 1
312 893 1
312 323 1
312 923 1
312 434 1
312 963 1
312 986 1
312 954 1
312 347 1
312 526 1
312 813 1
312 709 1
312 600 1
312 408 1
312 639 1
312 562 1
312 950 1
312 487 1
312 371 1
313 875 1
313 348 1
313 900 1
313 595 1
313 380 1
313 603 1
313 647 1
313 768 1
313 770 1
313 955 1
313 753 1
313 731 1
313 637 1
313 600 1
313 832 1
314 488 1
314 387 1
314 869 1
314 738 1
314 972 1
314 400 1
314 553 1
314 729 1
314 651 1
314 501 1
314 751 1
314 1000 1
315 415 1
315 566 1
315 749 1
315 324 1
315 823 1
315 807 1
315 515 1
315 341 1
315 939 1
315 453 1
315 425 1
315 794 1
315 541 1
315 816 1
315 446 1
315 356 1
316 391 1
316 515 1
316 332 1
316 804 1
316 400 1
316 647 1
316 796 1
316 465 1
316 521 1
317 788 1
317 495 1
317 878 1
317 752 1
317 603 1
317 781 1
317 602 1
317 483 1
317 325 1
317 889 1
317 824 1
317 817 1
317 945 1
317 900 1
317 351 1
317 895 1
317 682 1
317 697 1
317 664 1
317 737 1
317 793 1
317 621 1
318 903 1
318 435 1
318 608 1
318 899 1
318 915 1
318 981 1
318 499 1
318 710 1
318 723 1
318 586 1
318 712 1
318 544 1
318 848 1
318 664 1
318 548 1
318 772 1
318 751 1
319 506 1
319 920 1
319 532 1
319 652 1
319 947 1
319 626 1
319 702 1
319 992 1
319 886 1
319 963 1
319 399 1
320 909 1
320 991 1
320 970 1
320 996 1
320 851 1
320 475 1
320 974 1
320 446 1
320 625 1
320 780 1
320 351 1
320 400 1
320 370 1
320 697 1
320 674 1
320 487 1
320 962 1
320 763 1
320 408 1
320 864 1
321 876 1
321 429 1
321 912 1
321 954 1
321 652 1
321 328 1
321 589 1
321 887 1
321 500 1
321 488 1
321 585 1
321 814 1
321 684 1
322 817 1
322 881 1
322 337 1
322 541 1
322 852 1
322 690 1
322 992 1
322 985 1
322 432 1
322 631 1
322 734 1
322 329 1
322 624 1
322 588 1
322 512 1
322 885 1
322 656 1
323 617 1
323 707 1
323 606 1
323 642 1
323 648 1
323 916 1
323 811 1
323 332 1
323 843 1
323 889 1
323 358 1
323 555 1
323 634 1
323 425 1
323 770 1
323 890 1
323 605 1
323 573 1
323 488 1
324 382 1
324 405 1
324 777 1
324 351 1
324 817 1
324 392 1
324 487 1
324 612 1
324 803 1
324 841 1
325 534 1
325 715 1
325 771 1
325 901 1
325 788 1
325 768 1
325 778 1
325 467 1
325 341 1
325 410 1
325 754 1
326 876 1
326 941 1
326 739 1
326 357 1
326 733 1
326 524 1
326 589 1
326 581 1
326 412 1
326 388 1
326 602 1
326 480 1
326 817 1
327 448 1
327 585 1
327 508 1
327 367 1
327 633 1
327 983 1
327 784 1
327 847 1
327 618 1
327 708 1
327 649 1
327 382 1
327 390 1
327 748 1
327 542 1
327 829 1
328 483 1
328 600 1
328 456 1
328 766 1
328 349 1
328 779 1
328 892 1
328 399 1
328 682 1
329 856 1
329 510 1
329 616 1
329 558 1
329 937 1
329 637 1
329 565 1
329 916 1
329 708 1
329 384 1
329 692 1
329 765 1
329 643 1
329 750 1
329 354 1
329 746 1
330 762 1
330 711 1
330 786 1
330 933 1
330 828 1
330 501 1
330 431 1
330 665 1
330 574 1
330 576 1
330 982 1
330 674 1
331 984 1
331 440 1
331 439 1
331 855 1
331 441 1
331 595 1
331 906 1
331 775 1
331 904 1
331 638 1
332 422 1
332 388 1
332 344 1
332 501 1
332 676 1
332 609 1
332 654 1
332 828 1
332 729 1
332 890 1
332 925 1
332 906 1
332 362 1
332 568 1
332 512 1
332 342 1
333 797 1
333 680 1
333 537 1
333 392 1
333 790 1
333 753 1
333 882 1
333 344 1
333 933 1
333 576 1
333 831 1
334 504 1
334 545 1
334 619 1
334 495 1
334 506 1
334 357 1
334 404 1
334 685 1
334 1000 1
334 738 1
334 571 1
334 418 1
334 697 1
334 984 1
334 501 1
334 930 1
334 883 1
334 589 1
334 722 1
334 640 1
335 670 1
335 579 1
335 834 1
335 684 1
335 766 1
335 528 1
335 605 1
335 418 1
335 819 1
335 488 1
335 481 1
336 374 1
336 856 1
336 829 1
336 389 1
336 384 1
336 547 1
336 802 1
336 782 1
337 476 1
337 456 1
337 480 1
337 469 1
337 495 1
337 662 1
337 992 1
337 532 1
337 901 1
337 718 1
338 1000 1
338 479 1
338 412 1
338 940 1
338 779 1
338 893 1
338 398 1
338 626 1
338 558 1
338 690 1
338 925 1
338 643 1
338 874 1
338 679 1
338 339 1
338 948 1
339 660 1
339 970 1
339 956 1
339 711 1
339 798 1
339 653 1
339 897 1
339 648 1
340 760 1
340 475 1
340 641 1
340 410 1
340 950 1
340 968 1
340 539 1
340 960 1
340 548 1
340 729 1
341 764 1
341 634 1
341 884 1
341 648 1
341 410 1
341 373 1
341 633 1
341 428 1
341 354 1
341 703 1
342 883 1
342 403 1
342 820 1
342 720 1
342 964 1
342 343 1
342 729 1
342 480 1
342 880 1
342 706 1
342 939 1
343 855 1
343 345 1
343 534 1
343 787 1
343 677 1
343 837 1
343 913 1
343 365 1
343 638 1
343 551 1
343 852 1
343 566 1
344 380 1
344 363 1
344 502 1
344 986 1
344 700 1
344 607 1
344 889 1
344 819 1
344 454 1
344 795 1
344 749 1
345 373 1
345 399 1
345 867 1
345 965 1
345 406 1
345 608 1
345 748 1
345 987 1
345 633 1
345 551 1
345 603 1
345 757 1
345 443 1
345 663 1
345 953 1
345 830 1
345 799 1
345 836 1
346 924 1
346 741 1
346 502 1
346 557 1
346 461 1
346 515 1
346 679 1
346 534 1
346 906 1
346 551 1
347 928 1
347 741 1
347 951 1
347 407 1
347 768 1
347 491 1
347 789 1
347 357 1
347 884 1
347 360 1
347 855 1
347 420 1
348 826 1
348 659 1
348 415 1
348 433 1
348 458 1
348 380 1
348 836 1
348 484 1
348 682 1
348 800 1
348 657 1
348 728 1
348 767 1
348 469 1
348 740 1
349 838 1
349 789 1
349 896 1
349 864 1
349 610 1
349 837 1
349 852 1
349 934 1
349 799 1
349 713 1
349 491 1
349 902 1
349 628 1
349 618 1
349 356 1
349 672 1
350 733 1
350 890 1
350 620 1
350 789 1
350 720 1
350 873 1
350 511 1
350 597 1
350 743 1
350 653 1
350 828 1
350 807 1
350 465 1
350 588 1
351 959 1
351 881 1
351 820 1
351 427 1
351 469 1
351 739 1
351 590 1
351 977 1
351 412 1
351 362 1
351 683 1
351 458 1
351 712 1
352 447 1
352 532 1
352 550 1
352 831 1
352 775 1
352 811 1
352 540 1
352 569 1
352 622 1
352 444 1
352 370 1
353 899 1
353 787 1
353 940 1
353 596 1
353 760 1
353 641 1
353 609 1
353 871 1
353 698 1
353 415 1
353 689 1
353 448 1
353 790 1
353 913 1
353 547 1
353 482 1
353 707 1
353 500 1
353 509 1
353 439 1
354 980 1
354 782 1
354 423 1
354 684 1
354 426 1
354 626 1
354 516 1
354 670 1
354 775 1
354 659 1
354 890 1
354 924 1
355 516 1
355 563 1
355 853 1
355 410 1
355 547 1
355 829 1
355 931 1
355 366 1
355 986 1
355 896 1
355 585 1
355 890 1
355 734 1
355 771 1
355 546 1
356 872 1
356 971 1
356 590 1
356 396 1
356 978 1
356 450 1
356 736 1
356 922 1
356 657 1
356 890 1
356 988 1
356 930 1
356 844 1
356 654 1
356 382 1
356 985 1
356 991 1
356 862 1
356 634 1
356 958 1
357 580 1
357 715 1
357 600 1
357 803 1
357 926 1
357 674 1
357 620 1
357 439 1
357 714 1
357 560 1
357 848 1
357 563 1
358 757 1
358 492 1
358 577 1
358 906 1
358 390 1
358 999 1
358 428 1
358 716 1
358 912 1
358 737 1
358 839 1
359 608 1
359 672 1
359 962 1
359 747 1
359 707 1
359 877 1
359 847 1
359 749 1
359 619 1
359 482 1
359 412 1
360 838 1
360 594 1
360 380 1
360 994 1
360 532 1
360 762 1
360 544 1
360 944 1
360 997 1
360 505 1
360 561 1
360 883 1
360 963 1
360 455 1
361 734 1
361 456 1
361 581 1
361 972 1
361 853 1
361 663 1
361 675 1
361 754 1
361 490 1
361 1000 1
362 616 1
362 627 1
362 458 1
362 914 1
362 768 1
362 518 1
362 797 1
362 689 1
362 717 1
362 778 1
362 656 1
362 366 1
362 931 1
362 545 1
362 370 1
363 389 1
363 916 1
363 993 1
363 762 1
363 789 1
363 676 1
363 581 1
363 763 1
363 421 1
363 707 1
363 868 1
363 872 1
364 706 1
364 512 1
364 526 1
364 971 1
364 599 1
364 492 1
364 985 1
364 933 1
364 839 1
364 517 1
364 593 1
364 659 1
364 439 1
364 846 1
364 388 1
365 755 1
365 399 1
365 982 1
365 611 1
365 429 1
365 704 1
365 542 1
365 560 1
365 975 1
365 770 1
365 599 1
365 605 1
365 654 1
365 759 1
365 478 1
365 778 1
366 878 1
366 383 1
366 403 1
366 522 1
366 726 1
366 937 1
366 991 1
366 723 1
366 901 1
366 888 1
366 475 1
367 594 1
367 618 1
367 435 1
367 903 1
367 586 1
367 613 1
367 849 1
367 986 1
367 548 1
367 637 1
367 669 1
367 718 1
367 822 1
368 784 1
368 521 1
368 723 1
368 983 1
368 383 1
368 855 1
368 673 1
368 981 1
368 430 1
368 585 1
369 405 1
369 814 1
369 545 1
369 687 1
369 481 1
369 539 1
369 528 1
369 531 1
369 380 1
369 645 1
369 870 1
369 500 1
369 540 1
370 734 1
370 491 1
370 924 1
370 628 1
370 389 1
370 706 1
370 943 1
370 654 1
370 614 1
370 562 1
370 573 1
370 497 1
370 801 1
370 560 1
371 451 1
371 967 1
371 921 1
371 768 1
371 624 1
371 546 1
371 411 1
371 807 1
371 687 1
371 385 1
371 805 1
371 551 1
371 928 1
371 375 1
371 639 1
371 763 1
371 566 1
372 682 1
372 616 1
372 900 1
372 471 1
372 676 1
372 699 1
372 844 1
372 784 1
372 758 1
372 483 1
372 620 1
372 751 1
372 973 1
373 873 1
373 872 1
373 942 1
373 411 1
373 554 1
373 603 1
373 559 1
373 467 1
374 913 1
374 441 1
374 798 1
374 738 1
374 543 1
374 718 1
374 784 1
374 494 1
374 845 1
374 971 1
374 558 1
374 474 1
375 901 1
375 484 1
375 909 1
375 522 1
375 893 1
375 456 1
375 660 1
375 768 1
375 627 1
375 462 1
375 904 1
375 753 1
375 784 1
375 936 1
375 597 1
375 801 1
376 462 1
376 502 1
376 903 1
376 832 1
376 876 1
376 606 1
376 488 1
376 962 1
376 379 1
376 780 1
376 783 1
377 512 1
377 758 1
377 628 1
377 522 1
377 679 1
377 490 1
377 616 1
377 970 1
377 744 1
377 421 1
377 501 1
377 459 1
377 587 1
378 928 1
378 389 1
378 666 1
378 880 1
378 826 1
378 702 1
378 803 1
378 905 1
378 748 1
378 450 1
378 943 1
378 688 1
378 830 1
379 415 1
379 645 1
379 834 1
379 973 1
379 432 1
379 560 1
379 708 1
379 945 1
379 617 1
379 737 1
379 425 1
379 439 1
379 750 1
379 941 1
379 891 1
380 851 1
380 663 1
380 697 1
380 509 1
380 475 1
380 765 1
380 556 1
380 936 1
380 539 1
380 685 1
380 769 1
380 594 1
380 790 1
380 862 1
381 928 1
381 713 1
381 665 1
381 466 1
381 553 1
381 718 1
381 811 1
381 753 1
381 564 1
381 976 1
381 828 1
381 532 1
382 566 1
382 613 1
382 980 1
382 993 1
382 718 1
382 643 1
382 582 1
382 991 1
382 667 1
382 750 1
382 969 1
382 453 1
382 393 1
382 495 1
382 740 1
382 571 1
382 383 1
382 819 1
382 876 1
382 873 1
383 758 1
383 466 1
383 716 1
383 679 1
383 565 1
383 406 1
383 830 1
383 704 1
383 556 1
384 504 1
384 716 1
384 971 1
384 935 1
384 878 1
384 529 1
384 919 1
384 711 1
384 741 1
384 939 1
384 703 1
384 710 1
384 897 1
384 994 1
384 715 1
384 441 1
385 452 1
385 404 1
385 862 1
385 875 1
385 715 1
385 443 1
386 481 1
386 952 1
386 723 1
386 626 1
386 908 1
386 852 1
386 795 1
386 761 1
386 870 1
386 906 1
386 478 1
386 468 1
386 719 1
386 825 1
386 778 1
387 435 1
387 627 1
387 502 1
387 727 1
387 649 1
387 844 1
387 498 1
387 585 1
387 693 1
387 930 1
388 708 1
388 902 1
388 452 1
388 642 1
388 693 1
388 461 1
388 459 1
388 765 1
388 546 1
388 411 1
388 684 1
388 964 1
388 777 1
388 756 1
388 607 1
388 492 1
388 970 1
388 792 1
388 472 1
389 818 1
389 886 1
389 546 1
389 664 1
389 397 1
389 742 1
389 844 1
389 432 1
389 767 1
390 675 1
390 432 1
390 588 1
390 786 1
390 638 1
390 791 1
390 729 1
390 861 1
390 992 1
390 828 1
390 967 1
390 615 1
390 509 1
390 774 1
391 462 1
391 776 1
391 444 1
391 970 1
391 795 1
391 871 1
391 642 1
391 751 1
391 564 1
391 863 1
392 739 1
392 587 1
392 448 1
392 974 1
392 734 1
392 888 1
392 473 1
392 863 1
392 928 1
392 991 1
392 652 1
392 941 1
392 961 1
392 543 1
392 566 1
392 785 1
393 845 1
393 912 1
393 851 1
393 844 1
393 756 1
393 917 1
393 525 1
394 877 1
394 412 1
394 572 1
394 459 1
394 673 1
394 525 1
394 651 1
394 473 1
394 594 1
394 975 1
394 828 1
395 652 1
395 818 1
395 975 1
395 677 1
395 662 1
395 632 1
395 529 1
395 923 1
395 840 1
395 829 1
395 533 1
396 953 1
396 842 1
396 507 1
396 686 1
396 587 1
396 866 1
396 917 1
396 760 1
396 993 1
396 545 1
396 948 1
397 446 1
397 768 1
397 570 1
397 657 1
397 470 1
397 630 1
397 742 1
397 618 1
397 426 1
397 604 1
397 883 1
398 418 1
398 788 1
398 540 1
398 778 1
398 808 1
398 523 1
398 707 1
398 927 1
398 545 1
398 892 1
398 744 1
398 558 1
398 968 1
398 644 1
398 760 1
398 660 1
398 807 1
399 846 1
399 432 1
399 701 1
399 629 1
399 883 1
399 742 1
399 676 1
399 892 1
399 566 1
399 711 1
399 804 1
399 582 1
399 924 1
399 540 1
399 507 1
399 745 1
399 458 1
400 581 1
400 968 1
400 860 1
400 519 1
400 886 1
400 520 1
400 511 1
400 905 1
400 778 1
400 564 1
400 982 1
400 825 1
400 510 1
400 966 1
400 970 1
400 995 1
401 673 1
401 694 1
401 726 1
401 898 1
401 425 1
401 477 1
401 488 1
401 976 1
401 507 1
401 678 1
401 721 1
401 498 1
402 871 1
402 976 1
402 999 1
402 582 1
402 886 1
402 623 1
402 808 1
402 904 1
402 596 1
402 748 1
402 461 1
402 737 1
402 494 1
402 456 1
402 728 1
402 729 1
402 441 1
403 672 1
403 810 1
403 602 1
403 764 1
403 878 1
403 689 1
403 706 1
403 826 1
403 892 1
403 665 1
404 744 1
404 674 1
404 627 1
404 682 1
404 862 1
404 770 1
404 511 1
404 982 1
404 780 1
404 729 1
404 816 1
404 431 1
404 447 1
405 970 1
405 521 1
405 911 1
405 782 1
405 467 1
405 581 1
405 658 1
405 419 1
405 640 1
405 797 1
405 626 1
405 543 1
405 799 1
406 590 1
406 454 1
406 677 1
406 575 1
406 507 1
406 939 1
406 414 1
406 840 1
406 691 1
406 513 1
406 929 1
406 813 1
407 592 1
407 510 1
407 428 1
407 888 1
407 409 1
407 816 1
407 895 1
408 794 1
408 840 1
408 712 1
408 683 1
408 682 1
408 652 1
408 654 1
408 754 1
408 415 1
408 766 1
408 533 1
408 706 1
408 433 1
408 472 1
408 595 1
408 815 1
408 818 1
408 746 1
408 822 1
409 731 1
409 764 1
409 991 1
409 740 1
409 596 1
409 608 1
409 658 1
409 569 1
409 688 1
409 657 1
410 586 1
410 983 1
410 656 1
410 646 1
410 708 1
410 868 1
410 524 1
410 638 1
410 616 1
410 777 1
410 858 1
411 953 1
411 713 1
411 891 1
411 461 1
411 888 1
411 422 1
411 994 1
411 808 1
411 503 1
412 804 1
412 778 1
412 480 1
412 518 1
412 637 1
412 981 1
412 878 1
412 633 1
412 469 1
412 649 1
412 599 1
412 607 1
412 436 1
413 945 1
413 876 1
413 697 1
413 873 1
413 832 1
413 692 1
413 776 1
413 899 1
413 758 1
413 423 1
413 539 1
413 855 1
413 662 1
413 839 1
413 671 1
414 431 1
414 537 1
414 477 1
414 845 1
414 907 1
414 988 1
414 872 1
414 973 1
414 977 1
414 461 1
414 720 1
414 446 1
414 783 1
414 665 1
415 453 1
415 878 1
415 832 1
415 975 1
415 540 1
415 545 1
415 563 1
415 700 1
415 890 1
415 480 1
415 448 1
415 456 1
415 656 1
415 471 1
415 768 1
415 678 1
415 639 1
415 829 1
415 586 1
416 712 1
416 911 1
416 462 1
416 542 1
416 948 1
416 499 1
416 823 1
416 417 1
416 860 1
416 471 1
416 677 1
416 908 1
416 433 1
416 824 1
416 771 1
416 922 1
416 645 1
417 939 1
417 740 1
417 730 1
417 494 1
417 734 1
417 751 1
417 881 1
417 754 1
418 423 1
418 692 1
418 965 1
418 584 1
418 937 1
418 814 1
419 640 1
419 632 1
419 924 1
419 439 1
419 544 1
419 742 1
419 787 1
419 689 1
419 455 1
419 420 1
419 982 1
419 558 1
419 633 1
419 698 1
419 622 1
419 928 1
419 976 1
420 606 1
420 855 1
420 470 1
420 642 1
420 697 1
420 891 1
420 527 1
420 509 1
420 522 1
420 780 1
420 454 1
420 693 1
421 734 1
421 906 1
421 524 1
421 746 1
421 569 1
421 593 1
421 921 1
421 564 1
421 604 1
421 983 1
421 423 1
421 589 1
421 747 1
421 752 1
421 767 1
421 595 1
422 601 1
422 613 1
422 994 1
422 932 1
422 905 1
422 678 1
422 720 1
422 534 1
422 989 1
422 988 1
422 803 1
422 966 1
422 645 1
422 493 1
422 515 1
422 484 1
423 698 1
423 460 1
423 540 1
423 753 1
423 977 1
423 850 1
423 439 1
423 978 1
423 674 1
423 739 1
423 672 1
423 597 1
423 547 1
423 485 1
424 936 1
424 736 1
424 592 1
424 439 1
424 575 1
424 453 1
424 761 1
424 864 1
424 790 1
424 903 1
424 798 1
424 965 1
425 685 1
425 735 1
425 860 1
425 760 1
425 529 1
425 674 1
425 653 1
425 454 1
426 522 1
426 941 1
426 793 1
426 994 1
426 614 1
426 438 1
426 961 1
426 608 1
426 646 1
426 655 1
426 521 1
426 480 1
426 479 1
426 602 1
426 539 1
427 880 1
427 843 1
427 572 1
427 874 1
427 804 1
427 899 1
427 949 1
427 521 1
428 870 1
428 837 1
428 589 1
428 791 1
428 913 1
428 763 1
428 839 1
428 727 1
428 898 1
428 976 1
428 747 1
428 580 1
429 848 1
429 465 1
429 459 1
429 962 1
429 665 1
429 540 1
429 650 1
429 884 1
429 991 1
429 464 1
429 812 1
429 696 1
429 598 1
430 866 1
430 675 1
430 906 1
430 879 1
430 466 1
430 800 1
430 667 1
430 833 1
430 470 1
430 952 1
430 949 1
430 553 1
430 964 1
430 680 1
430 905 1
431 985 1
431 530 1
431 786 1
431 622 1
431 674 1
431 467 1
431 772 1
431 479 1
431 495 1
432 445 1
432 615 1
432 645 1
432 731 1
432 989 1
432 692 1
432 716 1
432 458 1
432 881 1
432 873 1
432 949 1
432 648 1
432 643 1
432 465 1
432 957 1
432 627 1
432 551 1
432 704 1
433 841 1
433 985 1
433 851 1
433 454 1
433 668 1
433 449 1
433 993 1
433 483 1
433 575 1
433 514 1
434 493 1
434 979 1
434 651 1
434 936 1
434 744 1
434 757 1
434 805 1
434 666 1
434 960 1
434 797 1
434 445 1
435 860 1
435 664 1
435 950 1
435 971 1
435 846 1
435 801 1
435 670 1
435 550 1
435 944 1
435 442 1
435 736 1
435 567 1
435 819 1
436 833 1
436 818 1
436 812 1
436 639 1
436 700 1
436 672 1
436 747 1
436 960 1
436 788 1
436 774 1
436 940 1
437 826 1
437 784 1
437 684 1
437 718 1
437 958 1
437 972 1
437 901 1
437 974 1
438 676 1
438 577 1
438 592 1
438 964 1
438 550 1
439 555 1
439 565 1
439 993 1
439 459 1
439 950 1
439 715 1
439 456 1
439 782 1
439 482 1
439 943 1
439 623 1
439 775 1
439 686 1
439 738 1
439 916 1
439 755 1
440 859 1
440 716 1
440 949 1
440 914 1
440 603 1
440 680 1
440 856 1
440 711 1
440 960 1
440 581 1
441 552 1
441 546 1
441 556 1
441 543 1
441 617 1
441 639 1
441 531 1
441 565 1
441 476 1
441 517 1
442 609 1
442 740 1
442 937 1
442 827 1
442 875 1
442 701 1
442 800 1
442 544 1
442 642 1
443 995 1
443 656 1
443 660 1
443 651 1
443 915 1
443 761 1
443 977 1
443 843 1
443 572 1
443 884 1
443 650 1
443 717 1
443 448 1
443 561 1
444 571 1
444 821 1
444 839 1
444 471 1
444 672 1
445 492 1
445 897 1
445 515 1
445 654 1
445 954 1
445 876 1
445 478 1
446 672 1
446 813 1
446 827 1
446 979 1
446 852 1
446 758 1
446 901 1
447 910 1
447 825 1
447 858 1
447 524 1
447 996 1
447 712 1
447 566 1
447 959 1
447 859 1
447 603 1
447 808 1
448 853 1
448 947 1
448 820 1
448 503 1
448 778 1
448 470 1
448 477 1
448 932 1
448 631 1
448 843 1
448 583 1
448 826 1
448 769 1
448 914 1
449 514 1
449 735 1
449 868 1
449 718 1
449 916 1
449 493 1
449 815 1
450 550 1
450 701 1
450 954 1
450 956 1
450 1000 1
450 997 1
450 619 1
450 746 1
450 778 1
450 622 1
450 939 1
450 727 1
450 952 1
450 844 1
450 587 1
451 658 1
451 706 1
451 498 1
451 909 1
451 682 1
451 479 1
452 970 1
452 921 1
452 691 1
452 866 1
452 909 1
452 855 1
452 881 1
452 605 1
452 792 1
452 634 1
452 884 1
452 981 1
452 579 1
452 531 1
452 892 1
453 891 1
453 610 1
453 785 1
453 955 1
453 904 1
453 544 1
453 962 1
453 609 1
454 868 1
454 852 1
454 901 1
454 771 1
454 728 1
454 531 1
454 603 1
454 849 1
454 661 1
454 909 1
454 624 1
454 591 1
455 971 1
455 608 1
455 569 1
455 753 1
455 567 1
455 553 1
455 949 1
455 845 1
455 572 1
455 835 1
456 559 1
456 529 1
456 872 1
456 628 1
456 486 1
456 677 1
456 459 1
456 949 1
456 572 1
456 895 1
456 913 1
457 697 1
457 474 1
457 719 1
457 565 1
457 970 1
457 880 1
457 621 1
457 588 1
458 765 1
458 535 1
458 601 1
458 516 1
458 893 1
458 940 1
458 567 1
458 492 1
459 927 1
459 533 1
459 920 1
459 487 1
459 604 1
459 589 1
459 532 1
460 951 1
460 746 1
460 979 1
460 636 1
460 739 1
460 612 1
460 506 1
460 496 1
460 954 1
460 962 1
460 549 1
460 958 1
460 658 1
460 480 1
461 814 1
461 961 1
461 716 1
461 681 1
461 962 1
461 912 1
462 853 1
462 650 1
462 973 1
462 616 1
462 991 1
462 980 1
462 558 1
462 869 1
462 775 1
462 479 1
463 892 1
463 711 1
463 569 1
463 727 1
463 514 1
463 603 1
463 552 1
463 804 1
463 889 1
463 805 1
463 718 1
463 957 1
463 627 1
464 858 1
464 774 1
464 478 1
464 931 1
464 967 1
464 837 1
464 954 1
464 932 1
464 676 1
464 754 1
465 591 1
465 555 1
465 671 1
465 467 1
465 577 1
465 711 1
465 953 1
465 468 1
465 766 1
465 664 1
465 877 1
465 731 1
465 966 1
465 837 1
465 869 1
465 721 1
465 530 1
465 546 1
466 511 1
466 666 1
466 518 1
466 983 1
466 566 1
466 823 1
466 819 1
466 690 1
466 875 1
466 663 1
466 549 1
466 662 1
467 906 1
467 942 1
467 581 1
467 516 1
467 812 1
467 761 1
467 834 1
467 776 1
467 981 1
467 687 1
468 963 1
468 726 1
468 882 1
468 579 1
468 601 1
468 891 1
468 710 1
468 901 1
468 489 1
468 733 1
468 970 1
468 663 1
469 550 1
469 619 1
469 478 1
469 745 1
469 997 1
469 912 1
469 753 1
469 823 1
469 962 1
470 798 1
470 991 1
470 957 1
470 812 1
470 694 1
471 920 1
471 527 1
471 723 1
471 695 1
471 516 1
471 949 1
471 607 1
471 840 1
471 703 1
471 656 1
471 741 1
471 891 1
471 924 1
471 897 1
471 916 1
472 602 1
472 811 1
472 990 1
472 960 1
472 624 1
472 536 1
472 846 1
472 783 1
472 974 1
473 574 1
473 947 1
473 568 1
473 594 1
473 801 1
473 604 1
473 645 1
473 783 1
474 858 1
474 945 1
474 599 1
474 1000 1
474 583 1
474 576 1
474 624 1
474 507 1
474 989 1
474 782 1
474 547 1
474 740 1
475 597 1
475 730 1
475 965 1
475 736 1
475 767 1
475 614 1
475 946 1
475 992 1
475 608 1
475 947 1
475 669 1
475 546 1
475 567 1
475 968 1
476 477 1
476 664 1
476 804 1
476 756 1
476 507 1
476 626 1
476 991 1
476 791 1
476 502 1
477 482 1
477 713 1
477 909 1
477 664 1
477 943 1
477 878 1
477 732 1
477 964 1
477 745 1
477 989 1
477 504 1
477 990 1
478 687 1
478 509 1
478 639 1
478 967 1
478 914 1
478 837 1
478 858 1
478 981 1
478 802 1
478 857 1
478 549 1
478 717 1
478 554 1
478 853 1
478 962 1
478 824 1
478 581 1
478 896 1
479 692 1
479 549 1
479 737 1
479 536 1
479 825 1
479 909 1
479 742 1
479 878 1
479 866 1
479 828 1
479 865 1
479 678 1
480 946 1
480 692 1
480 686 1
480 861 1
480 860 1
480 953 1
480 573 1
480 555 1
480 905 1
480 741 1
480 708 1
480 777 1
480 586 1
480 599 1
481 678 1
481 979 1
481 828 1
481 784 1
481 662 1
481 921 1
481 622 1
481 804 1
481 909 1
481 988 1
481 987 1
482 678 1
482 650 1
482 536 1
482 807 1
482 867 1
482 565 1
482 865 1
482 862 1
482 859 1
482 928 1
483 566 1
483 909 1
483 656 1
483 519 1
483 742 1
483 620 1
483 681 1
483 731 1
484 887 1
484 928 1
484 537 1
484 545 1
484 604 1
484 785 1
485 841 1
485 758 1
485 538 1
485 715 1
485 717 1
485 780 1
485 720 1
485 684 1
485 503 1
486 887 1
486 490 1
486 922 1
486 746 1
486 608 1
486 529 1
486 760 1
486 825 1
486 879 1
486 723 1
487 548 1
487 704 1
487 979 1
487 927 1
487 984 1
487 546 1
487 809 1
488 810 1
488 830 1
488 620 1
488 768 1
488 781 1
488 980 1
488 893 1
488 937 1
488 869 1
488 572 1
488 813 1
488 533 1
488 699 1
488 493 1
489 765 1
489 522 1
489 503 1
489 963 1
489 567 1
489 721 1
489 912 1
489 768 1
489 758 1
489 888 1
490 566 1
490 687 1
490 796 1
490 864 1
490 725 1
490 641 1
490 876 1
490 666 1
491 752 1
491 996 1
491 878 1
491 570 1
491 843 1
491 824 1
491 695 1
491 713 1
491 686 1
491 965 1
491 618 1
492 877 1
492 822 1
492 574 1
492 590 1
492 882 1
493 990 1
493 512 1
493 700 1
493 944 1
493 561 1
493 665 1
493 687 1
493 889 1
493 891 1
493 794 1
493 637 1
493 915 1
494 802 1
494 876 1
494 596 1
494 819 1
494 887 1
494 709 1
494 541 1
494 874 1
494 918 1
494 625 1
494 767 1
495 699 1
495 546 1
495 831 1
495 735 1
495 727 1
495 974 1
495 597 1
495 627 1
496 819 1
496 700 1
496 584 1
496 725 1
496 610 1
496 706 1
496 987 1
496 517 1
496 614 1
496 773 1
496 619 1
496 646 1
496 572 1
497 849 1
497 772 1
497 561 1
497 689 1
497 957 1
497 784 1
497 518 1
497 562 1
497 634 1
497 848 1
497 778 1
497 982 1
497 787 1
497 757 1
497 820 1
498 583 1
498 499 1
498 999 1
498 983 1
498 573 1
498 848 1
498 984 1
498 713 1
498 671 1
498 846 1
498 744 1
498 915 1
498 658 1
498 765 1
498 512 1
499 736 1
499 592 1
499 666 1
499 512 1
499 878 1
499 874 1
499 783 1
499 595 1
499 832 1
499 644 1
500 693 1
500 612 1
500 786 1
500 681 1
500 633 1
500 758 1
500 808 1
500 734 1
500 671 1
500 920 1
500 930 1
500 639 1
500 675 1
500 626 1
500 806 1
501 851 1
501 759 1
501 591 1
501 583 1
501 666 1
501 895 1
501 568 1
501 508 1
501 662 1
501 538 1
501 687 1
501 525 1
501 985 1
501 924 1
501 770 1
502 594 1
502 1000 1
502 663 1
502 653 1
502 899 1
502 858 1
502 647 1
503 775 1
503 608 1
503 879 1
503 988 1
503 694 1
503 995 1
503 777 1
503 748 1
503 516 1
503 770 1
503 947 1
504 680 1
504 903 1
504 758 1
504 755 1
504 849 1
504 879 1
504 533 1
504 639 1
504 555 1
504 538 1
504 698 1
504 852 1
504 642 1
504 636 1
504 968 1
505 675 1
505 513 1
505 874 1
505 996 1
505 677 1
505 695 1
505 793 1
505 919 1
505 712 1
506 545 1
506 962 1
506 614 1
506 510 1
506 588 1
506 613 1
506 808 1
506 761 1
507 614 1
507 939 1
507 948 1
508 529 1
508 874 1
508 512 1
508 695 1
508 890 1
508 972 1
508 723 1
508 538 1
508 921 1
509 977 1
509 746 1
509 581 1
509 624 1
509 633 1
509 568 1
509 602 1
509 608 1
509 725 1
510 836 1
510 658 1
510 695 1
510 957 1
511 549 1
511 747 1
511 987 1
511 689 1
511 754 1
511 663 1
511 997 1
511 652 1
511 536 1
511 693 1
512 980 1
512 628 1
512 951 1
512 847 1
512 649 1
512 929 1
512 716 1
512 723 1
512 673 1
512 841 1
512 827 1
512 542 1
512 857 1
512 763 1
513 594 1
513 878 1
513 837 1
513 745 1
513 593 1
513 673 1
513 744 1
513 527 1
513 587 1
513 779 1
514 894 1
514 628 1
514 561 1
514 566 1
514 795 1
514 996 1
514 725 1
514 712 1
514 527 1
514 733 1
515 967 1
515 994 1
515 901 1
515 719 1
515 680 1
515 969 1
515 590 1
515 708 1
515 558 1
515 787 1
515 597 1
516 951 1
516 540 1
516 675 1
516 907 1
516 839 1
516 873 1
516 555 1
516 924 1
516 574 1
517 918 1
517 755 1
517 603 1
517 564 1
517 847 1
517 531 1
517 750 1
517 563 1
517 557 1
518 819 1
518 734 1
518 631 1
518 762 1
518 520 1
518 837 1
518 526 1
518 840 1
518 557 1
519 815 1
519 895 1
519 571 1
519 945 1
519 636 1
519 947 1
519 862 1
519 704 1
519 584 1
519 867 1
520 610 1
520 844 1
520 923 1
520 931 1
520 964 1
520 587 1
521 991 1
521 767 1
521 857 1
521 524 1
521 660 1
521 649 1
521 646 1
522 585 1
522 533 1
522 606 1
522 609 1
522 894 1
522 708 1
522 915 1
522 712 1
522 919 1
522 998 1
522 744 1
522 870 1
522 621 1
522 625 1
522 577 1
523 757 1
523 576 1
523 579 1
523 691 1
523 767 1
523 979 1
523 684 1
523 997 1
523 813 1
523 814 1
523 952 1
523 993 1
524 638 1
524 541 1
524 757 1
524 671 1
524 863 1
524 607 1
524 686 1
524 903 1
524 652 1
524 640 1
524 981 1
525 816 1
525 630 1
525 752 1
525 681 1
525 993 1
525 575 1
525 820 1
526 592 1
526 938 1
526 595 1
526 550 1
526 558 1
526 862 1
526 948 1
526 917 1
527 935 1
527 734 1
527 918 1
527 678 1
528 776 1
528 624 1
528 995 1
528 663 1
528 653 1
529 721 1
529 565 1
529 807 1
529 876 1
529 731 1
529 672 1
529 1000 1
529 709 1
530 735 1
530 931 1
530 699 1
530 681 1
530 533 1
530 972 1
530 956 1
530 847 1
530 781 1
530 881 1
530 585 1
531 940 1
531 993 1
531 858 1
531 713 1
531 604 1
531 765 1
531 860 1
531 891 1
531 562 1
531 638 1
532 552 1
532 894 1
532 989 1
532 913 1
532 984 1
532 652 1
533 600 1
533 837 1
533 822 1
533 623 1
533 587 1
533 782 1
533 898 1
533 818 1
533 706 1
533 743 1
533 571 1
533 720 1
534 568 1
534 649 1
534 992 1
534 876 1
534 896 1
534 882 1
534 615 1
534 547 1
534 849 1
534 801 1
535 767 1
535 890 1
535 747 1
535 977 1
535 643 1
535 806 1
536 852 1
536 765 1
536 747 1
536 623 1
536 938 1
536 548 1
536 684 1
536 981 1
536 686 1
536 888 1
536 909 1
536 763 1
537 761 1
537 954 1
537 623 1
537 768 1
538 594 1
538 955 1
538 913 1
538 724 1
538 967 1
538 712 1
538 877 1
538 573 1
538 657 1
538 713 1
539 975 1
539 943 1
539 794 1
539 636 1
539 958 1
539 981 1
539 957 1
539 769 1
539 679 1
540 801 1
540 553 1
540 779 1
540 914 1
540 733 1
540 808 1
540 845 1
541 788 1
541 781 1
541 589 1
541 951 1
541 696 1
541 954 1
541 565 1
541 657 1
541 814 1
541 964 1
541 733 1
541 724 1
541 633 1
542 774 1
542 645 1
542 863 1
542 811 1
542 938 1
542 729 1
542 798 1
543 931 1
543 953 1
543 667 1
543 566 1
543 623 1
543 655 1
543 880 1
543 797 1
543 769 1
543 812 1
543 550 1
543 690 1
543 918 1
544 778 1
544 641 1
544 677 1
544 920 1
544 653 1
544 793 1
544 613 1
544 697 1
544 753 1
544 874 1
544 911 1
544 917 1
544 694 1
544 973 1
545 787 1
545 963 1
545 995 1
545 669 1
545 858 1
545 723 1
545 919 1
545 665 1
545 852 1
545 595 1
545 610 1
545 758 1
545 706 1
546 777 1
546 729 1
546 640 1
546 755 1
546 551 1
546 572 1
546 916 1
547 650 1
547 597 1
547 879 1
547 939 1
547 553 1
547 780 1
547 631 1
547 624 1
548 916 1
548 617 1
548 687 1
548 660 1
548 554 1
548 717 1
548 683 1
548 595 1
548 645 1
549 794 1
549 888 1
549 834 1
549 782 1
549 868 1
549 576 1
549 850 1
549 616 1
549 734 1
549 566 1
549 722 1
550 836 1
550 934 1
550 991 1
550 913 1
550 965 1
550 664 1
550 675 1
550 793 1
550 872 1
550 974 1
550 586 1
551 566 1
551 968 1
551 837 1
551 851 1
551 587 1
551 981 1
551 675 1
551 777 1
551 644 1
551 881 1
552 618 1
552 682 1
552 813 1
552 894 1
552 903 1
552 864 1
552 763 1
553 778 1
553 834 1
553 888 1
553 601 1
553 954 1
553 680 1
554 724 1
554 717 1
554 780 1
554 868 1
554 607 1
554 872 1
554 704 1
554 759 1
554 787 1
554 832 1
554 673 1
554 716 1
555 824 1
555 650 1
555 606 1
555 670 1
555 799 1
556 804 1
556 560 1
556 651 1
556 657 1
556 697 1
556 566 1
556 646 1
556 797 1
556 964 1
556 889 1
556 867 1
556 916 1
557 693 1
557 760 1
557 909 1
557 739 1
557 881 1
557 787 1
557 847 1
557 671 1
557 933 1
557 907 1
557 703 1
557 665 1
557 941 1
558 814 1
558 894 1
558 911 1
558 782 1
558 749 1
558 696 1
558 615 1
558 747 1
558 900 1
558 729 1
558 990 1
558 573 1
558 708 1
558 648 1
558 953 1
558 576 1
558 579 1
558 835 1
559 773 1
559 741 1
559 608 1
559 597 1
559 650 1
559 633 1
559 617 1
560 922 1
560 949 1
560 845 1
560 989 1
560 877 1
560 779 1
560 645 1
561 794 1
561 803 1
561 925 1
561 802 1
561 600 1
561 766 1
561 633 1
561 804 1
561 646 1
561 819 1
561 1000 1
562 679 1
562 869 1
562 962 1
562 937 1
562 752 1
562 816 1
562 584 1
563 622 1
563 988 1
563 895 1
563 735 1
563 655 1
564 617 1
564 818 1
564 636 1
564 925 1
564 658 1
564 764 1
564 722 1
564 976 1
565 808 1
565 872 1
565 988 1
565 689 1
565 742 1
565 766 1
565 848 1
566 897 1
566 858 1
566 840 1
566 889 1
566 625 1
567 876 1
567 819 1
567 569 1
567 692 1
567 765 1
567 652 1
567 741 1
567 716 1
567 939 1
568 855 1
568 939 1
568 972 1
568 826 1
568 881 1
568 968 1
568 662 1
568 647 1
568 995 1
568 804 1
568 888 1
569 762 1
569 939 1
569 609 1
569 744 1
569 667 1
570 665 1
570 800 1
570 906 1
570 986 1
570 831 1
570 647 1
570 974 1
571 883 1
571 933 1
571 852 1
571 947 1
571 991 1
571 662 1
571 758 1
571 696 1
572 961 1
572 645 1
572 811 1
572 591 1
572 713 1
572 897 1
572 941 1
572 651 1
572 635 1
573 955 1
573 754 1
573 864 1
573 614 1
573 934 1
573 849 1
573 979 1
574 964 1
574 873 1
574 782 1
574 677 1
574 636 1
574 917 1
574 712 1
574 970 1
575 949 1
575 864 1
575 936 1
575 624 1
575 602 1
575 777 1
575 756 1
575 633 1
575 652 1
575 592 1
576 979 1
576 667 1
576 842 1
576 669 1
577 649 1
577 801 1
577 893 1
577 926 1
577 778 1
577 910 1
577 942 1
577 975 1
577 625 1
577 862 1
577 636 1
577 784 1
577 832 1
577 634 1
577 997 1
577 660 1
578 751 1
578 697 1
578 918 1
578 822 1
578 868 1
578 632 1
578 823 1
578 624 1
578 677 1
578 885 1
578 782 1
578 608 1
578 870 1
578 812 1
578 869 1
579 646 1
579 703 1
579 806 1
579 849 1
579 725 1
579 690 1
579 670 1
579 900 1
579 664 1
580 606 1
580 965 1
580 936 1
580 923 1
580 609 1
580 625 1
580 871 1
580 712 1
580 721 1
581 726 1
581 583 1
581 874 1
581 868 1
581 988 1
581 933 1
581 995 1
581 822 1
582 957 1
582 626 1
582 969 1
582 687 1
582 882 1
582 850 1
582 936 1
582 821 1
582 982 1
582 710 1
582 799 1
582 878 1
582 635 1
582 763 1
582 621 1
583 671 1
583 817 1
583 915 1
583 870 1
583 812 1
583 850 1
583 758 1
583 772 1
583 976 1
583 919 1
583 725 1
583 917 1
583 756 1
583 719 1
584 915 1
584 742 1
584 849 1
584 973 1
584 686 1
584 718 1
584 754 1
584 759 1
584 688 1
585 950 1
585 592 1
585 876 1
585 883 1
585 660 1
585 804 1
586 975 1
586 707 1
586 771 1
586 952 1
586 867 1
586 970 1
586 816 1
586 865 1
586 742 1
586 654 1
587 644 1
587 761 1
587 841 1
587 918 1
587 739 1
587 885 1
587 816 1
587 616 1
588 660 1
588 618 1
588 772 1
588 742 1
588 717 1
588 628 1
588 730 1
588 783 1
589 685 1
589 590 1
589 730 1
589 990 1
589 954 1
589 595 1
589 620 1
589 853 1
590 967 1
590 716 1
590 870 1
590 879 1
590 618 1
590 655 1
591 928 1
591 844 1
591 691 1
591 872 1
591 699 1
592 963 1
592 849 1
592 643 1
592 777 1
592 682 1
592 838 1
592 596 1
592 972 1
592 748 1
592 721 1
592 714 1
592 831 1
593 1000 1
593 675 1
593 640 1
593 639 1
593 932 1
593 781 1
593 798 1
593 922 1
593 600 1
593 903 1
594 735 1
594 887 1
594 683 1
594 755 1
594 614 1
594 667 1
594 685 1
595 811 1
595 913 1
595 806 1
595 841 1
595 787 1
595 907 1
595 874 1
595 699 1
595 843 1
596 984 1
596 604 1
596 877 1
596 853 1
596 682 1
597 695 1
597 729 1
597 728 1
598 788 1
598 877 1
598 855 1
598 730 1
598 767 1
598 740 1
598 601 1
598 882 1
598 694 1
599 910 1
599 813 1
599 915 1
599 941 1
599 964 1
599 724 1
599 651 1
599 610 1
600 881 1
600 721 1
600 870 1
600 705 1
600 895 1
600 624 1
600 919 1
600 615 1
600 746 1
600 742 1
600 922 1
600 804 1
600 608 1
600 988 1
601 969 1
601 856 1
601 605 1
601 748 1
601 743 1
601 664 1
601 618 1
601 753 1
601 964 1
601 725 1
601 640 1
601 834 1
602 810 1
602 929 1
602 992 1
602 881 1
602 964 1
602 861 1
602 765 1
602 691 1
603 754 1
603 852 1
603 920 1
603 649 1
603 787 1
604 994 1
604 932 1
604 623 1
604 797 1
604 773 1
604 934 1
604 947 1
605 653 1
605 614 1
605 708 1
605 997 1
605 728 1
605 695 1
605 624 1
606 837 1
606 800 1
606 857 1
606 807 1
606 951 1
606 628 1
606 734 1
606 939 1
606 695 1
606 656 1
607 749 1
607 847 1
607 641 1
607 801 1
607 985 1
608 647 1
608 738 1
608 968 1
608 761 1
609 838 1
609 622 1
609 626 1
609 707 1
609 638 1
609 635 1
609 888 1
609 668 1
609 612 1
610 838 1
610 674 1
610 926 1
610 982 1
610 635 1
610 644 1
610 919 1
611 742 1
611 782 1
611 732 1
611 746 1
611 956 1
612 618 1
612 855 1
612 626 1
612 894 1
612 631 1
612 876 1
613 686 1
613 925 1
613 823 1
613 874 1
613 725 1
613 979 1
614 651 1
614 806 1
614 970 1
614 876 1
614 795 1
614 822 1
614 926 1
614 744 1
615 760 1
615 961 1
615 685 1
615 997 1
615 715 1
615 737 1
615 896 1
615 716 1
615 730 1
616 619 1
616 818 1
616 928 1
616 700 1
616 826 1
616 745 1
616 760 1
616 905 1
617 935 1
617 818 1
617 754 1
617 835 1
617 794 1
618 752 1
618 647 1
618 634 1
618 696 1
618 893 1
618 872 1
618 828 1
618 959 1
619 711 1
619 809 1
619 933 1
619 723 1
619 753 1
619 856 1
619 716 1
619 998 1
619 766 1
619 697 1
619 953 1
619 833 1
620 739 1
620 708 1
620 989 1
620 910 1
620 936 1
620 651 1
620 899 1
620 875 1
621 961 1
621 658 1
621 997 1
621 758 1
622 993 1
622 938 1
622 999 1
622 755 1
622 991 1
623 642 1
623 778 1
623 814 1
623 745 1
623 664 1
623 725 1
623 743 1
624 787 1
624 781 1
624 910 1
624 857 1
624 766 1
624 840 1
624 901 1
624 816 1
624 905 1
625 642 1
625 877 1
625 885 1
625 830 1
625 826 1
625 732 1
625 896 1
625 663 1
625 815 1
625 764 1
625 630 1
625 934 1
626 778 1
626 901 1
626 962 1
626 966 1
626 643 1
626 864 1
627 861 1
627 931 1
627 716 1
627 826 1
627 632 1
627 782 1
627 891 1
627 750 1
627 982 1
628 880 1
628 786 1
628 720 1
628 785 1
628 836 1
628 737 1
628 749 1
629 946 1
629 762 1
629 782 1
629 954 1
629 683 1
629 698 1
629 861 1
630 927 1
630 724 1
630 991 1
631 714 1
631 949 1
631 754 1
631 654 1
631 908 1
632 991 1
632 789 1
632 733 1
632 898 1
632 970 1
632 757 1
632 983 1
632 925 1
633 905 1
633 779 1
633 795 1
633 713 1
634 822 1
634 639 1
634 754 1
634 771 1
634 864 1
634 916 1
634 752 1
634 696 1
634 747 1
635 812 1
635 799 1
635 783 1
635 916 1
635 880 1
635 638 1
635 655 1
636 708 1
636 719 1
636 753 1
636 867 1
636 751 1
636 907 1
636 658 1
636 786 1
637 646 1
637 957 1
637 797 1
637 744 1
637 871 1
638 893 1
638 746 1
638 658 1
638 780 1
638 864 1
638 704 1
639 652 1
639 716 1
639 681 1
639 960 1
639 890 1
639 683 1
639 761 1
639 990 1
640 970 1
640 784 1
640 836 1
640 662 1
640 971 1
640 817 1
641 820 1
641 698 1
641 762 1
641 992 1
641 695 1
641 896 1
641 879 1
641 798 1
641 860 1
641 696 1
641 865 1
642 676 1
642 967 1
642 871 1
642 687 1
642 964 1
643 827 1
643 840 1
643 874 1
643 710 1
643 959 1
643 808 1
643 907 1
643 871 1
644 647 1
644 989 1
644 870 1
644 712 1
644 830 1
644 872 1
644 981 1
644 953 1
645 679 1
645 982 1
645 807 1
645 993 1
645 890 1
645 908 1
645 850 1
645 888 1
646 849 1
646 884 1
646 662 1
646 845 1
646 739 1
647 968 1
647 864 1
647 820 1
647 760 1
647 893 1
647 784 1
647 974 1
647 950 1
647 818 1
648 786 1
648 806 1
648 797 1
648 741 1
648 962 1
648 744 1
648 754 1
649 832 1
649 911 1
649 668 1
649 716 1
649 796 1
649 849 1
650 717 1
650 797 1
650 752 1
650 683 1
650 917 1
650 729 1
650 887 1
650 913 1
651 989 1
651 797 1
651 902 1
652 900 1
652 859 1
652 683 1
652 690 1
652 924 1
652 742 1
652 758 1
652 710 1
652 883 1
653 770 1
653 847 1
653 729 1
653 923 1
654 886 1
654 846 1
654 822 1
654 695 1
654 909 1
654 765 1
654 671 1
655 826 1
655 878 1
655 727 1
655 912 1
655 857 1
655 683 1
655 781 1
655 776 1
655 791 1
655 749 1
656 758 1
656 657 1
656 925 1
656 896 1
656 831 1
656 679 1
656 797 1
656 902 1
656 753 1
656 942 1
657 856 1
657 905 1
657 879 1
658 828 1
658 904 1
658 973 1
658 882 1
658 906 1
658 834 1
658 697 1
658 911 1
659 981 1
659 698 1
659 816 1
659 790 1
659 687 1
659 987 1
660 865 1
660 897 1
660 937 1
660 839 1
660 969 1
660 683 1
660 941 1
660 692 1
660 706 1
661 935 1
661 956 1
661 840 1
661 973 1
661 837 1
661 969 1
661 766 1
661 997 1
662 895 1
662 978 1
662 947 1
662 735 1
662 999 1
662 896 1
662 790 1
662 780 1
663 702 1
663 820 1
663 887 1
663 824 1
663 706 1
664 858 1
664 868 1
664 788 1
664 769 1
664 690 1
665 697 1
665 966 1
665 705 1
665 980 1
665 771 1
665 971 1
666 758 1
666 982 1
666 716 1
666 776 1
666 972 1
666 838 1
667 677 1
667 990 1
667 691 1
667 815 1
667 735 1
667 761 1
667 885 1
667 806 1
667 710 1
668 753 1
668 997 1
668 728 1
668 871 1
668 863 1
668 736 1
668 803 1
669 832 1
669 821 1
669 953 1
669 844 1
669 994 1
669 924 1
669 774 1
669 913 1
669 743 1
669 747 1
669 925 1
670 824 1
670 772 1
670 746 1
670 721 1
670 814 1
670 983 1
671 883 1
671 712 1
671 820 1
671 708 1
672 795 1
672 885 1
672 754 1
672 802 1
672 747 1
672 760 1
672 883 1
672 730 1
672 798 1
673 850 1
673 991 1
673 922 1
673 814 1
673 891 1
673 885 1
673 920 1
673 987 1
674 804 1
674 847 1
674 986 1
674 839 1
674 862 1
674 909 1
674 707 1
674 884 1
674 734 1
674 910 1
675 957 1
675 749 1
675 741 1
675 737 1
675 788 1
676 746 1
676 769 1
676 982 1
676 680 1
676 832 1
676 705 1
676 940 1
676 910 1
676 927 1
676 868 1
677 707 1
677 833 1
677 924 1
677 791 1
677 862 1
677 883 1
677 932 1
677 692 1
677 999 1
677 808 1
677 952 1
678 972 1
678 984 1
678 838 1
678 873 1
678 899 1
678 717 1
678 950 1
679 699 1
679 684 1
679 932 1
679 751 1
679 733 1
680 908 1
680 952 1
680 947 1
680 861 1
681 687 1
681 955 1
681 971 1
681 991 1
681 892 1
681 974 1
681 716 1
682 856 1
682 782 1
682 806 1
682 960 1
682 734 1
683 783 1
683 719 1
683 761 1
683 846 1
683 866 1
683 758 1
684 996 1
684 930 1
684 882 1
684 970 1
685 889 1
685 992 1
685 896 1
685 759 1
685 830 1
686 876 1
686 926 1
686 968 1
686 783 1
686 937 1
686 702 1
686 880 1
687 904 1
687 910 1
687 734 1
687 863 1
687 826 1
687 988 1
687 979 1
687 830 1
687 725 1
688 729 1
688 763 1
688 719 1
688 778 1
688 911 1
688 751 1
688 775 1
688 718 1
689 732 1
689 977 1
689 776 1
690 858 1
690 778 1
690 981 1
690 779 1
690 774 1
690 921 1
691 830 1
691 956 1
691 968 1
691 954 1
691 888 1
691 828 1
691 742 1
691 726 1
691 694 1
692 917 1
692 751 1
692 732 1
692 915 1
692 996 1
692 794 1
692 819 1
693 966 1
693 832 1
693 820 1
693 707 1
694 879 1
694 712 1
694 774 1
695 936 1
695 840 1
695 1000 1
695 902 1
696 708 1
696 995 1
696 951 1
696 857 1
696 901 1
696 741 1
696 838 1
696 760 1
696 896 1
697 886 1
697 977 1
697 803 1
697 859 1
697 783 1
698 841 1
698 891 1
698 820 1
698 733 1
698 747 1
699 838 1
699 776 1
699 984 1
699 956 1
699 720 1
699 907 1
699 957 1
699 904 1
699 855 1
699 977 1
699 790 1
700 795 1
700 999 1
700 934 1
700 794 1
700 1000 1
700 924 1
701 809 1
701 759 1
701 878 1
701 968 1
701 900 1
702 910 1
702 714 1
702 911 1
702 776 1
702 704 1
703 818 1
703 941 1
703 880 1
703 852 1
704 984 1
704 892 1
704 868 1
704 737 1
704 864 1
705 852 1
705 762 1
705 937 1
705 850 1
705 971 1
706 808 1
706 825 1
706 767 1
706 730 1
706 712 1
706 924 1
706 868 1
706 969 1
706 734 1
706 866 1
706 774 1
706 851 1
706 894 1
706 981 1
707 877 1
707 846 1
707 918 1
707 746 1
707 888 1
708 883 1
708 742 1
708 973 1
708 880 1
708 942 1
708 877 1
708 745 1
708 783 1
709 924 1
710 743 1
710 713 1
710 732 1
710 860 1
710 931 1
710 785 1
711 718 1
711 712 1
711 839 1
712 997 1
712 881 1
712 772 1
712 746 1
713 905 1
713 852 1
713 877 1
713 723 1
713 728 1
713 897 1
714 812 1
714 796 1
714 852 1
715 751 1
715 966 1
715 938 1
715 848 1
716 951 1
716 878 1
716 895 1
716 964 1
716 814 1
716 717 1
716 942 1
716 791 1
716 815 1
716 987 1
717 846 1
717 785 1
717 719 1
717 991 1
717 737 1
718 800 1
718 960 1
718 919 1
718 887 1
718 798 1
718 873 1
719 757 1
719 987 1
719 988 1
719 812 1
719 861 1
719 871 1
719 932 1
720 988 1
720 929 1
720 1000 1
721 752 1
721 951 1
721 770 1
721 913 1
721 739 1
721 825 1
722 899 1
722 894 1
722 866 1
722 770 1
722 906 1
722 903 1
722 756 1
722 978 1
723 933 1
723 879 1
723 989 1
723 986 1
723 771 1
723 865 1
724 730 1
724 846 1
724 869 1
724 890 1
724 750 1
725 982 1
725 812 1
725 840 1
725 900 1
725 765 1
726 898 1
726 989 1
726 756 1
726 958 1
726 973 1
726 735 1
726 754 1
726 901 1
727 821 1
727 794 1
727 830 1
727 738 1
727 796 1
728 876 1
728 954 1
728 729 1
728 782 1
728 755 1
728 870 1
728 966 1
728 979 1
728 937 1
729 869 1
729 950 1
729 883 1
729 778 1
729 896 1
729 990 1
729 801 1
729 963 1
729 856 1
730 938 1
730 872 1
730 819 1
730 774 1
730 733 1
730 898 1
731 920 1
731 821 1
731 919 1
731 907 1
731 902 1
731 947 1
731 974 1
731 876 1
732 803 1
733 800 1
733 987 1
733 864 1
733 877 1
733 811 1
734 922 1
734 801 1
734 796 1
735 985 1
735 930 1
735 901 1
735 737 1
735 840 1
735 833 1
735 968 1
735 946 1
735 803 1
735 918 1
736 799 1
736 877 1
736 896 1
736 783 1
736 881 1
737 764 1
737 748 1
737 889 1
738 910 1
738 824 1
738 755 1
739 892 1
739 793 1
739 920 1
739 942 1
739 881 1
739 826 1
739 995 1
740 890 1
740 765 1
740 793 1
741 843 1
741 817 1
741 812 1
742 884 1
742 976 1
742 773 1
742 886 1
742 968 1
743 798 1
743 890 1
744 807 1
744 852 1
744 965 1
744 976 1
745 936 1
745 809 1
745 866 1
745 772 1
745 943 1
745 868 1
746 766 1
746 853 1
746 879 1
746 974 1
747 861 1
747 998 1
748 961 1
749 928 1
749 840 1
749 897 1
749 995 1
750 893 1
750 820 1
750 915 1
751 952 1
751 842 1
751 839 1
751 929 1
751 796 1
751 884 1
751 825 1
751 973 1
752 818 1
752 828 1
752 984 1
752 862 1
753 846 1
753 806 1
753 993 1
753 766 1
754 850 1
754 771 1
755 777 1
756 818 1
756 935 1
756 912 1
756 875 1
756 820 1
757 818 1
757 976 1
757 784 1
757 787 1
757 767 1
757 796 1
758 899 1
758 961 1
758 871 1
758 869 1
758 998 1
758 822 1
759 980 1
759 985 1
759 791 1
759 974 1
759 804 1
760 998 1
760 809 1
760 911 1
760 881 1
760 991 1
760 906 1
761 979 1
761 804 1
761 853 1
761 942 1
761 976 1
761 990 1
762 942 1
762 958 1
762 784 1
762 837 1
762 845 1
762 871 1
762 794 1
763 951 1
763 934 1
763 942 1
764 908 1
764 983 1
764 981 1
765 858 1
765 923 1
765 920 1
765 953 1
766 776 1
766 995 1
766 950 1
767 803 1
767 768 1
767 841 1
767 919 1
767 812 1
767 886 1
768 950 1
768 868 1
768 791 1
768 807 1
769 854 1
770 938 1
770 824 1
770 825 1
770 982 1
770 882 1
770 897 1
770 928 1
770 789 1
771 994 1
771 967 1
771 817 1
771 962 1
771 951 1
772 948 1
773 831 1
773 887 1
773 869 1
773 825 1
774 989 1
774 878 1
774 793 1
774 892 1
774 986 1
774 843 1
774 862 1
775 823 1
775 811 1
775 922 1
775 920 1
776 958 1
776 947 1
776 913 1
777 783 1
777 880 1
777 980 1
777 779 1
778 911 1
778 991 1
779 994 1
779 787 1
779 970 1
779 861 1
779 781 1
779 967 1
779 978 1
780 869 1
780 856 1
780 839 1
780 798 1
781 995 1
781 866 1
781 943 1
781 951 1
781 822 1
781 906 1
782 944 1
782 964 1
782 992 1
782 884 1
782 942 1
782 934 1
783 999 1
783 835 1
783 824 1
783 934 1
783 859 1
783 793 1
784 805 1
784 820 1
785 833 1
785 974 1
785 862 1
785 820 1
785 922 1
786 938 1
786 902 1
786 964 1
786 992 1
786 887 1
786 926 1
786 790 1
786 997 1
787 819 1
787 960 1
787 788 1
787 815 1
787 886 1
787 837 1
787 792 1
788 964 1
788 859 1
788 943 1
788 828 1
788 963 1
789 972 1
789 981 1
789 944 1
789 909 1
789 892 1
789 986 1
790 936 1
790 993 1
791 938 1
791 907 1
791 811 1
791 843 1
791 1000 1
791 992 1
791 875 1
791 801 1
792 881 1
792 913 1
792 877 1
793 950 1
793 945 1
794 998 1
794 814 1
794 918 1
794 931 1
794 950 1
795 819 1
795 994 1
796 929 1
797 969 1
797 908 1
797 959 1
797 888 1
798 943 1
799 975 1
799 994 1
799 801 1
800 990 1
800 920 1
800 963 1
801 918 1
801 942 1
801 946 1
801 807 1
801 883 1
801 953 1
801 893 1
801 806 1
802 931 1
802 853 1
802 880 1
802 912 1
803 898 1
803 974 1
803 966 1
803 997 1
803 813 1
803 814 1
803 920 1
804 823 1
804 876 1
804 898 1
804 904 1
804 805 1
804 917 1
804 984 1
805 890 1
805 848 1
806 916 1
806 874 1
806 975 1
806 855 1
806 948 1
806 919 1
806 853 1
806 857 1
806 873 1
807 910 1
807 921 1
807 822 1
807 955 1
807 934 1
808 839 1
808 912 1
808 990 1
808 847 1
808 993 1
808 829 1
809 861 1
809 997 1
809 923 1
810 975 1
810 833 1
810 935 1
811 864 1
811 937 1
812 844 1
812 924 1
812 859 1
812 919 1
813 816 1
813 890 1
814 915 1
814 819 1
815 861 1
815 962 1
815 930 1
815 983 1
816 984 1
816 957 1
816 913 1
816 908 1
816 862 1
816 825 1
816 909 1
817 946 1
818 853 1
818 906 1
818 974 1
818 839 1
818 996 1
818 953 1
819 907 1
819 883 1
819 864 1
819 936 1
820 895 1
820 912 1
820 892 1
820 919 1
820 860 1
821 847 1
821 972 1
822 900 1
822 860 1
822 874 1
823 846 1
823 939 1
823 827 1
823 838 1
824 851 1
824 956 1
824 866 1
824 987 1
825 883 1
825 864 1
826 861 1
826 905 1
826 916 1
827 884 1
828 902 1
828 896 1
828 886 1
828 872 1
828 960 1
829 883 1
829 999 1
829 971 1
829 957 1
829 986 1
830 930 1
830 963 1
830 938 1
830 843 1
831 935 1
831 906 1
831 839 1
832 972 1
832 889 1
832 881 1
833 881 1
834 904 1
834 990 1
835 929 1
835 970 1
836 841 1
836 955 1
836 875 1
836 960 1
837 896 1
837 919 1
837 866 1
838 997 1
838 913 1
838 890 1
838 895 1
838 908 1
839 987 1
839 895 1
839 995 1
839 980 1
840 927 1
840 843 1
841 877 1
841 997 1
841 922 1
841 977 1
841 868 1
843 849 1
843 912 1
843 916 1
843 972 1
843 845 1
843 968 1
844 949 1
844 930 1
844 947 1
845 945 1
845 938 1
845 989 1
845 847 1
845 971 1
846 869 1
846 932 1
846 939 1
846 995 1
846 906 1
847 944 1
848 868 1
848 995 1
848 849 1
849 927 1
849 968 1
849 957 1
850 888 1
850 941 1
850 907 1
850 904 1
851 958 1
851 862 1
851 905 1
851 900 1
851 998 1
852 973 1
852 856 1
852 927 1
853 891 1
854 971 1
854 938 1
854 921 1
855 875 1
855 915 1
855 907 1
856 987 1
856 905 1
857 995 1
857 890 1
857 862 1
858 973 1
858 899 1
859 978 1
859 971 1
860 880 1
860 905 1
860 984 1
861 963 1
861 947 1
861 926 1
861 994 1
862 867 1
862 922 1
863 1000 1
863 889 1
863 888 1
863 920 1
863 964 1
864 956 1
864 993 1
864 885 1
864 927 1
865 996 1
866 944 1
866 998 1
866 916 1
866 890 1
866 883 1
868 874 1
868 885 1
868 956 1
869 974 1
869 909 1
869 977 1
870 881 1
870 931 1
871 990 1
871 917 1
872 961 1
872 974 1
872 908 1
873 874 1
873 934 1
873 960 1
874 912 1
874 913 1
875 910 1
875 961 1
876 979 1
876 922 1
876 994 1
876 913 1
876 908 1
876 988 1
877 941 1
877 985 1
878 916 1
878 895 1
878 943 1
879 919 1
879 966 1
879 991 1
879 880 1
880 923 1
880 897 1
880 997 1
881 913 1
881 950 1
881 966 1
882 890 1
882 913 1
882 981 1
883 917 1
883 966 1
884 895 1
884 945 1
884 904 1
885 950 1
886 938 1
886 910 1
886 954 1
887 909 1
887 953 1
887 965 1
888 1000 1
890 910 1
890 976 1
890 970 1
890 992 1
890 991 1
891 910 1
892 991 1
894 923 1
894 956 1
894 904 1
895 956 1
895 983 1
895 941 1
896 960 1
897 958 1
898 946 1
898 903 1
899 901 1
899 980 1
899 918 1
901 956 1
901 988 1
901 953 1
902 975 1
902 911 1
903 904 1
904 969 1
904 964 1
905 950 1
906 965 1
906 922 1
906 985 1
907 954 1
910 991 1
910 945 1
911 982 1
911 954 1
912 951 1
912 976 1
913 968 1
913 914 1
913 964 1
914 995 1
915 920 1
915 949 1
915 939 1
916 947 1
916 929 1
918 988 1
919 939 1
919 968 1
920 953 1
920 973 1
920 962 1
921 975 1
921 929 1
922 990 1
922 937 1
922 947 1
923 990 1
923 968 1
923 982 1
923 953 1
924 968 1
925 958 1
925 939 1
926 930 1
926 947 1
926 928 1
927 972 1
928 932 1
929 945 1
930 942 1
931 996 1
932 954 1
934 959 1
935 956 1
935 964 1
937 985 1
937 996 1
938 996 1
939 954 1
941 975 1
942 958 1
942 967 1
943 957 1
946 955 1
949 979 1
952 990 1
954 999 1
955 997 1
956 963 1
956 961 1
959 963 1
959 965 1
961 1000 1
962 988 1
963 989 1
963 985 1
966 985 1
967 992 1
968 986 1
968 974 1
969 977 1
969 976 1
973 995 1
976 998 1
977 996 1
981 996 1
982 995 1
982 998 1
988 989 1
989 994 1
999 1000 1
