1000 5916 
1 12 1
1 16 1
1 23 1
1 32 1
1 33 1
1 36 1
1 37 1
1 44 1
1 47 1
1 48 1
1 51 1
1 63 1
1 81 1
1 93 1
1 117 1
1 132 1
1 138 1
1 140 1
1 144 1
1 147 1
1 154 1
1 156 1
1 212 1
1 236 1
1 267 1
1 273 1
1 283 1
1 305 1
1 318 1
1 325 1
1 327 1
1 346 1
1 380 1
1 407 1
1 415 1
1 423 1
1 450 1
1 459 1
1 460 1
1 472 1
1 478 1
1 479 1
1 518 1
1 519 1
1 529 1
1 546 1
1 551 1
1 608 1
1 627 1
1 631 1
1 704 1
1 714 1
1 907 1
1 933 1
1 985 1
1 2 1
1 3 1
1 4 1
1 5 1
1 6 1
1 7 1
1 8 1
1 14 1
1 26 1
1 27 1
1 28 1
1 31 1
1 35 1
1 52 1
1 61 1
1 66 1
1 112 1
1 120 1
1 129 1
1 130 1
1 135 1
1 136 1
1 157 1
1 171 1
1 180 1
1 196 1
1 202 1
1 215 1
1 228 1
1 229 1
1 234 1
1 239 1
1 248 1
1 258 1
1 264 1
1 268 1
1 278 1
1 279 1
1 282 1
1 284 1
1 285 1
1 292 1
1 304 1
1 317 1
1 323 1
1 339 1
1 345 1
1 354 1
1 360 1
1 362 1
1 368 1
1 382 1
1 437 1
1 439 1
1 448 1
1 461 1
1 462 1
1 494 1
1 524 1
1 530 1
1 576 1
1 581 1
1 614 1
1 750 1
1 801 1
1 818 1
1 838 1
1 853 1
1 888 1
1 901 1
1 926 1
1 935 1
1 938 1
1 941 1
1 942 1
2 8 1
2 12 1
2 13 1
2 14 1
2 15 1
2 17 1
2 25 1
2 34 1
2 41 1
2 54 1
2 56 1
2 79 1
2 84 1
2 88 1
2 97 1
2 134 1
2 143 1
2 153 1
2 173 1
2 175 1
2 188 1
2 192 1
2 194 1
2 196 1
2 202 1
2 209 1
2 242 1
2 243 1
2 250 1
2 259 1
2 286 1
2 304 1
2 317 1
2 319 1
2 321 1
2 335 1
2 348 1
2 364 1
2 373 1
2 385 1
2 389 1
2 395 1
2 426 1
2 442 1
2 453 1
2 479 1
2 500 1
2 510 1
2 515 1
2 517 1
2 543 1
2 553 1
2 561 1
2 575 1
2 598 1
2 604 1
2 621 1
2 623 1
2 639 1
2 641 1
2 679 1
2 698 1
2 741 1
2 750 1
2 785 1
2 808 1
2 835 1
2 861 1
2 868 1
2 889 1
2 894 1
2 917 1
2 967 1
2 968 1
2 984 1
2 3 1
2 4 1
2 6 1
2 9 1
2 10 1
2 19 1
2 20 1
2 22 1
2 26 1
2 27 1
2 31 1
2 59 1
2 63 1
2 68 1
2 74 1
2 77 1
2 132 1
2 140 1
2 158 1
2 170 1
2 191 1
2 206 1
2 216 1
2 224 1
2 230 1
2 245 1
2 258 1
2 416 1
2 436 1
2 451 1
2 482 1
2 508 1
2 534 1
2 546 1
2 552 1
2 571 1
2 607 1
2 619 1
2 631 1
2 721 1
2 725 1
2 738 1
2 782 1
2 793 1
2 798 1
2 828 1
2 878 1
2 928 1
2 959 1
2 961 1
3 7 1
3 9 1
3 14 1
3 15 1
3 21 1
3 25 1
3 26 1
3 45 1
3 46 1
3 52 1
3 55 1
3 57 1
3 60 1
3 64 1
3 65 1
3 67 1
3 76 1
3 83 1
3 96 1
3 97 1
3 104 1
3 109 1
3 123 1
3 124 1
3 143 1
3 148 1
3 151 1
3 165 1
3 166 1
3 181 1
3 205 1
3 211 1
3 213 1
3 215 1
3 238 1
3 245 1
3 252 1
3 257 1
3 261 1
3 301 1
3 346 1
3 355 1
3 361 1
3 402 1
3 405 1
3 409 1
3 418 1
3 464 1
3 498 1
3 528 1
3 542 1
3 545 1
3 558 1
3 561 1
3 567 1
3 579 1
3 584 1
3 614 1
3 626 1
3 630 1
3 637 1
3 666 1
3 667 1
3 673 1
3 674 1
3 678 1
3 699 1
3 710 1
3 727 1
3 735 1
3 792 1
3 828 1
3 846 1
3 851 1
3 866 1
3 874 1
3 922 1
3 955 1
3 994 1
3 4 1
3 5 1
3 8 1
3 12 1
3 28 1
3 34 1
3 38 1
3 51 1
3 75 1
3 110 1
3 120 1
3 152 1
3 189 1
3 198 1
3 207 1
3 227 1
3 234 1
3 241 1
3 250 1
3 273 1
3 300 1
3 344 1
3 378 1
3 480 1
3 546 1
3 551 1
3 566 1
3 568 1
3 572 1
3 574 1
3 600 1
3 621 1
3 640 1
3 645 1
3 663 1
3 800 1
3 817 1
3 857 1
3 984 1
4 14 1
4 29 1
4 31 1
4 35 1
4 44 1
4 66 1
4 74 1
4 78 1
4 81 1
4 89 1
4 124 1
4 136 1
4 139 1
4 141 1
4 145 1
4 161 1
4 170 1
4 184 1
4 187 1
4 198 1
4 207 1
4 222 1
4 238 1
4 255 1
4 260 1
4 272 1
4 282 1
4 296 1
4 301 1
4 330 1
4 331 1
4 343 1
4 394 1
4 396 1
4 402 1
4 412 1
4 414 1
4 441 1
4 448 1
4 454 1
4 463 1
4 525 1
4 563 1
4 578 1
4 589 1
4 623 1
4 678 1
4 688 1
4 728 1
4 739 1
4 772 1
4 812 1
4 823 1
4 830 1
4 836 1
4 850 1
4 856 1
4 872 1
4 878 1
4 942 1
4 5 1
4 6 1
4 7 1
4 9 1
4 10 1
4 11 1
4 13 1
4 16 1
4 17 1
4 18 1
4 20 1
4 25 1
4 36 1
4 39 1
4 41 1
4 45 1
4 47 1
4 48 1
4 49 1
4 51 1
4 53 1
4 55 1
4 57 1
4 69 1
4 73 1
4 79 1
4 86 1
4 90 1
4 95 1
4 111 1
4 112 1
4 123 1
4 134 1
4 146 1
4 149 1
4 152 1
4 154 1
4 177 1
4 179 1
4 186 1
4 208 1
4 231 1
4 240 1
4 254 1
4 273 1
4 276 1
4 277 1
4 278 1
4 295 1
4 298 1
4 299 1
4 304 1
4 309 1
4 313 1
4 316 1
4 320 1
4 327 1
4 329 1
4 342 1
4 347 1
4 351 1
4 371 1
4 384 1
4 404 1
4 406 1
4 423 1
4 435 1
4 443 1
4 453 1
4 458 1
4 489 1
4 490 1
4 503 1
4 513 1
4 541 1
4 546 1
4 553 1
4 562 1
4 581 1
4 583 1
4 597 1
4 599 1
4 621 1
4 624 1
4 632 1
4 633 1
4 651 1
4 663 1
4 683 1
4 693 1
4 711 1
4 732 1
4 740 1
4 745 1
4 770 1
4 783 1
4 786 1
4 846 1
4 853 1
4 854 1
4 865 1
4 887 1
4 918 1
4 953 1
4 959 1
4 984 1
4 987 1
4 993 1
5 9 1
5 11 1
5 16 1
5 18 1
5 28 1
5 35 1
5 39 1
5 40 1
5 45 1
5 53 1
5 59 1
5 72 1
5 90 1
5 113 1
5 135 1
5 142 1
5 147 1
5 186 1
5 193 1
5 253 1
5 306 1
5 313 1
5 346 1
5 380 1
5 509 1
5 528 1
5 605 1
5 686 1
5 712 1
5 731 1
5 735 1
5 742 1
5 754 1
5 757 1
5 880 1
5 7 1
5 8 1
5 12 1
5 14 1
5 34 1
5 41 1
5 47 1
5 51 1
5 61 1
5 66 1
5 75 1
5 107 1
5 123 1
5 129 1
5 130 1
5 134 1
5 136 1
5 137 1
5 146 1
5 150 1
5 176 1
5 185 1
5 195 1
5 203 1
5 227 1
5 233 1
5 265 1
5 267 1
5 290 1
5 298 1
5 325 1
5 328 1
5 343 1
5 393 1
5 452 1
5 474 1
5 485 1
5 502 1
5 557 1
5 583 1
5 623 1
5 630 1
5 633 1
5 662 1
5 680 1
5 705 1
5 716 1
5 718 1
5 741 1
5 750 1
5 775 1
5 795 1
5 861 1
5 865 1
5 866 1
5 870 1
5 877 1
5 995 1
6 8 1
6 10 1
6 13 1
6 31 1
6 36 1
6 84 1
6 105 1
6 126 1
6 218 1
6 321 1
6 412 1
6 472 1
6 508 1
6 524 1
6 571 1
6 654 1
6 663 1
6 804 1
6 826 1
6 9 1
6 17 1
6 19 1
6 21 1
6 22 1
6 23 1
6 24 1
6 26 1
6 35 1
6 46 1
6 50 1
6 79 1
6 80 1
6 93 1
6 94 1
6 112 1
6 142 1
6 202 1
6 205 1
6 214 1
6 248 1
6 249 1
6 297 1
6 327 1
6 364 1
6 367 1
6 372 1
6 390 1
6 451 1
6 495 1
6 527 1
6 547 1
6 582 1
6 606 1
6 611 1
6 626 1
6 635 1
6 641 1
6 649 1
6 671 1
6 687 1
6 699 1
6 821 1
6 828 1
6 937 1
7 9 1
7 11 1
7 18 1
7 20 1
7 21 1
7 39 1
7 57 1
7 92 1
7 96 1
7 160 1
7 176 1
7 179 1
7 214 1
7 217 1
7 220 1
7 328 1
7 378 1
7 466 1
7 490 1
7 531 1
7 564 1
7 569 1
7 725 1
7 740 1
7 790 1
7 864 1
7 892 1
7 915 1
7 14 1
7 41 1
7 45 1
7 69 1
7 107 1
7 135 1
7 161 1
7 200 1
7 215 1
7 221 1
7 266 1
7 340 1
7 350 1
7 391 1
7 395 1
7 448 1
7 501 1
7 505 1
7 533 1
7 537 1
7 604 1
7 630 1
7 642 1
7 724 1
7 728 1
7 803 1
7 858 1
7 920 1
7 966 1
8 17 1
8 23 1
8 27 1
8 30 1
8 32 1
8 36 1
8 42 1
8 48 1
8 51 1
8 54 1
8 56 1
8 62 1
8 84 1
8 112 1
8 117 1
8 132 1
8 133 1
8 167 1
8 192 1
8 202 1
8 212 1
8 218 1
8 221 1
8 248 1
8 270 1
8 285 1
8 316 1
8 382 1
8 391 1
8 428 1
8 451 1
8 488 1
8 506 1
8 524 1
8 559 1
8 568 1
8 580 1
8 651 1
8 750 1
8 818 1
8 875 1
8 919 1
8 12 1
8 28 1
8 38 1
8 61 1
8 110 1
8 137 1
8 300 1
8 439 1
8 474 1
8 530 1
8 662 1
8 736 1
8 842 1
9 39 1
9 45 1
9 59 1
9 75 1
9 92 1
9 104 1
9 122 1
9 150 1
9 160 1
9 205 1
9 609 1
9 687 1
9 738 1
9 757 1
9 790 1
9 819 1
9 867 1
9 952 1
9 1000 1
9 10 1
9 11 1
9 15 1
9 17 1
9 19 1
9 21 1
9 40 1
9 42 1
9 63 1
9 68 1
9 73 1
9 74 1
9 83 1
9 98 1
9 100 1
9 117 1
9 124 1
9 126 1
9 142 1
9 155 1
9 162 1
9 164 1
9 169 1
9 174 1
9 179 1
9 188 1
9 220 1
9 230 1
9 232 1
9 244 1
9 252 1
9 293 1
9 320 1
9 376 1
9 389 1
9 396 1
9 409 1
9 411 1
9 458 1
9 504 1
9 513 1
9 561 1
9 599 1
9 605 1
9 638 1
9 641 1
9 696 1
9 706 1
9 726 1
9 802 1
9 850 1
9 871 1
9 904 1
9 940 1
9 969 1
10 19 1
10 24 1
10 34 1
10 79 1
10 105 1
10 152 1
10 153 1
10 169 1
10 175 1
10 185 1
10 210 1
10 223 1
10 254 1
10 264 1
10 304 1
10 344 1
10 356 1
10 357 1
10 369 1
10 384 1
10 412 1
10 433 1
10 445 1
10 515 1
10 540 1
10 571 1
10 607 1
10 663 1
10 746 1
10 751 1
10 771 1
10 800 1
10 804 1
10 809 1
10 810 1
10 11 1
10 13 1
10 15 1
10 18 1
10 20 1
10 37 1
10 49 1
10 53 1
10 58 1
10 60 1
10 62 1
10 74 1
10 77 1
10 95 1
10 119 1
10 122 1
10 139 1
10 159 1
10 165 1
10 170 1
10 211 1
10 243 1
10 247 1
10 374 1
10 418 1
10 450 1
10 468 1
10 534 1
10 542 1
10 721 1
10 725 1
10 726 1
10 732 1
10 770 1
10 839 1
10 878 1
10 906 1
10 927 1
11 18 1
11 20 1
11 29 1
11 43 1
11 49 1
11 111 1
11 118 1
11 176 1
11 179 1
11 193 1
11 206 1
11 230 1
11 268 1
11 278 1
11 279 1
11 312 1
11 313 1
11 322 1
11 328 1
11 400 1
11 496 1
11 512 1
11 531 1
11 591 1
11 635 1
11 694 1
11 725 1
11 737 1
11 888 1
11 892 1
11 13 1
11 15 1
11 16 1
11 37 1
11 40 1
11 72 1
11 73 1
11 98 1
11 105 1
11 122 1
11 139 1
11 144 1
11 164 1
11 188 1
11 220 1
11 330 1
11 348 1
11 356 1
11 359 1
11 392 1
11 404 1
11 418 1
11 489 1
11 522 1
11 528 1
11 575 1
11 751 1
11 882 1
11 891 1
12 17 1
12 23 1
12 27 1
12 30 1
12 41 1
12 85 1
12 108 1
12 167 1
12 180 1
12 191 1
12 311 1
12 317 1
12 353 1
12 375 1
12 407 1
12 435 1
12 478 1
12 497 1
12 517 1
12 529 1
12 549 1
12 627 1
12 794 1
12 928 1
12 34 1
12 150 1
12 189 1
12 300 1
12 343 1
12 502 1
12 639 1
12 662 1
12 736 1
13 19 1
13 22 1
13 24 1
13 50 1
13 77 1
13 107 1
13 121 1
13 126 1
13 127 1
13 232 1
13 264 1
13 321 1
13 395 1
13 456 1
13 508 1
13 526 1
13 654 1
13 692 1
13 746 1
13 810 1
13 813 1
13 860 1
13 939 1
13 991 1
13 16 1
13 18 1
13 25 1
13 32 1
13 36 1
13 37 1
13 39 1
13 43 1
13 54 1
13 58 1
13 65 1
13 71 1
13 92 1
13 102 1
13 105 1
13 114 1
13 116 1
13 144 1
13 159 1
13 160 1
13 182 1
13 194 1
13 210 1
13 211 1
13 254 1
13 257 1
13 301 1
13 305 1
13 319 1
13 322 1
13 335 1
13 370 1
13 375 1
13 379 1
13 386 1
13 422 1
13 435 1
13 450 1
13 523 1
13 570 1
13 596 1
13 608 1
13 620 1
13 695 1
13 707 1
13 739 1
13 806 1
13 819 1
14 15 1
14 26 1
14 52 1
14 55 1
14 124 1
14 187 1
14 245 1
14 292 1
14 295 1
14 343 1
14 370 1
14 493 1
14 510 1
14 566 1
14 602 1
14 623 1
14 649 1
14 683 1
14 772 1
14 778 1
14 822 1
14 824 1
14 836 1
14 850 1
14 135 1
14 180 1
14 660 1
14 728 1
14 810 1
15 25 1
15 26 1
15 38 1
15 46 1
15 82 1
15 83 1
15 94 1
15 99 1
15 149 1
15 166 1
15 194 1
15 216 1
15 233 1
15 246 1
15 249 1
15 297 1
15 323 1
15 360 1
15 376 1
15 410 1
15 485 1
15 510 1
15 544 1
15 648 1
15 671 1
15 808 1
15 815 1
15 846 1
15 874 1
15 923 1
15 935 1
15 40 1
15 72 1
15 100 1
15 122 1
15 356 1
15 359 1
15 522 1
15 834 1
15 998 1
16 28 1
16 35 1
16 37 1
16 44 1
16 53 1
16 63 1
16 71 1
16 78 1
16 90 1
16 114 1
16 140 1
16 190 1
16 253 1
16 299 1
16 308 1
16 393 1
16 414 1
16 448 1
16 449 1
16 465 1
16 535 1
16 576 1
16 754 1
16 834 1
16 36 1
16 48 1
16 102 1
16 105 1
16 111 1
16 116 1
16 149 1
16 160 1
16 183 1
16 187 1
16 194 1
16 316 1
16 489 1
16 492 1
16 509 1
16 559 1
16 596 1
16 632 1
16 867 1
16 873 1
16 882 1
16 947 1
16 979 1
17 41 1
17 54 1
17 85 1
17 102 1
17 196 1
17 270 1
17 681 1
17 709 1
17 799 1
17 21 1
17 23 1
17 42 1
17 44 1
17 56 1
17 79 1
17 96 1
17 99 1
17 124 1
17 155 1
17 236 1
17 306 1
17 349 1
17 390 1
17 426 1
17 433 1
17 599 1
17 611 1
17 658 1
17 892 1
17 916 1
17 963 1
18 40 1
18 58 1
18 69 1
18 115 1
18 118 1
18 155 1
18 176 1
18 201 1
18 230 1
18 240 1
18 277 1
18 290 1
18 349 1
18 363 1
18 408 1
18 490 1
18 557 1
18 581 1
18 635 1
18 653 1
18 693 1
18 723 1
18 747 1
18 938 1
18 983 1
18 25 1
18 32 1
18 43 1
18 49 1
18 62 1
18 65 1
18 119 1
18 138 1
18 141 1
18 159 1
18 175 1
18 177 1
18 213 1
18 237 1
18 247 1
18 260 1
18 305 1
18 365 1
18 405 1
18 410 1
18 422 1
18 442 1
18 457 1
18 510 1
18 542 1
18 610 1
18 670 1
18 715 1
18 824 1
18 890 1
18 912 1
18 924 1
19 24 1
19 34 1
19 50 1
19 88 1
19 121 1
19 158 1
19 162 1
19 210 1
19 226 1
19 373 1
19 467 1
19 533 1
19 600 1
19 610 1
19 636 1
19 891 1
19 949 1
19 971 1
19 22 1
19 63 1
19 80 1
19 83 1
19 103 1
19 117 1
19 133 1
19 193 1
19 287 1
19 465 1
19 619 1
19 641 1
19 712 1
19 748 1
19 815 1
20 29 1
20 136 1
20 139 1
20 338 1
20 420 1
20 486 1
20 892 1
20 95 1
20 693 1
20 878 1
21 104 1
21 150 1
21 160 1
21 200 1
21 217 1
21 262 1
21 284 1
21 438 1
21 505 1
21 513 1
21 597 1
21 619 1
21 666 1
21 736 1
21 789 1
21 883 1
21 23 1
21 24 1
21 29 1
21 33 1
21 42 1
21 44 1
21 46 1
21 50 1
21 56 1
21 70 1
21 88 1
21 91 1
21 93 1
21 96 1
21 101 1
21 128 1
21 142 1
21 151 1
21 156 1
21 162 1
21 232 1
21 249 1
21 253 1
21 270 1
21 281 1
21 310 1
21 363 1
21 377 1
21 381 1
21 394 1
21 397 1
21 398 1
21 400 1
21 432 1
21 433 1
21 444 1
21 527 1
21 544 1
21 556 1
21 625 1
21 643 1
21 647 1
21 694 1
21 696 1
21 699 1
21 744 1
21 761 1
21 787 1
21 792 1
21 837 1
21 859 1
21 897 1
21 900 1
21 969 1
21 1000 1
22 50 1
22 77 1
22 107 1
22 127 1
22 183 1
22 188 1
22 189 1
22 197 1
22 232 1
22 250 1
22 259 1
22 263 1
22 444 1
22 467 1
22 600 1
22 729 1
22 786 1
22 857 1
22 80 1
22 451 1
22 465 1
22 619 1
22 626 1
23 27 1
23 32 1
23 42 1
23 87 1
23 112 1
23 178 1
23 219 1
23 221 1
23 239 1
23 256 1
23 311 1
23 375 1
23 520 1
23 529 1
23 631 1
23 847 1
23 988 1
23 24 1
23 29 1
23 30 1
23 33 1
23 44 1
23 82 1
23 101 1
23 172 1
23 212 1
23 236 1
23 270 1
23 271 1
23 286 1
23 338 1
23 361 1
23 363 1
23 373 1
23 390 1
23 425 1
23 434 1
23 446 1
23 472 1
23 507 1
23 538 1
23 573 1
23 635 1
23 655 1
23 656 1
23 684 1
23 689 1
23 744 1
23 830 1
23 845 1
23 905 1
23 985 1
23 986 1
24 121 1
24 210 1
24 254 1
24 533 1
24 610 1
24 29 1
24 30 1
24 46 1
24 70 1
24 88 1
24 91 1
24 109 1
24 199 1
24 291 1
24 377 1
24 515 1
24 594 1
24 655 1
24 698 1
24 862 1
24 885 1
25 97 1
25 165 1
25 166 1
25 194 1
25 360 1
25 464 1
25 543 1
25 730 1
25 741 1
25 753 1
25 984 1
25 32 1
25 54 1
25 64 1
25 78 1
25 127 1
25 254 1
25 314 1
25 366 1
25 403 1
25 469 1
25 570 1
26 38 1
26 65 1
26 86 1
26 181 1
26 213 1
26 257 1
26 281 1
26 292 1
26 297 1
26 309 1
26 332 1
26 333 1
26 350 1
26 413 1
26 418 1
26 503 1
26 602 1
26 620 1
26 673 1
26 766 1
26 876 1
26 877 1
26 994 1
26 27 1
26 35 1
26 52 1
26 59 1
26 67 1
26 85 1
26 94 1
26 115 1
26 132 1
26 171 1
26 222 1
26 275 1
26 326 1
26 334 1
26 438 1
26 471 1
26 580 1
26 584 1
26 609 1
26 631 1
26 669 1
26 797 1
26 827 1
26 828 1
26 883 1
26 929 1
26 945 1
27 30 1
27 42 1
27 133 1
27 178 1
27 180 1
27 219 1
27 256 1
27 288 1
27 311 1
27 435 1
27 520 1
27 726 1
27 794 1
27 847 1
27 944 1
27 979 1
27 31 1
27 59 1
27 67 1
27 84 1
27 125 1
27 158 1
27 216 1
27 224 1
27 251 1
27 334 1
27 341 1
27 482 1
27 498 1
27 580 1
27 588 1
27 675 1
27 679 1
27 738 1
27 753 1
27 772 1
27 820 1
27 988 1
28 37 1
28 53 1
28 71 1
28 72 1
28 110 1
28 147 1
28 224 1
28 306 1
28 308 1
28 362 1
28 452 1
28 519 1
28 560 1
28 583 1
28 731 1
28 880 1
28 932 1
28 38 1
28 120 1
28 198 1
28 207 1
28 530 1
28 566 1
28 614 1
28 777 1
28 835 1
28 857 1
28 974 1
29 136 1
29 198 1
29 340 1
29 420 1
29 563 1
29 611 1
29 724 1
29 30 1
29 33 1
29 82 1
29 88 1
29 109 1
29 163 1
29 172 1
29 181 1
29 212 1
29 223 1
29 225 1
29 291 1
29 338 1
29 361 1
29 380 1
29 473 1
29 515 1
29 573 1
29 594 1
29 595 1
29 698 1
29 723 1
29 731 1
29 851 1
29 908 1
30 133 1
30 167 1
30 180 1
30 191 1
30 288 1
30 294 1
30 353 1
30 422 1
30 549 1
30 624 1
30 726 1
30 361 1
30 373 1
30 425 1
30 434 1
30 655 1
30 909 1
30 980 1
31 472 1
31 608 1
31 158 1
31 251 1
31 256 1
31 258 1
31 477 1
31 498 1
31 768 1
31 820 1
32 33 1
32 48 1
32 61 1
32 87 1
32 93 1
32 112 1
32 138 1
32 247 1
32 275 1
32 404 1
32 421 1
32 424 1
32 437 1
32 459 1
32 506 1
32 586 1
32 714 1
32 43 1
32 54 1
32 64 1
32 182 1
32 210 1
32 314 1
32 405 1
32 449 1
32 464 1
32 610 1
32 666 1
32 685 1
32 785 1
33 87 1
33 93 1
33 144 1
33 247 1
33 424 1
33 437 1
33 631 1
33 82 1
33 270 1
33 271 1
33 286 1
33 445 1
33 467 1
33 507 1
33 556 1
33 595 1
33 647 1
33 790 1
33 830 1
33 844 1
33 967 1
34 88 1
34 103 1
34 134 1
34 153 1
34 158 1
34 162 1
34 173 1
34 226 1
34 291 1
34 300 1
34 337 1
34 351 1
34 430 1
34 470 1
34 471 1
34 522 1
34 606 1
34 613 1
34 707 1
34 758 1
34 861 1
34 75 1
34 150 1
34 189 1
34 195 1
34 203 1
34 280 1
35 186 1
35 712 1
35 830 1
35 897 1
35 942 1
35 52 1
35 94 1
35 202 1
35 239 1
35 364 1
35 495 1
35 582 1
36 51 1
36 218 1
36 285 1
36 327 1
36 329 1
36 382 1
36 391 1
36 521 1
36 551 1
36 763 1
36 791 1
36 39 1
36 48 1
36 90 1
36 102 1
36 154 1
36 166 1
36 183 1
36 283 1
36 407 1
36 454 1
36 509 1
36 822 1
36 947 1
37 71 1
37 110 1
37 224 1
37 231 1
37 440 1
37 465 1
37 552 1
37 572 1
37 762 1
37 833 1
37 899 1
37 58 1
37 92 1
37 139 1
37 322 1
37 335 1
37 475 1
37 496 1
37 779 1
37 839 1
38 46 1
38 60 1
38 64 1
38 67 1
38 73 1
38 82 1
38 119 1
38 149 1
38 157 1
38 164 1
38 168 1
38 211 1
38 235 1
38 265 1
38 293 1
38 297 1
38 355 1
38 485 1
38 622 1
38 652 1
38 673 1
38 700 1
38 765 1
38 767 1
38 773 1
38 807 1
38 873 1
38 896 1
38 954 1
38 110 1
38 566 1
38 645 1
39 59 1
39 68 1
39 92 1
39 113 1
39 142 1
39 609 1
39 634 1
39 738 1
39 890 1
39 90 1
39 166 1
39 276 1
39 283 1
39 435 1
39 440 1
39 453 1
39 620 1
39 819 1
40 43 1
40 58 1
40 69 1
40 111 1
40 193 1
40 201 1
40 276 1
40 312 1
40 347 1
40 417 1
40 434 1
40 523 1
40 591 1
40 916 1
40 72 1
40 98 1
40 100 1
40 169 1
40 174 1
40 409 1
40 521 1
40 575 1
40 605 1
40 654 1
40 784 1
40 871 1
40 886 1
40 998 1
41 85 1
41 102 1
41 108 1
41 196 1
41 517 1
41 621 1
41 657 1
41 681 1
41 756 1
41 45 1
41 47 1
41 55 1
41 57 1
41 97 1
41 107 1
41 161 1
41 186 1
41 200 1
41 201 1
41 221 1
41 240 1
41 266 1
41 296 1
41 340 1
41 350 1
41 351 1
41 402 1
41 692 1
41 716 1
41 783 1
41 811 1
42 178 1
42 221 1
42 239 1
42 580 1
42 689 1
42 818 1
42 924 1
42 56 1
42 124 1
42 128 1
42 389 1
42 694 1
42 840 1
42 915 1
42 963 1
43 49 1
43 58 1
43 111 1
43 155 1
43 240 1
43 276 1
43 279 1
43 290 1
43 417 1
43 523 1
43 788 1
43 905 1
43 916 1
43 65 1
43 71 1
43 76 1
43 89 1
43 113 1
43 197 1
43 204 1
43 210 1
43 263 1
43 288 1
43 303 1
43 308 1
43 365 1
43 405 1
43 449 1
43 456 1
43 457 1
43 560 1
43 685 1
43 707 1
43 715 1
43 727 1
43 841 1
43 868 1
43 999 1
44 47 1
44 63 1
44 66 1
44 78 1
44 141 1
44 154 1
44 190 1
44 207 1
44 241 1
44 283 1
44 299 1
44 303 1
44 325 1
44 393 1
44 449 1
44 450 1
44 454 1
44 525 1
44 668 1
44 744 1
44 748 1
44 872 1
44 945 1
44 101 1
44 236 1
44 253 1
44 281 1
44 337 1
44 433 1
44 446 1
44 487 1
44 643 1
44 691 1
44 792 1
44 892 1
45 605 1
45 687 1
45 55 1
45 69 1
45 221 1
45 313 1
45 395 1
45 501 1
45 533 1
45 692 1
45 711 1
46 60 1
46 73 1
46 76 1
46 80 1
46 82 1
46 83 1
46 94 1
46 99 1
46 101 1
46 106 1
46 119 1
46 123 1
46 125 1
46 130 1
46 148 1
46 157 1
46 168 1
46 174 1
46 204 1
46 216 1
46 228 1
46 234 1
46 235 1
46 271 1
46 336 1
46 366 1
46 397 1
46 401 1
46 405 1
46 411 1
46 425 1
46 432 1
46 530 1
46 547 1
46 588 1
46 628 1
46 697 1
46 708 1
46 805 1
46 972 1
46 50 1
46 70 1
46 297 1
46 649 1
47 66 1
47 81 1
47 89 1
47 128 1
47 145 1
47 184 1
47 222 1
47 282 1
47 283 1
47 307 1
47 341 1
47 358 1
47 388 1
47 546 1
47 675 1
47 684 1
47 745 1
47 770 1
47 777 1
47 825 1
47 827 1
47 849 1
47 855 1
47 865 1
47 57 1
47 97 1
47 123 1
47 231 1
47 296 1
47 328 1
47 490 1
47 548 1
47 910 1
48 61 1
48 132 1
48 248 1
48 273 1
48 459 1
48 647 1
48 919 1
48 987 1
48 111 1
48 154 1
48 183 1
48 492 1
48 740 1
48 953 1
49 118 1
49 240 1
49 277 1
49 279 1
49 601 1
49 682 1
49 788 1
49 905 1
49 53 1
49 60 1
49 62 1
49 81 1
49 86 1
49 104 1
49 147 1
49 148 1
49 177 1
49 213 1
49 235 1
49 331 1
49 332 1
49 408 1
49 442 1
49 443 1
49 510 1
49 512 1
49 652 1
49 709 1
49 774 1
49 778 1
49 791 1
49 881 1
49 912 1
49 925 1
49 939 1
50 107 1
50 189 1
50 467 1
50 786 1
50 93 1
50 151 1
50 178 1
50 205 1
50 209 1
50 297 1
50 372 1
50 398 1
50 463 1
50 484 1
50 520 1
50 687 1
50 805 1
50 809 1
51 117 1
51 137 1
51 285 1
51 318 1
51 327 1
51 329 1
51 392 1
51 436 1
51 460 1
51 462 1
51 469 1
51 492 1
51 521 1
51 618 1
51 763 1
51 907 1
51 152 1
51 277 1
51 298 1
51 347 1
51 371 1
51 424 1
51 441 1
51 990 1
52 55 1
52 65 1
52 86 1
52 91 1
52 98 1
52 100 1
52 109 1
52 129 1
52 163 1
52 182 1
52 215 1
52 225 1
52 227 1
52 292 1
52 298 1
52 314 1
52 370 1
52 481 1
52 495 1
52 498 1
52 504 1
52 532 1
52 615 1
52 646 1
52 649 1
52 811 1
52 824 1
52 171 1
52 196 1
52 222 1
52 239 1
52 317 1
52 326 1
52 471 1
52 483 1
52 636 1
52 872 1
52 894 1
53 72 1
53 90 1
53 114 1
53 135 1
53 427 1
53 742 1
53 60 1
53 81 1
53 86 1
53 104 1
53 131 1
53 147 1
53 148 1
53 192 1
53 218 1
53 235 1
53 238 1
53 246 1
53 259 1
53 321 1
53 497 1
53 591 1
53 603 1
53 759 1
53 770 1
53 776 1
53 903 1
53 927 1
53 931 1
53 968 1
54 56 1
54 62 1
54 70 1
54 116 1
54 203 1
54 270 1
54 316 1
54 446 1
54 641 1
54 814 1
54 917 1
54 957 1
54 958 1
54 64 1
54 78 1
54 127 1
54 143 1
54 168 1
54 173 1
54 182 1
54 242 1
54 302 1
54 315 1
54 366 1
54 375 1
54 379 1
54 708 1
54 785 1
54 876 1
54 965 1
55 109 1
55 182 1
55 245 1
55 252 1
55 287 1
55 354 1
55 370 1
55 481 1
55 493 1
55 545 1
55 554 1
55 566 1
55 717 1
55 722 1
55 822 1
55 862 1
55 914 1
55 936 1
55 977 1
55 986 1
55 990 1
55 351 1
55 692 1
56 62 1
56 70 1
56 116 1
56 379 1
56 455 1
56 477 1
56 507 1
56 538 1
56 559 1
56 641 1
56 706 1
56 820 1
56 843 1
56 96 1
56 99 1
56 128 1
56 145 1
56 156 1
56 167 1
56 306 1
56 381 1
56 563 1
56 730 1
56 787 1
56 840 1
56 900 1
56 963 1
57 301 1
57 823 1
57 97 1
57 186 1
57 201 1
57 208 1
57 430 1
57 518 1
57 545 1
57 613 1
57 752 1
57 863 1
57 948 1
57 981 1
58 69 1
58 115 1
58 131 1
58 146 1
58 155 1
58 276 1
58 339 1
58 347 1
58 349 1
58 557 1
58 565 1
58 577 1
58 617 1
58 661 1
58 938 1
58 940 1
58 92 1
58 114 1
58 319 1
58 387 1
58 450 1
58 516 1
58 806 1
58 839 1
59 68 1
59 75 1
59 113 1
59 320 1
59 634 1
59 660 1
59 821 1
59 67 1
59 84 1
59 85 1
59 87 1
59 108 1
59 115 1
59 118 1
59 125 1
59 132 1
59 216 1
59 245 1
59 275 1
59 289 1
59 294 1
59 333 1
59 336 1
59 346 1
59 416 1
59 447 1
59 571 1
59 588 1
59 601 1
59 627 1
59 672 1
59 733 1
59 742 1
59 772 1
59 789 1
59 827 1
59 829 1
59 855 1
59 896 1
59 928 1
60 64 1
60 73 1
60 76 1
60 80 1
60 106 1
60 164 1
60 172 1
60 204 1
60 208 1
60 244 1
60 269 1
60 293 1
60 302 1
60 310 1
60 365 1
60 397 1
60 664 1
60 793 1
60 845 1
60 873 1
60 896 1
60 930 1
60 950 1
60 81 1
60 131 1
60 192 1
60 218 1
60 512 1
60 634 1
60 709 1
60 746 1
60 759 1
60 921 1
61 66 1
61 137 1
61 176 1
61 185 1
61 439 1
61 459 1
61 795 1
62 70 1
62 203 1
62 455 1
62 477 1
62 487 1
62 559 1
62 642 1
62 119 1
62 138 1
62 141 1
62 153 1
62 213 1
62 260 1
62 332 1
62 374 1
62 532 1
63 154 1
63 156 1
63 190 1
63 236 1
63 267 1
63 303 1
63 326 1
63 535 1
63 570 1
63 869 1
63 68 1
63 83 1
63 103 1
63 126 1
63 133 1
63 140 1
63 217 1
63 311 1
63 353 1
63 417 1
63 431 1
63 476 1
63 504 1
63 554 1
63 637 1
63 688 1
63 729 1
63 771 1
64 67 1
64 164 1
64 208 1
64 244 1
64 361 1
64 638 1
64 645 1
64 700 1
64 982 1
64 78 1
64 168 1
64 242 1
64 255 1
64 262 1
64 269 1
64 314 1
64 486 1
64 567 1
64 754 1
64 785 1
64 965 1
65 86 1
65 91 1
65 95 1
65 98 1
65 181 1
65 215 1
65 281 1
65 298 1
65 309 1
65 334 1
65 484 1
65 514 1
65 532 1
65 558 1
65 599 1
65 780 1
65 811 1
65 964 1
65 997 1
65 71 1
65 76 1
65 121 1
65 301 1
65 307 1
65 365 1
65 386 1
65 401 1
65 414 1
65 618 1
65 681 1
66 141 1
66 170 1
66 229 1
66 241 1
66 274 1
66 315 1
66 367 1
66 715 1
66 733 1
66 911 1
66 129 1
66 325 1
66 558 1
66 775 1
66 795 1
66 982 1
67 211 1
67 361 1
67 567 1
67 584 1
67 645 1
67 982 1
67 84 1
67 85 1
67 87 1
67 108 1
67 294 1
67 334 1
67 341 1
67 421 1
67 587 1
67 675 1
67 733 1
67 976 1
68 75 1
68 122 1
68 320 1
68 634 1
68 738 1
68 821 1
68 867 1
68 890 1
68 140 1
68 504 1
68 798 1
69 115 1
69 131 1
69 201 1
69 653 1
69 693 1
69 723 1
69 983 1
69 313 1
69 342 1
69 501 1
69 966 1
70 116 1
70 203 1
70 446 1
70 455 1
70 487 1
70 507 1
70 642 1
70 957 1
70 970 1
70 377 1
70 394 1
70 697 1
70 702 1
71 110 1
71 231 1
71 308 1
71 440 1
71 465 1
71 76 1
71 89 1
71 106 1
71 113 1
71 121 1
71 204 1
71 219 1
71 226 1
71 261 1
71 301 1
71 388 1
71 401 1
71 414 1
71 488 1
71 511 1
71 539 1
71 569 1
71 586 1
71 681 1
71 727 1
71 843 1
71 849 1
71 880 1
71 898 1
72 135 1
72 306 1
72 522 1
72 575 1
72 654 1
72 891 1
72 998 1
73 106 1
73 157 1
73 172 1
73 269 1
73 352 1
73 411 1
73 676 1
73 732 1
73 805 1
73 896 1
73 179 1
73 188 1
73 252 1
73 295 1
73 318 1
73 348 1
73 404 1
73 503 1
73 786 1
73 825 1
73 904 1
73 943 1
73 962 1
74 79 1
74 152 1
74 169 1
74 242 1
74 289 1
74 539 1
74 541 1
74 785 1
74 809 1
74 889 1
74 77 1
74 165 1
74 191 1
74 230 1
74 376 1
74 506 1
74 508 1
74 673 1
74 726 1
74 949 1
75 122 1
75 320 1
75 660 1
75 203 1
75 227 1
75 280 1
75 393 1
75 686 1
75 705 1
75 893 1
76 80 1
76 123 1
76 125 1
76 159 1
76 171 1
76 271 1
76 336 1
76 365 1
76 387 1
76 416 1
76 431 1
76 457 1
76 592 1
76 632 1
76 792 1
76 845 1
76 898 1
76 901 1
76 910 1
76 931 1
76 946 1
76 89 1
76 106 1
76 121 1
76 197 1
76 219 1
76 307 1
76 308 1
76 419 1
76 420 1
76 564 1
76 586 1
76 657 1
76 700 1
76 831 1
76 868 1
77 188 1
77 232 1
77 335 1
77 395 1
77 553 1
77 968 1
77 165 1
77 170 1
77 191 1
77 206 1
77 506 1
77 607 1
77 949 1
78 299 1
78 414 1
78 525 1
78 578 1
78 744 1
78 834 1
78 127 1
78 143 1
78 168 1
78 302 1
78 708 1
79 152 1
79 175 1
79 185 1
79 209 1
79 223 1
79 242 1
79 243 1
79 319 1
79 356 1
79 364 1
79 389 1
79 403 1
79 500 1
79 540 1
79 612 1
79 679 1
79 721 1
79 779 1
79 894 1
79 963 1
79 976 1
79 998 1
79 327 1
79 329 1
79 406 1
79 611 1
79 658 1
79 846 1
80 125 1
80 159 1
80 171 1
80 195 1
80 204 1
80 302 1
80 365 1
80 401 1
80 431 1
80 443 1
80 461 1
80 476 1
80 573 1
80 669 1
80 716 1
80 900 1
80 910 1
80 465 1
81 89 1
81 128 1
81 330 1
81 546 1
81 855 1
81 933 1
81 131 1
81 147 1
81 238 1
81 512 1
81 634 1
81 903 1
82 119 1
82 149 1
82 628 1
82 172 1
82 271 1
82 445 1
82 467 1
82 538 1
82 595 1
82 598 1
82 713 1
82 790 1
82 844 1
83 94 1
83 405 1
83 432 1
83 103 1
83 117 1
83 126 1
83 193 1
83 217 1
83 272 1
83 311 1
83 353 1
83 431 1
83 476 1
83 688 1
83 712 1
83 722 1
83 757 1
84 192 1
84 385 1
84 524 1
84 875 1
84 108 1
84 125 1
84 341 1
84 421 1
84 587 1
85 102 1
85 108 1
85 756 1
85 87 1
85 115 1
85 118 1
85 184 1
85 289 1
85 336 1
85 355 1
85 357 1
85 369 1
85 399 1
85 415 1
85 428 1
85 438 1
85 447 1
85 648 1
85 957 1
85 991 1
86 91 1
86 95 1
86 104 1
86 881 1
87 424 1
88 103 1
88 134 1
88 286 1
88 300 1
88 337 1
88 351 1
88 373 1
88 471 1
88 522 1
88 536 1
88 759 1
88 781 1
88 891 1
88 949 1
88 91 1
88 109 1
88 163 1
88 181 1
88 199 1
88 225 1
88 352 1
88 412 1
88 590 1
88 761 1
88 884 1
88 917 1
89 128 1
89 145 1
89 330 1
89 675 1
89 106 1
89 113 1
89 197 1
89 226 1
89 288 1
89 303 1
89 388 1
89 420 1
89 511 1
89 564 1
89 617 1
89 653 1
89 700 1
89 831 1
90 114 1
90 253 1
90 427 1
90 742 1
90 166 1
90 276 1
90 407 1
90 440 1
90 481 1
91 95 1
91 98 1
91 100 1
91 163 1
91 177 1
91 258 1
91 266 1
91 314 1
91 817 1
91 199 1
91 761 1
91 884 1
92 220 1
92 378 1
92 466 1
92 609 1
92 776 1
92 114 1
92 322 1
92 387 1
92 475 1
92 496 1
92 514 1
92 540 1
92 612 1
92 779 1
92 847 1
92 952 1
93 138 1
93 144 1
93 247 1
93 275 1
93 423 1
93 151 1
93 178 1
93 205 1
93 214 1
93 249 1
93 312 1
93 367 1
93 444 1
93 520 1
93 544 1
93 547 1
93 602 1
93 659 1
93 859 1
94 99 1
94 101 1
94 120 1
94 233 1
94 234 1
94 251 1
94 280 1
94 324 1
94 390 1
94 495 1
95 693 1
95 732 1
95 987 1
96 151 1
96 200 1
96 214 1
96 262 1
96 789 1
96 99 1
96 145 1
96 349 1
96 563 1
96 730 1
96 900 1
97 143 1
97 165 1
97 543 1
97 201 1
97 296 1
97 430 1
97 529 1
97 545 1
98 100 1
98 129 1
98 199 1
98 237 1
98 386 1
98 458 1
98 468 1
98 473 1
98 841 1
98 943 1
98 164 1
98 174 1
98 561 1
98 886 1
99 101 1
99 120 1
99 130 1
99 216 1
99 233 1
99 246 1
99 249 1
99 323 1
99 324 1
99 697 1
99 904 1
99 145 1
99 167 1
99 306 1
99 349 1
99 426 1
99 460 1
99 916 1
99 934 1
100 129 1
100 163 1
100 177 1
100 199 1
100 237 1
100 258 1
100 266 1
100 386 1
100 537 1
100 582 1
100 629 1
100 646 1
100 659 1
100 703 1
100 802 1
100 893 1
100 169 1
101 120 1
101 130 1
101 234 1
101 251 1
101 280 1
101 425 1
101 743 1
101 787 1
101 253 1
101 337 1
101 363 1
101 684 1
101 813 1
101 837 1
101 905 1
102 116 1
102 559 1
102 677 1
102 734 1
103 158 1
103 300 1
103 606 1
103 758 1
103 781 1
103 784 1
103 133 1
103 193 1
103 217 1
103 272 1
103 287 1
103 565 1
103 757 1
103 771 1
104 150 1
104 205 1
104 284 1
104 345 1
104 359 1
104 630 1
104 666 1
104 713 1
104 903 1
104 952 1
104 1000 1
104 148 1
104 246 1
104 321 1
104 331 1
104 549 1
104 690 1
104 776 1
104 788 1
104 881 1
104 946 1
105 126 1
105 571 1
105 746 1
105 991 1
105 144 1
105 194 1
105 257 1
105 330 1
105 370 1
105 413 1
105 608 1
105 622 1
105 882 1
106 172 1
106 397 1
106 793 1
106 972 1
106 511 1
106 564 1
106 586 1
106 617 1
106 898 1
107 127 1
107 183 1
107 189 1
107 197 1
107 456 1
107 491 1
107 625 1
107 701 1
107 161 1
107 630 1
107 716 1
108 756 1
108 294 1
108 421 1
108 601 1
109 182 1
109 225 1
109 354 1
109 399 1
109 498 1
109 542 1
109 615 1
109 862 1
109 925 1
109 163 1
109 223 1
109 291 1
109 380 1
109 723 1
109 747 1
109 763 1
109 885 1
110 224 1
110 231 1
110 362 1
110 552 1
110 593 1
110 783 1
110 801 1
110 999 1
111 312 1
111 523 1
111 149 1
111 953 1
112 506 1
112 248 1
112 264 1
112 278 1
112 323 1
112 354 1
112 423 1
112 524 1
112 714 1
112 804 1
112 821 1
112 854 1
113 142 1
113 686 1
113 806 1
113 204 1
113 226 1
113 261 1
113 263 1
113 324 1
113 358 1
113 517 1
113 550 1
113 650 1
113 720 1
113 843 1
113 849 1
114 427 1
114 319 1
114 387 1
114 516 1
115 131 1
115 146 1
115 349 1
115 363 1
115 565 1
115 653 1
115 747 1
115 761 1
115 118 1
115 184 1
115 275 1
115 438 1
115 609 1
115 648 1
115 672 1
116 379 1
116 446 1
116 507 1
116 538 1
116 706 1
116 814 1
116 820 1
116 843 1
116 921 1
116 970 1
116 160 1
116 187 1
116 274 1
116 559 1
116 677 1
116 734 1
117 137 1
117 318 1
117 439 1
117 462 1
117 469 1
117 962 1
117 969 1
117 712 1
118 277 1
118 601 1
118 635 1
118 682 1
118 184 1
118 289 1
118 333 1
118 346 1
118 355 1
118 357 1
118 415 1
118 428 1
118 493 1
118 500 1
118 672 1
118 848 1
118 852 1
118 936 1
118 950 1
119 628 1
119 138 1
119 153 1
119 374 1
119 468 1
119 735 1
119 869 1
120 280 1
120 198 1
120 234 1
120 241 1
120 250 1
120 284 1
120 285 1
120 344 1
120 427 1
120 572 1
120 710 1
120 717 1
120 756 1
120 764 1
120 777 1
120 835 1
120 974 1
120 983 1
121 610 1
121 219 1
121 307 1
121 401 1
121 419 1
121 569 1
121 618 1
122 356 1
122 418 1
122 528 1
122 536 1
122 678 1
122 751 1
122 955 1
123 148 1
123 271 1
123 792 1
123 922 1
123 134 1
123 231 1
123 299 1
123 328 1
123 548 1
123 628 1
123 910 1
124 187 1
124 238 1
124 261 1
124 272 1
124 295 1
124 296 1
124 688 1
124 778 1
124 155 1
124 244 1
124 389 1
124 411 1
125 159 1
125 195 1
125 336 1
125 366 1
125 377 1
125 387 1
125 401 1
125 406 1
125 416 1
125 429 1
125 457 1
125 475 1
125 476 1
125 590 1
125 603 1
125 705 1
125 718 1
125 966 1
125 974 1
126 508 1
126 826 1
126 939 1
126 353 1
126 417 1
127 183 1
127 456 1
127 491 1
127 625 1
127 701 1
127 813 1
127 860 1
127 143 1
127 173 1
127 315 1
127 366 1
127 403 1
127 469 1
127 543 1
127 911 1
128 388 1
128 855 1
128 156 1
128 432 1
128 694 1
128 840 1
128 915 1
129 130 1
129 265 1
129 268 1
129 325 1
129 452 1
129 494 1
129 558 1
129 888 1
129 982 1
130 697 1
130 904 1
130 136 1
130 157 1
130 265 1
130 268 1
130 290 1
130 292 1
130 339 1
130 499 1
130 555 1
130 989 1
130 995 1
131 146 1
131 339 1
131 501 1
131 555 1
131 577 1
131 192 1
131 259 1
131 634 1
131 746 1
132 212 1
132 248 1
132 273 1
132 428 1
132 488 1
132 647 1
132 987 1
132 416 1
132 631 1
132 669 1
132 793 1
132 826 1
132 827 1
132 913 1
133 287 1
133 565 1
133 748 1
133 771 1
133 773 1
134 173 1
134 286 1
134 291 1
134 929 1
134 146 1
134 299 1
134 384 1
134 628 1
135 180 1
135 215 1
135 228 1
135 382 1
135 391 1
135 585 1
135 616 1
135 660 1
135 728 1
135 796 1
135 926 1
135 938 1
135 942 1
136 139 1
136 161 1
136 198 1
136 255 1
136 331 1
136 338 1
136 340 1
136 371 1
136 441 1
136 486 1
136 494 1
136 611 1
136 677 1
136 690 1
136 724 1
136 749 1
136 752 1
136 760 1
136 157 1
136 555 1
136 750 1
136 995 1
137 439 1
137 568 1
137 969 1
137 176 1
137 459 1
137 474 1
137 485 1
138 423 1
138 714 1
138 141 1
138 153 1
138 175 1
138 190 1
138 661 1
138 703 1
138 735 1
138 762 1
138 864 1
138 922 1
139 161 1
139 486 1
139 749 1
139 752 1
140 798 1
141 170 1
141 207 1
141 229 1
141 241 1
141 274 1
141 556 1
141 585 1
141 655 1
141 945 1
141 175 1
141 190 1
141 237 1
141 260 1
141 703 1
142 686 1
142 806 1
142 848 1
142 162 1
142 310 1
142 396 1
142 397 1
142 527 1
143 561 1
143 698 1
143 173 1
143 708 1
144 257 1
144 330 1
144 413 1
145 184 1
145 307 1
145 167 1
145 563 1
145 934 1
146 339 1
146 501 1
146 617 1
146 940 1
146 384 1
146 633 1
146 866 1
147 380 1
147 452 1
147 509 1
147 519 1
147 560 1
147 670 1
147 235 1
147 238 1
147 408 1
147 429 1
147 535 1
147 591 1
147 676 1
147 939 1
147 970 1
148 246 1
148 331 1
148 603 1
149 316 1
149 624 1
149 873 1
150 284 1
150 345 1
150 438 1
150 502 1
150 513 1
150 597 1
150 713 1
150 996 1
150 195 1
150 233 1
150 343 1
150 623 1
150 781 1
150 870 1
151 262 1
151 505 1
151 680 1
151 883 1
151 178 1
151 209 1
151 398 1
151 544 1
151 602 1
152 169 1
152 185 1
152 289 1
152 357 1
152 372 1
152 539 1
152 541 1
152 562 1
152 574 1
152 702 1
152 774 1
152 853 1
152 273 1
152 277 1
152 309 1
152 526 1
152 817 1
152 990 1
153 515 1
153 607 1
153 861 1
153 735 1
153 864 1
154 156 1
154 326 1
154 450 1
154 518 1
154 740 1
155 244 1
155 293 1
155 743 1
156 236 1
156 326 1
156 415 1
156 518 1
156 570 1
156 381 1
156 432 1
157 168 1
157 174 1
157 228 1
157 265 1
157 383 1
157 398 1
157 411 1
157 527 1
157 547 1
157 588 1
157 596 1
157 616 1
157 732 1
157 767 1
157 795 1
157 881 1
157 895 1
157 980 1
157 555 1
158 162 1
158 971 1
158 251 1
158 256 1
158 383 1
158 385 1
158 477 1
158 780 1
159 171 1
159 195 1
159 406 1
159 457 1
159 590 1
159 900 1
159 901 1
159 946 1
159 974 1
159 211 1
159 243 1
159 247 1
159 305 1
159 410 1
159 523 1
159 646 1
160 217 1
160 619 1
160 864 1
160 187 1
160 274 1
160 596 1
160 836 1
161 255 1
161 494 1
161 534 1
161 643 1
161 749 1
161 803 1
161 200 1
161 505 1
162 226 1
162 636 1
162 971 1
162 232 1
162 310 1
162 396 1
162 400 1
162 638 1
163 177 1
163 314 1
163 537 1
163 646 1
163 782 1
163 817 1
163 871 1
163 181 1
163 223 1
163 352 1
163 412 1
163 473 1
163 590 1
163 615 1
163 731 1
163 747 1
164 208 1
164 293 1
164 310 1
164 773 1
164 930 1
164 220 1
164 561 1
164 706 1
165 949 1
166 360 1
166 464 1
166 730 1
166 753 1
166 846 1
166 935 1
166 947 1
166 283 1
166 407 1
166 440 1
166 454 1
166 481 1
167 191 1
167 934 1
168 174 1
168 235 1
168 265 1
168 383 1
168 398 1
168 658 1
168 980 1
168 242 1
168 255 1
168 262 1
168 269 1
168 302 1
168 478 1
168 531 1
168 567 1
168 592 1
168 704 1
169 289 1
169 357 1
169 372 1
169 633 1
169 774 1
169 809 1
169 951 1
169 605 1
170 229 1
170 260 1
170 315 1
170 394 1
170 463 1
170 585 1
170 715 1
170 812 1
170 534 1
171 431 1
171 443 1
171 461 1
171 946 1
171 196 1
171 222 1
171 483 1
172 269 1
172 352 1
172 381 1
172 886 1
172 992 1
172 212 1
172 538 1
172 598 1
172 985 1
173 291 1
173 929 1
173 315 1
173 543 1
173 911 1
174 228 1
174 398 1
174 527 1
174 616 1
174 658 1
174 795 1
174 409 1
174 521 1
174 577 1
174 886 1
175 209 1
175 304 1
175 540 1
175 779 1
175 190 1
175 237 1
175 661 1
175 924 1
175 951 1
176 179 1
176 206 1
176 230 1
176 278 1
176 408 1
176 490 1
176 496 1
176 768 1
176 185 1
176 267 1
176 459 1
176 992 1
177 258 1
177 537 1
177 782 1
177 802 1
177 817 1
177 871 1
177 893 1
177 443 1
177 562 1
177 652 1
177 664 1
177 925 1
177 930 1
178 219 1
178 239 1
178 924 1
178 944 1
178 209 1
179 206 1
179 268 1
179 328 1
179 400 1
179 512 1
179 295 1
179 318 1
179 320 1
179 553 1
179 651 1
179 904 1
179 977 1
180 288 1
180 294 1
180 353 1
180 422 1
180 979 1
180 382 1
180 576 1
180 585 1
180 660 1
180 674 1
180 810 1
180 996 1
181 213 1
181 281 1
181 334 1
181 342 1
181 409 1
181 558 1
181 614 1
181 667 1
181 780 1
181 997 1
181 225 1
181 352 1
182 225 1
182 354 1
182 399 1
182 481 1
182 504 1
182 554 1
182 587 1
182 644 1
182 986 1
182 375 1
182 876 1
183 491 1
183 492 1
183 509 1
183 979 1
184 222 1
184 307 1
184 358 1
184 447 1
184 745 1
184 827 1
184 849 1
184 856 1
184 912 1
184 415 1
185 223 1
185 344 1
185 384 1
185 480 1
185 548 1
185 796 1
185 800 1
185 267 1
185 992 1
186 712 1
186 830 1
186 897 1
186 208 1
186 240 1
186 541 1
186 613 1
186 811 1
186 816 1
187 272 1
187 295 1
187 343 1
187 274 1
187 836 1
188 250 1
188 263 1
188 335 1
188 598 1
188 662 1
188 729 1
188 868 1
188 252 1
188 348 1
188 392 1
188 578 1
189 197 1
189 857 1
190 303 1
190 393 1
190 535 1
190 576 1
190 661 1
190 703 1
190 762 1
190 922 1
190 951 1
191 206 1
191 436 1
191 506 1
191 673 1
192 202 1
192 385 1
192 875 1
192 218 1
192 259 1
193 591 1
194 984 1
194 608 1
195 406 1
195 603 1
195 900 1
195 233 1
195 781 1
196 426 1
196 621 1
196 657 1
196 681 1
196 709 1
196 799 1
196 967 1
196 317 1
196 483 1
197 857 1
197 288 1
197 308 1
197 420 1
197 456 1
197 560 1
197 629 1
197 653 1
197 999 1
198 340 1
198 563 1
198 207 1
198 250 1
198 378 1
198 470 1
198 568 1
198 574 1
198 777 1
198 800 1
199 237 1
199 943 1
200 214 1
200 789 1
200 266 1
200 505 1
200 537 1
200 604 1
200 642 1
200 919 1
201 430 1
201 518 1
201 529 1
201 971 1
201 997 1
202 750 1
202 364 1
203 280 1
204 302 1
204 573 1
204 263 1
204 324 1
204 358 1
204 727 1
204 843 1
204 880 1
205 630 1
205 903 1
205 952 1
205 214 1
205 312 1
205 520 1
205 659 1
205 687 1
205 767 1
205 805 1
205 809 1
206 268 1
206 278 1
206 322 1
206 550 1
206 594 1
206 436 1
206 552 1
206 607 1
206 665 1
207 454 1
207 945 1
207 378 1
207 470 1
207 480 1
207 857 1
208 244 1
208 310 1
208 638 1
208 664 1
208 541 1
208 613 1
208 752 1
209 243 1
209 779 1
210 533 1
210 685 1
210 707 1
211 355 1
211 622 1
211 652 1
211 665 1
211 828 1
211 954 1
211 243 1
211 523 1
211 646 1
212 428 1
212 451 1
212 338 1
212 845 1
213 257 1
213 409 1
213 332 1
213 442 1
213 532 1
213 914 1
214 312 1
214 547 1
214 767 1
214 807 1
215 227 1
215 298 1
215 484 1
215 495 1
215 228 1
215 229 1
215 391 1
215 448 1
215 462 1
215 616 1
215 796 1
216 246 1
216 544 1
216 648 1
216 224 1
216 245 1
216 588 1
216 679 1
216 988 1
217 619 1
217 736 1
217 864 1
217 272 1
217 311 1
217 722 1
218 382 1
218 759 1
219 256 1
219 944 1
219 569 1
220 378 1
220 776 1
220 790 1
220 706 1
221 580 1
221 689 1
221 340 1
221 395 1
221 402 1
221 724 1
221 874 1
222 282 1
222 341 1
222 358 1
222 368 1
222 374 1
222 447 1
222 691 1
222 856 1
222 918 1
222 927 1
222 959 1
222 326 1
223 344 1
223 356 1
223 369 1
223 433 1
223 445 1
223 480 1
223 771 1
223 832 1
223 902 1
223 963 1
223 380 1
223 473 1
223 747 1
223 763 1
223 851 1
224 362 1
224 593 1
224 932 1
224 999 1
224 482 1
224 988 1
225 399 1
225 504 1
225 587 1
226 636 1
226 261 1
226 388 1
226 488 1
226 517 1
226 589 1
227 393 1
227 686 1
227 875 1
227 964 1
228 527 1
228 547 1
228 596 1
228 695 1
228 839 1
228 948 1
228 229 1
228 279 1
228 926 1
228 935 1
229 315 1
229 367 1
229 585 1
229 733 1
229 279 1
230 408 1
230 376 1
230 508 1
231 440 1
231 552 1
231 572 1
231 762 1
231 783 1
231 833 1
231 490 1
231 548 1
231 683 1
232 696 1
233 323 1
233 324 1
233 376 1
233 390 1
233 482 1
233 595 1
233 623 1
233 781 1
234 251 1
234 425 1
234 743 1
234 787 1
234 241 1
234 284 1
234 600 1
235 408 1
235 429 1
235 591 1
235 676 1
235 774 1
235 791 1
235 931 1
236 267 1
236 305 1
236 415 1
236 489 1
236 570 1
236 869 1
236 446 1
237 386 1
237 458 1
237 582 1
237 629 1
237 659 1
237 943 1
237 989 1
237 924 1
238 261 1
238 296 1
238 402 1
238 637 1
238 878 1
238 973 1
238 903 1
239 924 1
240 290 1
240 581 1
240 905 1
240 975 1
240 783 1
240 811 1
240 816 1
241 274 1
241 556 1
241 344 1
241 551 1
241 600 1
241 640 1
241 756 1
242 389 1
242 403 1
242 442 1
242 474 1
242 575 1
242 785 1
242 255 1
242 486 1
242 808 1
242 833 1
242 965 1
243 319 1
243 348 1
243 976 1
244 638 1
244 664 1
244 293 1
244 411 1
244 743 1
244 940 1
245 252 1
245 287 1
245 674 1
245 699 1
245 822 1
245 844 1
245 852 1
245 955 1
245 977 1
245 928 1
246 249 1
246 410 1
246 544 1
246 671 1
246 321 1
246 497 1
246 549 1
246 603 1
246 690 1
247 275 1
247 404 1
247 421 1
247 437 1
247 410 1
247 542 1
248 919 1
248 987 1
248 264 1
248 282 1
248 345 1
248 360 1
248 479 1
248 821 1
249 410 1
249 367 1
249 444 1
249 699 1
250 259 1
250 263 1
250 444 1
250 598 1
250 662 1
250 769 1
250 572 1
250 764 1
251 743 1
251 256 1
251 383 1
251 455 1
251 491 1
251 498 1
251 753 1
251 780 1
251 975 1
252 287 1
252 545 1
252 626 1
252 674 1
252 844 1
252 852 1
253 754 1
253 281 1
253 337 1
253 487 1
253 691 1
253 813 1
253 956 1
254 264 1
254 526 1
254 570 1
255 331 1
255 494 1
255 534 1
255 690 1
255 262 1
255 486 1
255 754 1
255 808 1
255 833 1
255 933 1
256 520 1
256 383 1
256 385 1
256 455 1
256 477 1
256 768 1
256 814 1
256 944 1
257 418 1
257 579 1
257 877 1
257 370 1
257 622 1
258 266 1
258 703 1
258 802 1
259 444 1
260 394 1
260 396 1
260 728 1
261 637 1
261 517 1
262 505 1
262 680 1
262 269 1
262 478 1
263 729 1
263 324 1
264 526 1
264 282 1
264 323 1
264 714 1
265 383 1
265 767 1
265 807 1
265 881 1
265 290 1
265 557 1
265 760 1
265 861 1
265 902 1
266 703 1
266 350 1
266 537 1
266 920 1
266 994 1
267 305 1
267 489 1
267 992 1
268 322 1
268 550 1
268 292 1
268 494 1
268 499 1
269 352 1
269 381 1
269 676 1
269 886 1
269 937 1
269 478 1
269 531 1
269 567 1
269 592 1
270 316 1
270 286 1
270 556 1
270 625 1
270 967 1
271 445 1
271 830 1
272 688 1
272 722 1
272 757 1
273 647 1
273 817 1
274 556 1
274 655 1
274 956 1
274 836 1
275 404 1
275 609 1
276 347 1
276 417 1
276 434 1
276 511 1
277 601 1
277 309 1
277 526 1
277 895 1
277 990 1
278 496 1
278 694 1
278 768 1
278 888 1
278 304 1
278 354 1
278 423 1
278 804 1
278 918 1
279 788 1
279 935 1
281 309 1
281 332 1
281 333 1
281 334 1
281 342 1
281 413 1
281 599 1
281 672 1
281 775 1
281 858 1
281 487 1
281 643 1
281 956 1
282 341 1
282 368 1
282 374 1
282 516 1
282 691 1
282 755 1
282 770 1
282 825 1
282 837 1
282 920 1
282 345 1
282 818 1
283 325 1
283 668 1
284 345 1
284 359 1
284 438 1
284 502 1
284 285 1
284 427 1
284 437 1
284 717 1
284 832 1
285 329 1
285 391 1
285 392 1
285 419 1
285 859 1
285 879 1
285 908 1
285 427 1
285 437 1
285 710 1
285 832 1
286 507 1
287 852 1
287 565 1
287 748 1
287 773 1
287 815 1
288 294 1
288 726 1
288 979 1
288 303 1
288 653 1
288 999 1
289 372 1
289 539 1
289 562 1
289 633 1
289 702 1
289 853 1
289 333 1
289 336 1
289 355 1
289 369 1
289 399 1
289 466 1
289 493 1
289 701 1
289 737 1
289 742 1
290 581 1
290 975 1
290 557 1
290 760 1
291 929 1
291 515 1
291 862 1
291 885 1
292 602 1
292 649 1
292 339 1
292 368 1
292 461 1
292 499 1
292 519 1
292 579 1
292 801 1
292 989 1
293 773 1
293 873 1
293 743 1
293 940 1
294 422 1
294 601 1
294 733 1
295 778 1
295 318 1
295 503 1
295 553 1
295 825 1
295 943 1
295 977 1
296 878 1
296 973 1
297 485 1
297 372 1
297 463 1
297 649 1
297 937 1
298 484 1
298 495 1
298 514 1
298 532 1
298 347 1
298 441 1
298 583 1
298 680 1
299 449 1
299 744 1
299 748 1
299 628 1
300 337 1
300 606 1
300 613 1
300 707 1
300 781 1
300 784 1
300 736 1
300 842 1
301 823 1
301 386 1
301 414 1
302 573 1
304 581 1
305 489 1
305 422 1
306 583 1
306 916 1
307 745 1
307 777 1
307 884 1
307 419 1
307 657 1
308 456 1
308 868 1
309 332 1
309 350 1
309 620 1
309 526 1
309 895 1
310 930 1
310 950 1
310 397 1
310 400 1
311 375 1
311 435 1
311 988 1
311 688 1
311 729 1
311 749 1
311 978 1
312 659 1
312 767 1
312 807 1
313 342 1
313 711 1
315 367 1
315 715 1
315 911 1
315 543 1
316 624 1
316 873 1
317 407 1
317 479 1
317 497 1
317 604 1
317 639 1
317 928 1
318 462 1
318 943 1
318 977 1
319 348 1
319 364 1
319 453 1
319 835 1
319 976 1
319 516 1
319 806 1
320 660 1
320 458 1
320 651 1
320 745 1
320 802 1
321 497 1
321 549 1
321 776 1
321 946 1
321 968 1
322 550 1
322 594 1
322 798 1
322 335 1
322 475 1
322 695 1
322 952 1
323 376 1
323 595 1
323 923 1
323 714 1
324 390 1
324 482 1
324 358 1
324 550 1
325 668 1
325 452 1
325 558 1
325 775 1
326 471 1
326 584 1
326 636 1
326 883 1
326 929 1
327 460 1
327 551 1
327 763 1
327 791 1
327 985 1
327 329 1
328 400 1
328 531 1
328 737 1
328 740 1
329 392 1
329 419 1
329 436 1
329 499 1
329 521 1
329 887 1
329 406 1
330 413 1
331 371 1
331 739 1
331 760 1
332 333 1
332 350 1
332 503 1
332 532 1
332 914 1
333 413 1
333 858 1
333 346 1
333 493 1
333 701 1
333 789 1
333 848 1
334 342 1
334 599 1
334 672 1
334 764 1
334 775 1
334 780 1
334 964 1
334 580 1
335 868 1
335 695 1
336 366 1
336 377 1
336 387 1
336 530 1
336 592 1
336 913 1
336 960 1
336 369 1
336 447 1
336 466 1
336 627 1
336 668 1
336 742 1
336 923 1
336 958 1
337 351 1
337 430 1
337 470 1
337 483 1
337 613 1
337 813 1
338 420 1
338 724 1
338 845 1
339 501 1
339 555 1
339 577 1
339 617 1
339 661 1
339 368 1
339 989 1
340 611 1
340 677 1
340 402 1
341 368 1
341 587 1
341 675 1
341 976 1
342 775 1
343 683 1
343 502 1
343 639 1
343 718 1
343 741 1
343 765 1
343 870 1
344 369 1
344 384 1
344 480 1
344 548 1
344 796 1
344 816 1
344 832 1
344 551 1
344 756 1
345 359 1
345 502 1
345 713 1
345 360 1
345 362 1
345 479 1
345 818 1
346 528 1
346 851 1
346 789 1
346 829 1
346 848 1
346 852 1
346 855 1
346 896 1
347 371 1
347 424 1
347 441 1
347 993 1
348 453 1
348 392 1
348 578 1
349 363 1
349 557 1
349 565 1
349 426 1
349 460 1
349 899 1
350 503 1
350 620 1
350 766 1
350 876 1
350 926 1
351 430 1
351 471 1
351 536 1
352 381 1
352 676 1
352 937 1
352 412 1
353 549 1
353 624 1
353 417 1
353 431 1
353 554 1
353 637 1
354 862 1
354 524 1
354 804 1
355 622 1
355 665 1
355 765 1
355 828 1
355 909 1
355 357 1
355 950 1
356 963 1
356 359 1
356 751 1
356 834 1
357 950 1
358 447 1
358 849 1
358 912 1
358 918 1
358 550 1
358 650 1
358 720 1
359 834 1
360 730 1
360 935 1
360 362 1
360 479 1
360 838 1
361 567 1
361 982 1
361 373 1
361 573 1
361 656 1
362 593 1
362 932 1
362 838 1
362 941 1
363 747 1
363 761 1
363 684 1
363 744 1
363 837 1
364 500 1
364 835 1
365 845 1
365 910 1
365 931 1
365 457 1
366 377 1
366 429 1
366 530 1
366 708 1
366 720 1
366 913 1
366 403 1
367 733 1
367 911 1
368 374 1
368 516 1
368 461 1
368 519 1
368 579 1
369 433 1
369 902 1
369 399 1
369 466 1
369 958 1
370 493 1
370 717 1
370 824 1
370 622 1
371 441 1
371 739 1
371 760 1
371 424 1
371 993 1
372 562 1
372 633 1
372 774 1
372 951 1
372 463 1
372 484 1
372 644 1
373 891 1
373 425 1
373 472 1
373 656 1
373 689 1
373 909 1
373 973 1
373 980 1
374 516 1
374 691 1
374 755 1
374 468 1
374 869 1
374 906 1
375 988 1
375 379 1
375 739 1
375 876 1
376 595 1
376 923 1
377 429 1
377 475 1
377 720 1
377 863 1
377 965 1
377 394 1
377 697 1
377 897 1
378 466 1
378 564 1
378 656 1
378 711 1
378 776 1
378 470 1
378 480 1
378 568 1
379 538 1
379 739 1
380 509 1
380 670 1
380 723 1
380 851 1
381 886 1
381 992 1
381 787 1
382 576 1
382 585 1
382 674 1
382 942 1
383 881 1
383 980 1
383 385 1
383 455 1
383 491 1
383 780 1
384 548 1
384 800 1
384 816 1
386 458 1
386 468 1
386 473 1
386 582 1
387 416 1
387 592 1
387 632 1
387 650 1
387 960 1
388 675 1
388 684 1
388 488 1
388 539 1
388 589 1
389 403 1
389 442 1
389 474 1
389 612 1
389 640 1
389 685 1
389 696 1
389 829 1
389 838 1
389 842 1
389 854 1
389 870 1
389 934 1
390 482 1
390 635 1
391 616 1
392 419 1
392 436 1
392 499 1
392 618 1
392 797 1
392 859 1
392 887 1
392 578 1
393 686 1
393 705 1
393 875 1
393 893 1
393 964 1
394 396 1
394 463 1
394 589 1
394 697 1
394 702 1
394 860 1
394 897 1
395 553 1
395 533 1
395 724 1
395 803 1
395 874 1
396 728 1
396 638 1
397 793 1
397 972 1
398 616 1
398 658 1
399 587 1
399 644 1
400 512 1
401 476 1
401 618 1
402 678 1
402 866 1
403 612 1
403 696 1
403 469 1
404 421 1
404 586 1
404 786 1
404 962 1
405 432 1
405 449 1
405 464 1
405 593 1
405 610 1
405 670 1
405 715 1
405 824 1
405 841 1
406 590 1
406 603 1
406 705 1
406 846 1
407 478 1
407 497 1
407 704 1
407 454 1
407 481 1
407 822 1
407 889 1
408 429 1
408 535 1
408 774 1
408 939 1
409 521 1
409 577 1
409 682 1
409 769 1
409 784 1
409 799 1
411 588 1
411 732 1
411 805 1
411 895 1
411 906 1
412 663 1
412 751 1
412 590 1
412 615 1
412 794 1
413 858 1
414 448 1
414 834 1
414 681 1
415 428 1
415 500 1
415 525 1
415 667 1
415 957 1
416 632 1
416 650 1
416 898 1
416 571 1
416 793 1
416 826 1
417 434 1
417 511 1
417 916 1
417 554 1
418 579 1
418 877 1
418 528 1
418 536 1
418 678 1
418 823 1
419 859 1
419 879 1
419 657 1
421 586 1
423 854 1
423 887 1
423 918 1
425 787 1
425 434 1
425 472 1
425 909 1
425 973 1
425 986 1
426 799 1
426 967 1
426 460 1
426 899 1
427 710 1
427 717 1
427 832 1
428 451 1
428 488 1
428 651 1
428 840 1
428 500 1
428 525 1
428 667 1
428 758 1
428 879 1
428 936 1
428 957 1
429 475 1
429 720 1
429 863 1
429 965 1
429 535 1
429 676 1
429 970 1
430 470 1
430 483 1
430 518 1
430 529 1
430 545 1
430 863 1
430 948 1
430 971 1
430 997 1
431 443 1
431 476 1
431 637 1
433 445 1
433 902 1
433 792 1
433 892 1
434 511 1
435 794 1
435 453 1
435 620 1
436 499 1
436 618 1
436 797 1
436 552 1
436 665 1
438 513 1
438 648 1
438 991 1
439 568 1
439 969 1
440 572 1
442 474 1
442 575 1
442 640 1
442 685 1
442 953 1
442 510 1
443 461 1
443 669 1
443 716 1
443 562 1
443 597 1
443 652 1
443 664 1
443 719 1
443 930 1
444 859 1
445 771 1
445 467 1
445 713 1
446 814 1
446 957 1
446 958 1
447 912 1
447 918 1
447 927 1
447 627 1
447 668 1
448 462 1
448 901 1
449 464 1
449 593 1
449 666 1
451 626 1
452 560 1
454 822 1
454 889 1
455 477 1
455 487 1
455 491 1
455 975 1
456 813 1
456 560 1
456 629 1
457 901 1
458 468 1
458 513 1
458 745 1
458 802 1
458 850 1
460 907 1
460 985 1
460 899 1
461 669 1
461 519 1
461 801 1
462 469 1
462 492 1
462 734 1
462 882 1
462 962 1
462 901 1
463 589 1
463 484 1
463 644 1
463 812 1
464 593 1
464 666 1
466 564 1
466 569 1
466 656 1
466 719 1
466 831 1
466 958 1
467 600 1
467 786 1
467 713 1
467 790 1
468 473 1
468 841 1
468 869 1
468 906 1
469 492 1
469 734 1
469 882 1
469 962 1
470 483 1
471 522 1
471 536 1
471 759 1
471 584 1
471 636 1
471 872 1
471 894 1
471 945 1
472 608 1
472 973 1
472 986 1
473 841 1
473 731 1
473 908 1
474 640 1
474 829 1
474 838 1
474 953 1
474 978 1
474 995 1
474 485 1
475 496 1
475 514 1
475 540 1
475 612 1
475 952 1
475 972 1
477 768 1
477 814 1
477 944 1
478 704 1
478 531 1
479 604 1
480 832 1
481 554 1
482 738 1
482 961 1
484 514 1
484 644 1
484 812 1
486 754 1
486 808 1
487 642 1
487 691 1
487 956 1
488 651 1
488 840 1
488 539 1
488 589 1
489 632 1
489 867 1
490 683 1
491 625 1
491 975 1
492 734 1
493 566 1
493 717 1
493 722 1
493 914 1
493 936 1
493 990 1
493 701 1
493 737 1
494 534 1
494 643 1
494 690 1
494 803 1
494 888 1
495 582 1
495 606 1
495 671 1
495 766 1
496 694 1
496 768 1
496 514 1
496 779 1
497 928 1
497 968 1
498 542 1
498 615 1
498 727 1
498 925 1
498 753 1
498 820 1
499 887 1
500 679 1
500 721 1
500 525 1
500 758 1
500 936 1
501 555 1
501 966 1
502 639 1
502 718 1
503 876 1
503 825 1
505 680 1
505 883 1
506 673 1
507 706 1
507 970 1
508 654 1
508 692 1
508 826 1
508 939 1
509 670 1
509 947 1
509 979 1
510 808 1
510 912 1
511 617 1
512 709 1
512 778 1
513 597 1
513 996 1
514 540 1
514 847 1
514 856 1
514 972 1
515 607 1
515 594 1
515 862 1
518 971 1
519 579 1
520 847 1
521 577 1
521 682 1
521 769 1
521 784 1
522 759 1
522 891 1
523 646 1
525 578 1
525 872 1
525 667 1
525 758 1
525 879 1
526 895 1
527 596 1
527 695 1
527 795 1
528 735 1
528 851 1
528 536 1
528 823 1
529 627 1
530 708 1
530 913 1
530 614 1
531 725 1
531 737 1
531 740 1
531 592 1
531 704 1
532 811 1
532 914 1
534 643 1
534 721 1
534 782 1
535 576 1
535 970 1
536 678 1
536 823 1
536 955 1
537 782 1
537 893 1
537 604 1
537 920 1
537 994 1
538 843 1
538 921 1
538 598 1
538 985 1
539 541 1
539 574 1
539 853 1
540 612 1
540 847 1
540 856 1
540 972 1
541 574 1
542 727 1
542 925 1
543 741 1
543 911 1
544 648 1
544 671 1
544 815 1
544 602 1
545 626 1
545 863 1
546 933 1
546 621 1
546 959 1
548 796 1
548 816 1
548 910 1
549 624 1
549 690 1
549 788 1
549 946 1
550 594 1
550 798 1
550 650 1
552 762 1
552 783 1
552 801 1
552 665 1
553 968 1
554 986 1
556 655 1
556 956 1
556 625 1
556 647 1
556 967 1
557 938 1
557 760 1
557 861 1
557 902 1
558 614 1
558 710 1
558 997 1
558 982 1
559 677 1
560 629 1
561 698 1
562 702 1
562 597 1
562 664 1
562 719 1
562 755 1
563 730 1
564 569 1
564 656 1
564 711 1
564 719 1
564 885 1
564 915 1
564 700 1
565 773 1
566 645 1
567 584 1
568 574 1
569 915 1
570 869 1
572 833 1
572 899 1
572 764 1
574 800 1
575 654 1
577 661 1
577 682 1
577 799 1
580 818 1
581 975 1
581 853 1
582 629 1
582 606 1
582 766 1
583 731 1
583 680 1
583 865 1
584 883 1
584 945 1
585 674 1
585 996 1
586 898 1
587 644 1
587 976 1
588 895 1
588 906 1
588 981 1
588 679 1
588 772 1
590 974 1
590 615 1
590 794 1
591 931 1
592 960 1
592 704 1
593 999 1
594 798 1
594 698 1
595 844 1
596 695 1
596 839 1
597 996 1
597 719 1
597 755 1
597 932 1
597 960 1
598 662 1
598 769 1
598 961 1
599 672 1
599 764 1
600 640 1
601 682 1
603 705 1
603 718 1
604 639 1
604 642 1
604 919 1
605 687 1
605 757 1
605 871 1
606 707 1
606 758 1
606 671 1
606 766 1
609 819 1
610 670 1
610 890 1
611 677 1
611 658 1
612 696 1
613 752 1
613 981 1
614 667 1
614 710 1
615 794 1
616 796 1
617 940 1
618 797 1
619 736 1
620 766 1
620 926 1
620 819 1
621 657 1
621 663 1
622 652 1
622 665 1
622 765 1
622 909 1
623 772 1
625 701 1
627 668 1
627 923 1
629 659 1
629 989 1
630 903 1
631 669 1
631 797 1
631 907 1
631 913 1
632 650 1
632 898 1
632 867 1
633 866 1
634 821 1
634 890 1
634 746 1
634 921 1
636 872 1
640 685 1
640 829 1
640 842 1
640 854 1
640 870 1
640 953 1
640 978 1
640 995 1
641 917 1
642 919 1
643 803 1
644 812 1
645 700 1
648 815 1
648 991 1
649 937 1
650 720 1
651 840 1
652 954 1
652 925 1
653 693 1
654 692 1
655 956 1
656 711 1
656 719 1
656 831 1
656 885 1
656 993 1
656 689 1
659 989 1
660 810 1
661 762 1
661 951 1
662 769 1
662 961 1
663 751 1
663 804 1
663 984 1
664 930 1
667 879 1
668 923 1
669 716 1
669 797 1
669 907 1
669 913 1
669 954 1
670 890 1
672 764 1
673 994 1
674 699 1
674 844 1
674 996 1
675 684 1
676 937 1
677 734 1
678 866 1
678 955 1
679 721 1
679 894 1
679 998 1
681 709 1
682 769 1
682 799 1
683 850 1
684 905 1
685 842 1
686 806 1
686 848 1
686 875 1
687 805 1
688 729 1
688 749 1
690 788 1
691 755 1
691 837 1
693 723 1
693 987 1
694 888 1
694 915 1
695 839 1
695 948 1
696 969 1
696 1000 1
697 904 1
697 702 1
697 860 1
699 955 1
700 831 1
701 737 1
702 860 1
703 922 1
705 718 1
705 966 1
705 893 1
706 820 1
709 778 1
712 897 1
715 824 1
715 841 1
717 722 1
718 966 1
718 741 1
718 765 1
718 877 1
719 831 1
719 885 1
719 993 1
719 755 1
719 932 1
720 863 1
721 725 1
721 782 1
722 914 1
723 983 1
724 803 1
724 858 1
724 874 1
727 880 1
729 749 1
729 978 1
730 753 1
730 947 1
731 880 1
731 908 1
734 882 1
735 864 1
736 842 1
738 867 1
738 961 1
741 765 1
741 877 1
744 748 1
745 777 1
745 827 1
745 884 1
746 810 1
746 991 1
746 921 1
747 761 1
747 763 1
748 815 1
749 752 1
749 978 1
752 981 1
753 947 1
755 837 1
755 932 1
755 960 1
761 884 1
761 917 1
763 791 1
765 909 1
766 926 1
767 807 1
768 814 1
769 961 1
770 825 1
770 865 1
770 920 1
770 941 1
770 927 1
772 836 1
774 951 1
774 791 1
777 884 1
777 835 1
780 964 1
781 784 1
782 871 1
783 801 1
785 889 1
786 962 1
789 829 1
792 922 1
793 826 1
797 907 1
797 954 1
802 850 1
803 858 1
805 809 1
806 848 1
808 833 1
808 933 1
811 816 1
813 860 1
814 958 1
814 944 1
822 977 1
822 889 1
825 865 1
825 920 1
825 941 1
829 838 1
829 870 1
829 934 1
829 978 1
829 855 1
830 942 1
833 899 1
833 933 1
835 974 1
835 983 1
838 941 1
839 948 1
842 854 1
843 921 1
843 849 1
846 874 1
847 856 1
848 852 1
854 887 1
855 896 1
859 879 1
859 908 1
861 902 1
863 965 1
863 948 1
865 941 1
870 934 1
872 894 1
875 964 1
878 973 1
879 908 1
883 929 1
884 917 1
885 993 1
886 992 1
891 949 1
894 998 1
895 906 1
895 981 1
906 981 1
907 954 1
909 980 1
910 931 1
914 936 1
918 927 1
918 959 1
920 994 1
926 938 1
927 959 1
930 950 1
932 960 1
936 990 1
952 1000 1
969 1000 1
971 997 1
974 983 1
978 995 1
